     90.66038   1.50933376E-016
     90.95735   3.11334427E-016
     91.25432   6.34408530E-016
     91.55129   1.27730643E-015
     91.84825   2.54148834E-015
     92.14522   4.99838094E-015
     92.44219   9.71848641E-015
     92.73916   1.86841956E-014
     93.03612   3.55249723E-014
     93.33309   6.68116813E-014
     93.63006   1.24309635E-013
     93.92702   2.28856925E-013
     94.22399   4.16967391E-013
     94.52096   7.51951007E-013
     94.81793   1.34244303E-012
     95.11489   2.37295398E-012
     95.41186   4.15371798E-012
     95.70883   7.20120065E-012
     96.00580   1.23668159E-011
     96.30276   2.10406783E-011
     96.59973   3.54709762E-011
     96.89670   5.92597447E-011
     97.19366   9.81251395E-011
     97.49063   1.61062455E-010
     97.78760   2.62096075E-010
     98.08457   4.22898936E-010
     98.38153   6.76673700E-010
     98.67850   1.07385208E-009
     98.97547   1.69039038E-009
     99.27243   2.63973902E-009
     99.56940   4.08996481E-009
     99.86637   6.28803670E-009
    100.16334   9.59398357E-009
    100.46030   1.45285391E-008
    100.75727   2.18390560E-008
    101.05424   3.25899580E-008
    101.35121   4.82858715E-008
    101.64817   7.10379206E-008
    101.94514   1.03786560E-007
    102.24211   1.50597861E-007
    102.53907   2.17054442E-007
    102.83604   3.10767383E-007
    103.13301   4.42041524E-007
    103.42998   6.24733687E-007
    103.72694   8.77351619E-007
    104.02391   1.22445091E-006
    104.32088   1.69839780E-006
    104.61785   2.34157781E-006
    104.91481   3.20914312E-006
    105.21178   4.37240602E-006
    105.50875   5.92300081E-006
    105.80571   7.97795246E-006
    106.10268   1.06858067E-005
    106.39965   1.42339922E-005
    106.69662   1.88576017E-005
    106.99358   2.48497927E-005
    107.29055   3.25740227E-005
    107.58752   4.24783419E-005
    107.88448   5.51119758E-005
    108.18145   7.11444299E-005
    108.47842   9.13873485E-005
    108.77539   1.16819349E-004
    109.07235   1.48614037E-004
    109.36932   1.88171388E-004
    109.66629   2.37152642E-004
    109.96326   2.97518818E-004
    110.26022   3.71572916E-004
    110.55719   4.62005789E-004
    110.85416   5.71945626E-004
    111.15112   7.05010885E-004
    111.44809   8.65366438E-004
    111.74506   1.05778260E-003
    112.04203   1.28769658E-003
    112.33899   1.56127588E-003
    112.63596   1.88548291E-003
    112.93293   2.26814010E-003
    113.22990   2.71799470E-003
    113.52686   3.24478225E-003
    113.82383   3.85928770E-003
    114.12080   4.57340303E-003
    114.41776   5.40018028E-003
    114.71473   6.35387862E-003
    115.01170   7.45000434E-003
    115.30867   8.70534235E-003
    115.60563   1.01379781E-002
    115.90260   1.17673088E-002
    116.19957   1.36140420E-002
    116.49654   1.57001824E-002
    116.79350   1.80490033E-002
    117.09047   2.06850046E-002
    117.38744   2.36338546E-002
    117.68440   2.69223167E-002
    117.98137   3.05781601E-002
    118.27834   3.46300546E-002
    118.57531   3.91074494E-002
    118.87227   4.40404379E-002
    119.16924   4.94596070E-002
    119.46621   5.53958740E-002
    119.76317   6.18803105E-002
    120.06014   6.89439561E-002
    120.35711   7.66176236E-002
    120.65408   8.49316954E-002
    120.95104   9.39159167E-002
    121.24801   1.03599184E-001
    121.54498   1.14009333E-001
    121.84195   1.25172928E-001
    122.13891   1.37115056E-001
    122.43588   1.49859127E-001
    122.73285   1.63426677E-001
    123.02981   1.77837189E-001
    123.32678   1.93107924E-001
    123.62375   2.09253764E-001
    123.92072   2.26287075E-001
    124.21768   2.44217581E-001
    124.51465   2.63052266E-001
    124.81162   2.82795291E-001
    125.10859   3.03447932E-001
    125.40555   3.25008539E-001
    125.70252   3.47472518E-001
    125.99949   3.70832337E-001
    126.29645   3.95077549E-001
    126.59342   4.20194837E-001
    126.89039   4.46168081E-001
    127.18736   4.72978443E-001
    127.48432   5.00604470E-001
    127.78129   5.29022212E-001
    128.07826   5.58205357E-001
    128.37523   5.88125378E-001
    128.67219   6.18751689E-001
    128.96916   6.50051815E-001
    129.26613   6.81991564E-001
    129.56309   7.14535208E-001
    129.86006   7.47645667E-001
    130.15703   7.81284690E-001
    130.45400   8.15413040E-001
    130.75096   8.49990676E-001
    131.04793   8.84976931E-001
    131.34490   9.20330679E-001
    131.64186   9.56010504E-001
    131.93883   9.91974857E-001
    132.23580   1.02818220E+000
    132.53277   1.06459114E+000
    132.82973   1.10116057E+000
    133.12670   1.13784977E+000
    133.42367   1.17461851E+000
    133.72064   1.21142715E+000
    134.01760   1.24823674E+000
    134.31457   1.28500903E+000
    134.61154   1.32170661E+000
    134.90850   1.35829290E+000
    135.20547   1.39473220E+000
    135.50244   1.43098974E+000
    135.79941   1.46703168E+000
    136.09637   1.50282515E+000
    136.39334   1.53833824E+000
    136.69031   1.57353999E+000
    136.98728   1.60840045E+000
    137.28424   1.64289059E+000
    137.58121   1.67698237E+000
    137.87818   1.71064869E+000
    138.17514   1.74386339E+000
    138.47211   1.77660126E+000
    138.76908   1.80883799E+000
    139.06605   1.84055022E+000
    139.36301   1.87171549E+000
    139.65998   1.90231225E+000
    139.95695   1.93231988E+000
    140.25391   1.96171867E+000
    140.55088   1.99048983E+000
    140.84785   2.01861550E+000
    141.14482   2.04607878E+000
    141.44178   2.07286372E+000
    141.73875   2.09895534E+000
    142.03572   2.12433967E+000
    142.33269   2.14900375E+000
    142.62965   2.17293565E+000
    142.92662   2.19612453E+000
    143.22359   2.21856062E+000
    143.52055   2.24023525E+000
    143.81752   2.26114092E+000
    144.11449   2.28127125E+000
    144.41146   2.30062108E+000
    144.70842   2.31918641E+000
    145.00539   2.33696450E+000
    145.30236   2.35395380E+000
    145.59933   2.37015402E+000
    145.89629   2.38556613E+000
    146.19326   2.40019233E+000
    146.49023   2.41403608E+000
    146.78719   2.42710210E+000
    147.08416   2.43939631E+000
    147.38113   2.45092587E+000
    147.67810   2.46169914E+000
    147.97506   2.47172566E+000
    148.27203   2.48101609E+000
    148.56900   2.48958222E+000
    148.86597   2.49743692E+000
    149.16293   2.50459405E+000
    149.45990   2.51106850E+000
    149.75687   2.51687607E+000
    150.05383   2.52203341E+000
    150.35080   2.52655804E+000
    150.64777   2.53046819E+000
    150.94474   2.53378284E+000
    151.24170   2.53652154E+000
    151.53867   2.53870447E+000
    151.83564   2.54035226E+000
    152.13260   2.54148601E+000
    152.42957   2.54212716E+000
    152.72654   2.54229745E+000
    153.02351   2.54201888E+000
    153.32047   2.54131358E+000
    153.61744   2.54020379E+000
    153.91441   2.53871179E+000
    154.21138   2.53685986E+000
    154.50834   2.53467015E+000
    154.80531   2.53216472E+000
    155.10228   2.52936540E+000
    155.39924   2.52629381E+000
    155.69621   2.52297127E+000
    155.99318   2.51941875E+000
    156.29015   2.51565687E+000
    156.58711   2.51170583E+000
    156.88408   2.50758539E+000
    157.18105   2.50331485E+000
    157.47802   2.49891298E+000
    157.77498   2.49439806E+000
    158.07195   2.48978782E+000
    158.36892   2.48509943E+000
    158.66588   2.48034949E+000
    158.96285   2.47555404E+000
    159.25982   2.47072852E+000
    159.55679   2.46588781E+000
    159.85375   2.46104618E+000
    160.15072   2.45621733E+000
    160.44769   2.45141438E+000
    160.74466   2.44664990E+000
    161.04162   2.44193589E+000
    161.33859   2.43728379E+000
    161.63556   2.43270453E+000
    161.93252   2.42820851E+000
    162.22949   2.42380563E+000
    162.52646   2.41950532E+000
    162.82343   2.41531652E+000
    163.12039   2.41124774E+000
    163.41736   2.40730707E+000
    163.71433   2.40350217E+000
    164.01129   2.39984034E+000
    164.30826   2.39632849E+000
    164.60523   2.39297321E+000
    164.90220   2.38978075E+000
    165.19916   2.38675705E+000
    165.49613   2.38390778E+000
    165.79310   2.38123833E+000
    166.09007   2.37875383E+000
    166.38703   2.37645921E+000
    166.68400   2.37435916E+000
    166.98097   2.37245816E+000
    167.27793   2.37076053E+000
    167.57490   2.36927039E+000
    167.87187   2.36799172E+000
    168.16884   2.36692833E+000
    168.46580   2.36608390E+000
    168.76277   2.36546199E+000
    169.05974   2.36506600E+000
    169.35671   2.36489923E+000
    169.65367   2.36496489E+000
    169.95064   2.36526604E+000
    170.24761   2.36580566E+000
    170.54457   2.36658660E+000
    170.84154   2.36761164E+000
    171.13851   2.36888342E+000
    171.43548   2.37040450E+000
    171.73244   2.37217732E+000
    172.02941   2.37420419E+000
    172.32638   2.37648735E+000
    172.62335   2.37902887E+000
    172.92031   2.38183072E+000
    173.21728   2.38489475E+000
    173.51425   2.38822263E+000
    173.81121   2.39181593E+000
    174.10818   2.39567603E+000
    174.40515   2.39980417E+000
    174.70212   2.40420142E+000
    174.99908   2.40886866E+000
    175.29605   2.41380658E+000
    175.59302   2.41901570E+000
    175.88998   2.42449630E+000
    176.18695   2.43024848E+000
    176.48392   2.43627210E+000
    176.78089   2.44256679E+000
    177.07785   2.44913193E+000
    177.37482   2.45596668E+000
    177.67179   2.46306992E+000
    177.96876   2.47044029E+000
    178.26572   2.47807612E+000
    178.56269   2.48597551E+000
    178.85966   2.49413624E+000
    179.15662   2.50255582E+000
    179.45359   2.51123146E+000
    179.75056   2.52016007E+000
    180.04753   2.52933825E+000
    180.34449   2.53876232E+000
    180.64146   2.54842825E+000
    180.93843   2.55833173E+000
    181.23540   2.56846813E+000
    181.53236   2.57883249E+000
    181.82933   2.58941955E+000
    182.12630   2.60022374E+000
    182.42326   2.61123917E+000
    182.72023   2.62245964E+000
    183.01720   2.63387864E+000
    183.31417   2.64548938E+000
    183.61113   2.65728473E+000
    183.90810   2.66925731E+000
    184.20507   2.68139942E+000
    184.50203   2.69370308E+000
    184.79900   2.70616007E+000
    185.09597   2.71876185E+000
    185.39294   2.73149966E+000
    185.68990   2.74436447E+000
    185.98687   2.75734702E+000
    186.28384   2.77043782E+000
    186.58081   2.78362716E+000
    186.87777   2.79690510E+000
    187.17474   2.81026154E+000
    187.47171   2.82368616E+000
    187.76867   2.83716849E+000
    188.06564   2.85069789E+000
    188.36261   2.86426358E+000
    188.65958   2.87785463E+000
    188.95654   2.89146001E+000
    189.25351   2.90506858E+000
    189.55048   2.91866910E+000
    189.84745   2.93225025E+000
    190.14441   2.94580066E+000
    190.44138   2.95930890E+000
    190.73835   2.97276353E+000
    191.03531   2.98615305E+000
    191.33228   2.99946600E+000
    191.62925   3.01269090E+000
    191.92622   3.02581631E+000
    192.22318   3.03883081E+000
    192.52015   3.05172307E+000
    192.81712   3.06448179E+000
    193.11409   3.07709578E+000
    193.41105   3.08955392E+000
    193.70802   3.10184524E+000
    194.00499   3.11395885E+000
    194.30195   3.12588402E+000
    194.59892   3.13761016E+000
    194.89589   3.14912685E+000
    195.19286   3.16042384E+000
    195.48982   3.17149106E+000
    195.78679   3.18231863E+000
    196.08376   3.19289691E+000
    196.38072   3.20321643E+000
    196.67769   3.21326799E+000
    196.97466   3.22304260E+000
    197.27163   3.23253153E+000
    197.56859   3.24172629E+000
    197.86556   3.25061868E+000
    198.16253   3.25920075E+000
    198.45950   3.26746483E+000
    198.75646   3.27540354E+000
    199.05343   3.28300978E+000
    199.35040   3.29027676E+000
    199.64736   3.29719798E+000
    199.94433   3.30376726E+000
    200.24130   3.30997871E+000
    200.53827   3.31582678E+000
    200.83523   3.32130620E+000
    201.13220   3.32641205E+000
    201.42917   3.33113973E+000
    201.72614   3.33548495E+000
    202.02310   3.33944374E+000
    202.32007   3.34301248E+000
    202.61704   3.34618784E+000
    202.91400   3.34896684E+000
    203.21097   3.35134683E+000
    203.50794   3.35332545E+000
    203.80491   3.35490070E+000
    204.10187   3.35607086E+000
    204.39884   3.35683456E+000
    204.69581   3.35719073E+000
    204.99278   3.35713861E+000
    205.28974   3.35667775E+000
    205.58671   3.35580800E+000
    205.88368   3.35452951E+000
    206.18064   3.35284275E+000
    206.47761   3.35074843E+000
    206.77458   3.34824758E+000
    207.07155   3.34534152E+000
    207.36851   3.34203181E+000
    207.66548   3.33832030E+000
    207.96245   3.33420910E+000
    208.25941   3.32970058E+000
    208.55638   3.32479735E+000
    208.85335   3.31950226E+000
    209.15032   3.31381843E+000
    209.44728   3.30774915E+000
    209.74425   3.30129800E+000
    210.04122   3.29446872E+000
    210.33819   3.28726530E+000
    210.63515   3.27969189E+000
    210.93212   3.27175288E+000
    211.22909   3.26345280E+000
    211.52605   3.25479640E+000
    211.82302   3.24578856E+000
    212.11999   3.23643436E+000
    212.41696   3.22673902E+000
    212.71392   3.21670790E+000
    213.01089   3.20634652E+000
    213.30786   3.19566051E+000
    213.60483   3.18465565E+000
    213.90179   3.17333782E+000
    214.19876   3.16171302E+000
    214.49573   3.14978735E+000
    214.79269   3.13756700E+000
    215.08966   3.12505826E+000
    215.38663   3.11226749E+000
    215.68360   3.09920115E+000
    215.98056   3.08586572E+000
    216.27753   3.07226779E+000
    216.57450   3.05841397E+000
    216.87146   3.04431094E+000
    217.16843   3.02996540E+000
    217.46540   3.01538411E+000
    217.76237   3.00057383E+000
    218.05933   2.98554136E+000
    218.35630   2.97029352E+000
    218.65327   2.95483712E+000
    218.95024   2.93917899E+000
    219.24720   2.92332596E+000
    219.54417   2.90728484E+000
    219.84114   2.89106245E+000
    220.13810   2.87466558E+000
    220.43507   2.85810099E+000
    220.73204   2.84137543E+000
    221.02901   2.82449562E+000
    221.32597   2.80746822E+000
    221.62294   2.79029989E+000
    221.91991   2.77299720E+000
    222.21688   2.75556672E+000
    222.51384   2.73801494E+000
    222.81081   2.72034829E+000
    223.10778   2.70257316E+000
    223.40474   2.68469587E+000
    223.70171   2.66672268E+000
    223.99868   2.64865977E+000
    224.29565   2.63051326E+000
    224.59261   2.61228919E+000
    224.88958   2.59399354E+000
    225.18655   2.57563218E+000
    225.48352   2.55721094E+000
    225.78048   2.53873552E+000
    226.07745   2.52021159E+000
    226.37442   2.50164468E+000
    226.67138   2.48304026E+000
    226.96835   2.46440372E+000
    227.26532   2.44574033E+000
    227.56229   2.42705529E+000
    227.85925   2.40835369E+000
    228.15622   2.38964054E+000
    228.45319   2.37092074E+000
    228.75015   2.35219910E+000
    229.04712   2.33348035E+000
    229.34409   2.31476908E+000
    229.64106   2.29606982E+000
    229.93802   2.27738698E+000
    230.23499   2.25872489E+000
    230.53196   2.24008776E+000
    230.82893   2.22147970E+000
    231.12589   2.20290474E+000
    231.42286   2.18436679E+000
    231.71983   2.16586968E+000
    232.01679   2.14741712E+000
    232.31376   2.12901274E+000
    232.61073   2.11066005E+000
    232.90770   2.09236249E+000
    233.20466   2.07412336E+000
    233.50163   2.05594592E+000
    233.79860   2.03783327E+000
    234.09557   2.01978847E+000
    234.39253   2.00181446E+000
    234.68950   1.98391407E+000
    234.98647   1.96609007E+000
    235.28343   1.94834510E+000
    235.58040   1.93068175E+000
    235.87737   1.91310249E+000
    236.17434   1.89560970E+000
    236.47130   1.87820569E+000
    236.76827   1.86089267E+000
    237.06524   1.84367276E+000
    237.36221   1.82654801E+000
    237.65917   1.80952036E+000
    237.95614   1.79259170E+000
    238.25311   1.77576381E+000
    238.55007   1.75903840E+000
    238.84704   1.74241711E+000
    239.14401   1.72590149E+000
    239.44098   1.70949303E+000
    239.73794   1.69319311E+000
    240.03491   1.67700307E+000
    240.33188   1.66092417E+000
    240.62884   1.64495759E+000
    240.92581   1.62910444E+000
    241.22278   1.61336578E+000
    241.51975   1.59774258E+000
    241.81671   1.58223576E+000
    242.11368   1.56684617E+000
    242.41065   1.55157459E+000
    242.70762   1.53642175E+000
    243.00458   1.52138832E+000
    243.30155   1.50647490E+000
    243.59852   1.49168205E+000
    243.89548   1.47701025E+000
    244.19245   1.46245995E+000
    244.48942   1.44803153E+000
    244.78639   1.43372532E+000
    245.08335   1.41954162E+000
    245.38032   1.40548065E+000
    245.67729   1.39154260E+000
    245.97426   1.37772762E+000
    246.27122   1.36403578E+000
    246.56819   1.35046716E+000
    246.86516   1.33702174E+000
    247.16212   1.32369951E+000
    247.45909   1.31050038E+000
    247.75606   1.29742425E+000
    248.05303   1.28447096E+000
    248.34999   1.27164033E+000
    248.64696   1.25893212E+000
    248.94393   1.24634610E+000
    249.24089   1.23388196E+000
    249.53786   1.22153939E+000
    249.83483   1.20931803E+000
    250.13180   1.19721750E+000
    250.42876   1.18523738E+000
    250.72573   1.17337725E+000
    251.02270   1.16163663E+000
    251.31967   1.15001503E+000
    251.61663   1.13851194E+000
    251.91360   1.12712682E+000
    252.21057   1.11585911E+000
    252.50753   1.10470822E+000
    252.80450   1.09367355E+000
    253.10147   1.08275448E+000
    253.39844   1.07195036E+000
    253.69540   1.06126053E+000
    253.99237   1.05068432E+000
    254.28934   1.04022102E+000
    254.58631   1.02986994E+000
    254.88327   1.01963034E+000
    255.18024   1.00950149E+000
    255.47721   9.99482636E-001
    255.77417   9.89573012E-001
    256.07114   9.79771844E-001
    256.36811   9.70078343E-001
    256.66508   9.60491714E-001
    256.96204   9.51011149E-001
    257.25901   9.41635832E-001
    257.55598   9.32364939E-001
    257.85295   9.23197637E-001
    258.14991   9.14133089E-001
    258.44688   9.05170448E-001
    258.74385   8.96308862E-001
    259.04081   8.87547475E-001
    259.33778   8.78885424E-001
    259.63475   8.70321844E-001
    259.93172   8.61855863E-001
    260.22868   8.53486609E-001
    260.52565   8.45213205E-001
    260.82262   8.37034772E-001
    261.11958   8.28950430E-001
    261.41655   8.20959296E-001
    261.71352   8.13060487E-001
    262.01049   8.05253118E-001
    262.30745   7.97536306E-001
    262.60442   7.89909165E-001
    262.90139   7.82370812E-001
    263.19836   7.74920363E-001
    263.49532   7.67556937E-001
    263.79229   7.60279653E-001
    264.08926   7.53087631E-001
    264.38622   7.45979996E-001
    264.68319   7.38955871E-001
    264.98016   7.32014387E-001
    265.27713   7.25154672E-001
    265.57409   7.18375862E-001
    265.87106   7.11677095E-001
    266.16803   7.05057510E-001
    266.46500   6.98516254E-001
    266.76196   6.92052475E-001
    267.05893   6.85665327E-001
    267.35590   6.79353968E-001
    267.65286   6.73117559E-001
    267.94983   6.66955269E-001
    268.24680   6.60866270E-001
    268.54377   6.54849738E-001
    268.84073   6.48904858E-001
    269.13770   6.43030818E-001
    269.43467   6.37226810E-001
    269.73164   6.31492036E-001
    270.02860   6.25825699E-001
    270.32557   6.20227013E-001
    270.62254   6.14695194E-001
    270.91950   6.09229466E-001
    271.21647   6.03829059E-001
    271.51344   5.98493209E-001
    271.81041   5.93221159E-001
    272.10737   5.88012159E-001
    272.40434   5.82865463E-001
    272.70131   5.77780335E-001
    272.99827   5.72756044E-001
    273.29524   5.67791865E-001
    273.59221   5.62887081E-001
    273.88918   5.58040982E-001
    274.18614   5.53252864E-001
    274.48311   5.48522030E-001
    274.78008   5.43847790E-001
    275.07705   5.39229462E-001
    275.37401   5.34666370E-001
    275.67098   5.30157845E-001
    275.96795   5.25703224E-001
    276.26491   5.21301853E-001
    276.56188   5.16953084E-001
    276.85885   5.12656277E-001
    277.15582   5.08410796E-001
    277.45278   5.04216015E-001
    277.74975   5.00071314E-001
    278.04672   4.95976081E-001
    278.34369   4.91929708E-001
    278.64065   4.87931598E-001
    278.93762   4.83981157E-001
    279.23459   4.80077800E-001
    279.53155   4.76220949E-001
    279.82852   4.72410033E-001
    280.12549   4.68644485E-001
    280.42246   4.64923749E-001
    280.71942   4.61247272E-001
    281.01639   4.57614510E-001
    281.31336   4.54024925E-001
    281.61033   4.50477986E-001
    281.90729   4.46973168E-001
    282.20426   4.43509951E-001
    282.50123   4.40087826E-001
    282.79819   4.36706285E-001
    283.09516   4.33364830E-001
    283.39213   4.30062968E-001
    283.68910   4.26800213E-001
    283.98606   4.23576084E-001
    284.28303   4.20390108E-001
    284.58000   4.17241816E-001
    284.87696   4.14130747E-001
    285.17393   4.11056445E-001
    285.47090   4.08018459E-001
    285.76787   4.05016347E-001
    286.06483   4.02049670E-001
    286.36180   3.99117995E-001
    286.65877   3.96220895E-001
    286.95574   3.93357951E-001
    287.25270   3.90528746E-001
    287.54967   3.87732872E-001
    287.84664   3.84969922E-001
    288.14360   3.82239499E-001
    288.44057   3.79541210E-001
    288.73754   3.76874665E-001
    289.03451   3.74239482E-001
    289.33147   3.71635283E-001
    289.62844   3.69061696E-001
    289.92541   3.66518353E-001
    290.22238   3.64004892E-001
    290.51934   3.61520954E-001
    290.81631   3.59066187E-001
    291.11328   3.56640243E-001
    291.41024   3.54242779E-001
    291.70721   3.51873457E-001
    292.00418   3.49531942E-001
    292.30115   3.47217906E-001
    292.59811   3.44931023E-001
    292.89508   3.42670974E-001
    293.19205   3.40437442E-001
    293.48901   3.38230116E-001
    293.78598   3.36048689E-001
    294.08295   3.33892857E-001
    294.37992   3.31762321E-001
    294.67688   3.29656788E-001
    294.97385   3.27575965E-001
    295.27082   3.25519567E-001
    295.56779   3.23487311E-001
    295.86475   3.21478917E-001
    296.16172   3.19494110E-001
    296.45869   3.17532619E-001
    296.75565   3.15594177E-001
    297.05262   3.13678519E-001
    297.34959   3.11785384E-001
    297.64656   3.09914517E-001
    297.94352   3.08065663E-001
    298.24049   3.06238573E-001
    298.53746   3.04433000E-001
    298.83443   3.02648701E-001
    299.13139   3.00885435E-001
    299.42836   2.99142967E-001
    299.72533   2.97421062E-001
    300.02229   2.95719491E-001
    300.31926   2.94038025E-001
    300.61623   2.92376441E-001
    300.91320   2.90734516E-001
    301.21016   2.89112034E-001
    301.50713   2.87508778E-001
    301.80410   2.85924536E-001
    302.10107   2.84359098E-001
    302.39803   2.82812257E-001
    302.69500   2.81283808E-001
    302.99197   2.79773549E-001
    303.28893   2.78281283E-001
    303.58590   2.76806811E-001
    303.88287   2.75349941E-001
    304.17984   2.73910480E-001
    304.47680   2.72488240E-001
    304.77377   2.71083034E-001
    305.07074   2.69694677E-001
    305.36770   2.68322989E-001
    305.66467   2.66967789E-001
    305.96164   2.65628899E-001
    306.25861   2.64306146E-001
    306.55557   2.62999355E-001
    306.85254   2.61708356E-001
    307.14951   2.60432980E-001
    307.44648   2.59173061E-001
    307.74344   2.57928434E-001
    308.04041   2.56698937E-001
    308.33738   2.55484408E-001
    308.63434   2.54284689E-001
    308.93131   2.53099623E-001
    309.22828   2.51929056E-001
    309.52525   2.50772834E-001
    309.82221   2.49630805E-001
    310.11918   2.48502821E-001
    310.41615   2.47388734E-001
    310.71312   2.46288397E-001
    311.01008   2.45201666E-001
    311.30705   2.44128398E-001
    311.60402   2.43068453E-001
    311.90098   2.42021690E-001
    312.19795   2.40987973E-001
    312.49492   2.39967163E-001
    312.79189   2.38959127E-001
    313.08885   2.37963731E-001
    313.38582   2.36980843E-001
    313.68279   2.36010333E-001
    313.97976   2.35052071E-001
    314.27672   2.34105930E-001
    314.57369   2.33171784E-001
    314.87066   2.32249507E-001
    315.16762   2.31338976E-001
    315.46459   2.30440068E-001
    315.76156   2.29552663E-001
    316.05853   2.28676640E-001
    316.35549   2.27811881E-001
    316.65246   2.26958269E-001
    316.94943   2.26115687E-001
    317.24639   2.25284021E-001
    317.54336   2.24463155E-001
    317.84033   2.23652978E-001
    318.13730   2.22853379E-001
    318.43426   2.22064245E-001
    318.73123   2.21285468E-001
    319.02820   2.20516940E-001
    319.32517   2.19758553E-001
    319.62213   2.19010200E-001
    319.91910   2.18271777E-001
    320.21607   2.17543178E-001
    320.51303   2.16824301E-001
    320.81000   2.16115043E-001
    321.10697   2.15415303E-001
    321.40394   2.14724979E-001
    321.70090   2.14043973E-001
    321.99787   2.13372185E-001
    322.29484   2.12709518E-001
    322.59181   2.12055874E-001
    322.88877   2.11411157E-001
    323.18574   2.10775273E-001
    323.48271   2.10148126E-001
    323.77967   2.09529622E-001
    324.07664   2.08919670E-001
    324.37361   2.08318176E-001
    324.67058   2.07725049E-001
    324.96754   2.07140200E-001
    325.26451   2.06563537E-001
    325.56148   2.05994973E-001
    325.85844   2.05434418E-001
    326.15541   2.04881785E-001
    326.45238   2.04336987E-001
    326.74935   2.03799938E-001
    327.04631   2.03270552E-001
    327.34328   2.02748745E-001
    327.64025   2.02234433E-001
    327.93722   2.01727531E-001
    328.23418   2.01227957E-001
    328.53115   2.00735630E-001
    328.82812   2.00250466E-001
    329.12508   1.99772387E-001
    329.42205   1.99301310E-001
    329.71902   1.98837156E-001
    330.01599   1.98379847E-001
    330.31295   1.97929304E-001
    330.60992   1.97485449E-001
    330.90689   1.97048204E-001
    331.20386   1.96617493E-001
    331.50082   1.96193240E-001
    331.79779   1.95775369E-001
    332.09476   1.95363805E-001
    332.39172   1.94958474E-001
    332.68869   1.94559301E-001
    332.98566   1.94166213E-001
    333.28263   1.93779137E-001
    333.57959   1.93398001E-001
    333.87656   1.93022733E-001
    334.17353   1.92653262E-001
    334.47050   1.92289517E-001
    334.76746   1.91931427E-001
    335.06443   1.91578922E-001
    335.36140   1.91231934E-001
    335.65836   1.90890394E-001
    335.95533   1.90554232E-001
    336.25230   1.90223382E-001
    336.54927   1.89897775E-001
    336.84623   1.89577346E-001
    337.14320   1.89262027E-001
    337.44017   1.88951752E-001
    337.73713   1.88646456E-001
    338.03410   1.88346074E-001
    338.33107   1.88050541E-001
    338.62804   1.87759793E-001
    338.92500   1.87473766E-001
    339.22197   1.87192397E-001
    339.51894   1.86915623E-001
    339.81591   1.86643382E-001
    340.11287   1.86375611E-001
    340.40984   1.86112250E-001
    340.70681   1.85853236E-001
    341.00377   1.85598510E-001
    341.30074   1.85348010E-001
    341.59771   1.85101678E-001
    341.89468   1.84859453E-001
    342.19164   1.84621277E-001
    342.48861   1.84387091E-001
    342.78558   1.84156837E-001
    343.08255   1.83930457E-001
    343.37951   1.83707893E-001
    343.67648   1.83489089E-001
    343.97345   1.83273987E-001
    344.27041   1.83062532E-001
    344.56738   1.82854669E-001
    344.86435   1.82650340E-001
    345.16132   1.82449493E-001
    345.45828   1.82252071E-001
    345.75525   1.82058020E-001
    346.05222   1.81867288E-001
    346.34919   1.81679819E-001
    346.64615   1.81495562E-001
    346.94312   1.81314463E-001
    347.24009   1.81136471E-001
    347.53705   1.80961532E-001
    347.83402   1.80789597E-001
    348.13099   1.80620612E-001
    348.42796   1.80454529E-001
    348.72492   1.80291295E-001
    349.02189   1.80130862E-001
    349.31886   1.79973179E-001
    349.61582   1.79818197E-001
    349.91279   1.79665868E-001
    350.20976   1.79516142E-001
    350.50673   1.79368971E-001
    350.80369   1.79224308E-001
    351.10066   1.79082105E-001
    351.39763   1.78942315E-001
    351.69460   1.78804891E-001
    351.99156   1.78669787E-001
    352.28853   1.78536957E-001
    352.58550   1.78406354E-001
    352.88246   1.78277935E-001
    353.17943   1.78151653E-001
    353.47640   1.78027464E-001
    353.77337   1.77905324E-001
    354.07033   1.77785189E-001
    354.36730   1.77667016E-001
    354.66427   1.77550761E-001
    354.96124   1.77436381E-001
    355.25820   1.77323835E-001
    355.55517   1.77213079E-001
    355.85214   1.77104072E-001
    356.14910   1.76996773E-001
    356.44607   1.76891141E-001
    356.74304   1.76787135E-001
    357.04001   1.76684714E-001
    357.33697   1.76583838E-001
    357.63394   1.76484468E-001
    357.93091   1.76386565E-001
    358.22787   1.76290089E-001
    358.52484   1.76195001E-001
    358.82181   1.76101264E-001
    359.11878   1.76008840E-001
    359.41574   1.75917690E-001
    359.71271   1.75827778E-001
    360.00968   1.75739067E-001
    360.30665   1.75651519E-001
    360.60361   1.75565100E-001
    360.90058   1.75479772E-001
    361.19755   1.75395500E-001
    361.49451   1.75312249E-001
    361.79148   1.75229983E-001
    362.08845   1.75148670E-001
    362.38542   1.75068273E-001
    362.68238   1.74988760E-001
    362.97935   1.74910096E-001
    363.27632   1.74832248E-001
    363.57329   1.74755184E-001
    363.87025   1.74678870E-001
    364.16722   1.74603275E-001
    364.46419   1.74528367E-001
    364.76115   1.74454113E-001
    365.05812   1.74380483E-001
    365.35509   1.74307445E-001
    365.65206   1.74234970E-001
    365.94902   1.74163026E-001
    366.24599   1.74091584E-001
    366.54296   1.74020613E-001
    366.83993   1.73950086E-001
    367.13689   1.73879971E-001
    367.43386   1.73810242E-001
    367.73083   1.73740869E-001
    368.02779   1.73671824E-001
    368.32476   1.73603080E-001
    368.62173   1.73534609E-001
    368.91870   1.73466384E-001
    369.21566   1.73398378E-001
    369.51263   1.73330564E-001
    369.80960   1.73262917E-001
    370.10656   1.73195410E-001
    370.40353   1.73128019E-001
    370.70050   1.73060716E-001
    370.99747   1.72993479E-001
    371.29443   1.72926281E-001
    371.59140   1.72859099E-001
    371.88837   1.72791909E-001
    372.18534   1.72724686E-001
    372.48230   1.72657407E-001
    372.77927   1.72590050E-001
    373.07624   1.72522591E-001
    373.37320   1.72455008E-001
    373.67017   1.72387278E-001
    373.96714   1.72319379E-001
    374.26411   1.72251291E-001
    374.56107   1.72182991E-001
    374.85804   1.72114458E-001
    375.15501   1.72045672E-001
    375.45198   1.71976611E-001
    375.74894   1.71907257E-001
    376.04591   1.71837589E-001
    376.34288   1.71767586E-001
    376.63984   1.71697231E-001
    376.93681   1.71626503E-001
    377.23378   1.71555385E-001
    377.53075   1.71483857E-001
    377.82771   1.71411901E-001
    378.12468   1.71339499E-001
    378.42165   1.71266634E-001
    378.71862   1.71193288E-001
    379.01558   1.71119444E-001
    379.31255   1.71045086E-001
    379.60952   1.70970195E-001
    379.90648   1.70894758E-001
    380.20345   1.70818756E-001
    380.50042   1.70742175E-001
    380.79739   1.70664999E-001
    381.09435   1.70587212E-001
    381.39132   1.70508800E-001
    381.68829   1.70429748E-001
    381.98525   1.70350041E-001
    382.28222   1.70269666E-001
    382.57919   1.70188608E-001
    382.87616   1.70106853E-001
    383.17312   1.70024389E-001
    383.47009   1.69941201E-001
    383.76706   1.69857278E-001
    384.06403   1.69772606E-001
    384.36099   1.69687172E-001
    384.65796   1.69600965E-001
    384.95493   1.69513973E-001
    385.25189   1.69426184E-001
    385.54886   1.69337586E-001
    385.84583   1.69248168E-001
    386.14280   1.69157920E-001
    386.43976   1.69066830E-001
    386.73673   1.68974888E-001
    387.03370   1.68882084E-001
    387.33067   1.68788407E-001
    387.62763   1.68693848E-001
    387.92460   1.68598397E-001
    388.22157   1.68502045E-001
    388.51853   1.68404783E-001
    388.81550   1.68306601E-001
    389.11247   1.68207491E-001
    389.40944   1.68107445E-001
    389.70640   1.68006454E-001
    390.00337   1.67904510E-001
    390.30034   1.67801606E-001
    390.59730   1.67697734E-001
    390.89427   1.67592885E-001
    391.19124   1.67487054E-001
    391.48821   1.67380234E-001
    391.78517   1.67272416E-001
    392.08214   1.67163596E-001
    392.37911   1.67053765E-001
    392.67608   1.66942920E-001
    392.97304   1.66831052E-001
    393.27001   1.66718157E-001
    393.56698   1.66604230E-001
    393.86394   1.66489263E-001
    394.16091   1.66373254E-001
    394.45788   1.66256196E-001
    394.75485   1.66138084E-001
    395.05181   1.66018915E-001
    395.34878   1.65898683E-001
    395.64575   1.65777385E-001
    395.94272   1.65655016E-001
    396.23968   1.65531572E-001
    396.53665   1.65407051E-001
    396.83362   1.65281448E-001
    397.13058   1.65154760E-001
    397.42755   1.65026983E-001
    397.72452   1.64898116E-001
    398.02149   1.64768154E-001
    398.31845   1.64637096E-001
    398.61542   1.64504939E-001
    398.91239   1.64371681E-001
    399.20936   1.64237319E-001
    399.50632   1.64101852E-001
    399.80329   1.63965277E-001
    400.10026   1.63827594E-001
    400.39722   1.63688800E-001
    400.69419   1.63548895E-001
    400.99116   1.63407876E-001
    401.28813   1.63265744E-001
    401.58509   1.63122496E-001
    401.88206   1.62978134E-001
    402.17903   1.62832655E-001
    402.47599   1.62686059E-001
    402.77296   1.62538347E-001
    403.06993   1.62389518E-001
    403.36690   1.62239572E-001
    403.66386   1.62088509E-001
    403.96083   1.61936330E-001
    404.25780   1.61783034E-001
    404.55477   1.61628623E-001
    404.85173   1.61473097E-001
    405.14870   1.61316458E-001
    405.44567   1.61158705E-001
    405.74263   1.60999840E-001
    406.03960   1.60839864E-001
    406.33657   1.60678779E-001
    406.63354   1.60516586E-001
    406.93050   1.60353286E-001
    407.22747   1.60188882E-001
    407.52444   1.60023375E-001
    407.82141   1.59856767E-001
    408.11837   1.59689060E-001
    408.41534   1.59520257E-001
    408.71231   1.59350359E-001
    409.00927   1.59179369E-001
    409.30624   1.59007290E-001
    409.60321   1.58834124E-001
    409.90018   1.58659874E-001
    410.19714   1.58484542E-001
    410.49411   1.58308132E-001
    410.79108   1.58130647E-001
    411.08805   1.57952090E-001
    411.38501   1.57772463E-001
    411.68198   1.57591771E-001
    411.97895   1.57410017E-001
    412.27591   1.57227205E-001
    412.57288   1.57043337E-001
    412.86985   1.56858418E-001
    413.16682   1.56672452E-001
    413.46378   1.56485442E-001
    413.76075   1.56297392E-001
    414.05772   1.56108307E-001
    414.35468   1.55918191E-001
    414.65165   1.55727047E-001
    414.94862   1.55534881E-001
    415.24559   1.55341696E-001
    415.54255   1.55147498E-001
    415.83952   1.54952290E-001
    416.13649   1.54756077E-001
    416.43346   1.54558865E-001
    416.73042   1.54360657E-001
    417.02739   1.54161459E-001
    417.32436   1.53961276E-001
    417.62132   1.53760112E-001
    417.91829   1.53557973E-001
    418.21526   1.53354864E-001
    418.51223   1.53150790E-001
    418.80919   1.52945756E-001
    419.10616   1.52739768E-001
    419.40313   1.52532831E-001
    419.70010   1.52324951E-001
    419.99706   1.52116132E-001
    420.29403   1.51906382E-001
    420.59100   1.51695704E-001
    420.88796   1.51484106E-001
    421.18493   1.51271592E-001
    421.48190   1.51058169E-001
    421.77887   1.50843842E-001
    422.07583   1.50628618E-001
    422.37280   1.50412501E-001
    422.66977   1.50195499E-001
    422.96674   1.49977618E-001
    423.26370   1.49758863E-001
    423.56067   1.49539240E-001
    423.85764   1.49318756E-001
    424.15460   1.49097417E-001
    424.45157   1.48875229E-001
    424.74854   1.48652199E-001
    425.04551   1.48428333E-001
    425.34247   1.48203637E-001
    425.63944   1.47978118E-001
    425.93641   1.47751782E-001
    426.23337   1.47524636E-001
    426.53034   1.47296687E-001
    426.82731   1.47067940E-001
    427.12428   1.46838402E-001
    427.42124   1.46608081E-001
    427.71821   1.46376983E-001
    428.01518   1.46145114E-001
    428.31215   1.45912481E-001
    428.60911   1.45679091E-001
    428.90608   1.45444951E-001
    429.20305   1.45210068E-001
    429.50001   1.44974448E-001
    429.79698   1.44738098E-001
    430.09395   1.44501025E-001
    430.39092   1.44263237E-001
    430.68788   1.44024739E-001
    430.98485   1.43785540E-001
    431.28182   1.43545645E-001
    431.57879   1.43305062E-001
    431.87575   1.43063798E-001
    432.17272   1.42821859E-001
    432.46969   1.42579254E-001
    432.76665   1.42335988E-001
    433.06362   1.42092070E-001
    433.36059   1.41847505E-001
    433.65756   1.41602302E-001
    433.95452   1.41356467E-001
    434.25149   1.41110007E-001
    434.54846   1.40862930E-001
    434.84542   1.40615242E-001
    435.14239   1.40366951E-001
    435.43936   1.40118064E-001
    435.73633   1.39868588E-001
    436.03329   1.39618530E-001
    436.33026   1.39367897E-001
    436.62723   1.39116696E-001
    436.92420   1.38864936E-001
    437.22116   1.38612622E-001
    437.51813   1.38359762E-001
    437.81510   1.38106363E-001
    438.11206   1.37852432E-001
    438.40903   1.37597977E-001
    438.70600   1.37343004E-001
    439.00297   1.37087522E-001
    439.29993   1.36831536E-001
    439.59690   1.36575054E-001
    439.89387   1.36318084E-001
    440.19084   1.36060632E-001
    440.48780   1.35802706E-001
    440.78477   1.35544312E-001
    441.08174   1.35285459E-001
    441.37870   1.35026152E-001
    441.67567   1.34766399E-001
    441.97264   1.34506208E-001
    442.26961   1.34245585E-001
    442.56657   1.33984538E-001
    442.86354   1.33723073E-001
    443.16051   1.33461198E-001
    443.45748   1.33198920E-001
    443.75444   1.32936245E-001
    444.05141   1.32673182E-001
    444.34838   1.32409736E-001
    444.64534   1.32145915E-001
    444.94231   1.31881726E-001
    445.23928   1.31617176E-001
    445.53625   1.31352272E-001
    445.83321   1.31087021E-001
    446.13018   1.30821430E-001
    446.42715   1.30555505E-001
    446.72411   1.30289254E-001
    447.02108   1.30022684E-001
    447.31805   1.29755802E-001
    447.61502   1.29488613E-001
    447.91198   1.29221126E-001
    448.20895   1.28953348E-001
    448.50592   1.28685284E-001
    448.80289   1.28416941E-001
    449.09985   1.28148328E-001
    449.39682   1.27879449E-001
    449.69379   1.27610313E-001
    449.99075   1.27340925E-001
    450.28772   1.27071293E-001
    450.58469   1.26801423E-001
    450.88166   1.26531322E-001
    451.17862   1.26260996E-001
    451.47559   1.25990452E-001
    451.77256   1.25719697E-001
    452.06953   1.25448736E-001
    452.36649   1.25177578E-001
    452.66346   1.24906228E-001
    452.96043   1.24634693E-001
    453.25739   1.24362979E-001
    453.55436   1.24091092E-001
    453.85133   1.23819040E-001
    454.14830   1.23546828E-001
    454.44526   1.23274463E-001
    454.74223   1.23001951E-001
    455.03920   1.22729299E-001
    455.33617   1.22456513E-001
    455.63313   1.22183598E-001
    455.93010   1.21910562E-001
    456.22707   1.21637411E-001
    456.52403   1.21364150E-001
    456.82100   1.21090787E-001
    457.11797   1.20817326E-001
    457.41494   1.20543774E-001
    457.71190   1.20270138E-001
    458.00887   1.19996423E-001
    458.30584   1.19722635E-001
    458.60280   1.19448780E-001
    458.89977   1.19174865E-001
    459.19674   1.18900895E-001
    459.49371   1.18626875E-001
    459.79067   1.18352813E-001
    460.08764   1.18078714E-001
    460.38461   1.17804583E-001
    460.68158   1.17530426E-001
    460.97854   1.17256250E-001
    461.27551   1.16982059E-001
    461.57248   1.16707860E-001
    461.86944   1.16433658E-001
    462.16641   1.16159459E-001
    462.46338   1.15885268E-001
    462.76035   1.15611091E-001
    463.05731   1.15336934E-001
    463.35428   1.15062801E-001
    463.65125   1.14788699E-001
    463.94822   1.14514633E-001
    464.24518   1.14240608E-001
    464.54215   1.13966630E-001
    464.83912   1.13692704E-001
    465.13608   1.13418835E-001
    465.43305   1.13145029E-001
    465.73002   1.12871291E-001
    466.02699   1.12597626E-001
    466.32395   1.12324039E-001
    466.62092   1.12050535E-001
    466.91789   1.11777120E-001
    467.21485   1.11503799E-001
    467.51182   1.11230576E-001
    467.80879   1.10957456E-001
    468.10576   1.10684446E-001
    468.40272   1.10411549E-001
    468.69969   1.10138770E-001
    468.99666   1.09866115E-001
    469.29363   1.09593588E-001
    469.59059   1.09321194E-001
    469.88756   1.09048938E-001
    470.18453   1.08776824E-001
    470.48149   1.08504858E-001
    470.77846   1.08233043E-001
    471.07543   1.07961386E-001
    471.37240   1.07689889E-001
    471.66936   1.07418559E-001
    471.96633   1.07147398E-001
    472.26330   1.06876413E-001
    472.56027   1.06605607E-001
    472.85723   1.06334985E-001
    473.15420   1.06064551E-001
    473.45117   1.05794309E-001
    473.74813   1.05524265E-001
    474.04510   1.05254421E-001
    474.34207   1.04984784E-001
    474.63904   1.04715356E-001
    474.93600   1.04446142E-001
    475.23297   1.04177146E-001
    475.52994   1.03908373E-001
    475.82691   1.03639826E-001
    476.12387   1.03371510E-001
    476.42084   1.03103428E-001
    476.71781   1.02835585E-001
    477.01477   1.02567984E-001
    477.31174   1.02300630E-001
    477.60871   1.02033526E-001
    477.90568   1.01766677E-001
    478.20264   1.01500086E-001
    478.49961   1.01233757E-001
    478.79658   1.00967693E-001
    479.09354   1.00701899E-001
    479.39051   1.00436378E-001
    479.68748   1.00171134E-001
    479.98445   9.99061711E-002
    480.28141   9.96414920E-002
    480.57838   9.93771005E-002
    480.87535   9.91130004E-002
    481.17232   9.88491951E-002
    481.46928   9.85856880E-002
    481.76625   9.83224828E-002
    482.06322   9.80595827E-002
    482.36018   9.77969912E-002
    482.65715   9.75347116E-002
    482.95412   9.72727472E-002
    483.25109   9.70111014E-002
    483.54805   9.67497774E-002
    483.84502   9.64887784E-002
    484.14199   9.62281077E-002
    484.43896   9.59677683E-002
    484.73592   9.57077634E-002
    485.03289   9.54480962E-002
    485.32986   9.51887697E-002
    485.62682   9.49297869E-002
    485.92379   9.46711509E-002
    486.22076   9.44128646E-002
    486.51773   9.41549309E-002
    486.81469   9.38973529E-002
    487.11166   9.36401333E-002
    487.40863   9.33832750E-002
    487.70560   9.31267808E-002
    488.00256   9.28706536E-002
    488.29953   9.26148961E-002
    488.59650   9.23595110E-002
    488.89346   9.21045010E-002
    489.19043   9.18498688E-002
    489.48740   9.15956171E-002
    489.78437   9.13417483E-002
    490.08133   9.10882653E-002
    490.37830   9.08351704E-002
    490.67527   9.05824661E-002
    490.97223   9.03301551E-002
    491.26920   9.00782398E-002
    491.56617   8.98267225E-002
    491.86314   8.95756057E-002
    492.16010   8.93248917E-002
    492.45707   8.90745830E-002
    492.75404   8.88246818E-002
    493.05101   8.85751904E-002
    493.34797   8.83261111E-002
    493.64494   8.80774461E-002
    493.94191   8.78291976E-002
    494.23887   8.75813678E-002
    494.53584   8.73339588E-002
    494.83281   8.70869728E-002
    495.12978   8.68404118E-002
    495.42674   8.65942779E-002
    495.72371   8.63485732E-002
    496.02068   8.61032996E-002
    496.31765   8.58584592E-002
    496.61461   8.56140539E-002
    496.91158   8.53700855E-002
    497.20855   8.51265561E-002
    497.50551   8.48834675E-002
    497.80248   8.46408215E-002
    498.09945   8.43986200E-002
    498.39642   8.41568647E-002
    498.69338   8.39155574E-002
    498.99035   8.36747000E-002
    499.28732   8.34342940E-002
    499.58428   8.31943411E-002
    499.88125   8.29548432E-002
    500.17822   8.27158016E-002
    500.47519   8.24772182E-002
    500.77215   8.22390945E-002
    501.06912   8.20014320E-002
    501.36609   8.17642323E-002
    501.66306   8.15274969E-002
    501.96002   8.12912272E-002
    502.25699   8.10554249E-002
    502.55396   8.08200912E-002
    502.85092   8.05852276E-002
    503.14789   8.03508355E-002
    503.44486   8.01169163E-002
    503.74183   7.98834713E-002
    504.03879   7.96505018E-002
    504.33576   7.94180092E-002
    504.63273   7.91859946E-002
    504.92970   7.89544594E-002
    505.22666   7.87234048E-002
    505.52363   7.84928320E-002
    505.82060   7.82627421E-002
    506.11756   7.80331363E-002
    506.41453   7.78040158E-002
    506.71150   7.75753817E-002
    507.00847   7.73472350E-002
    507.30543   7.71195769E-002
    507.60240   7.68924083E-002
    507.89937   7.66657304E-002
    508.19634   7.64395440E-002
    508.49330   7.62138502E-002
    508.79027   7.59886500E-002
    509.08724   7.57639442E-002
    509.38420   7.55397339E-002
    509.68117   7.53160198E-002
    509.97814   7.50928029E-002
    510.27511   7.48700840E-002
    510.57207   7.46478640E-002
    510.86904   7.44261437E-002
    511.16601   7.42049238E-002
    511.46297   7.39842052E-002
    511.75994   7.37639885E-002
    512.05691   7.35442746E-002
    512.35388   7.33250641E-002
    512.65084   7.31063578E-002
    512.94781   7.28881562E-002
    513.24478   7.26704602E-002
    513.54175   7.24532702E-002
    513.83871   7.22365869E-002
    514.13568   7.20204109E-002
    514.43265   7.18047428E-002
    514.72961   7.15895832E-002
    515.02658   7.13749325E-002
    515.32355   7.11607914E-002
    515.62052   7.09471602E-002
    515.91748   7.07340396E-002
    516.21445   7.05214299E-002
    516.51142   7.03093317E-002
    516.80839   7.00977453E-002
    517.10535   6.98866711E-002
    517.40232   6.96761097E-002
    517.69929   6.94660612E-002
    517.99625   6.92565262E-002
    518.29322   6.90475049E-002
    518.59019   6.88389977E-002
    518.88716   6.86310050E-002
    519.18412   6.84235269E-002
    519.48109   6.82165637E-002
    519.77806   6.80101158E-002
    520.07503   6.78041834E-002
    520.37199   6.75987667E-002
    520.66896   6.73938659E-002
    520.96593   6.71894812E-002
    521.26289   6.69856128E-002
    521.55986   6.67822609E-002
    521.85683   6.65794256E-002
    522.15380   6.63771071E-002
    522.45076   6.61753055E-002
    522.74773   6.59740208E-002
    523.04470   6.57732532E-002
    523.34166   6.55730028E-002
    523.63863   6.53732695E-002
    523.93560   6.51740536E-002
    524.23257   6.49753549E-002
    524.52953   6.47771735E-002
    524.82650   6.45795095E-002
    525.12347   6.43823627E-002
    525.42044   6.41857333E-002
    525.71740   6.39896210E-002
    526.01437   6.37940260E-002
    526.31134   6.35989480E-002
    526.60830   6.34043871E-002
    526.90527   6.32103432E-002
    527.20224   6.30168161E-002
    527.49921   6.28238057E-002
    527.79617   6.26313120E-002
    528.09314   6.24393346E-002
    528.39011   6.22478736E-002
    528.68708   6.20569287E-002
    528.98404   6.18664997E-002
    529.28101   6.16765864E-002
    529.57798   6.14871887E-002
    529.87494   6.12983063E-002
    530.17191   6.11099390E-002
    530.46888   6.09220866E-002
    530.76585   6.07347487E-002
    531.06281   6.05479251E-002
    531.35978   6.03616156E-002
    531.65675   6.01758198E-002
    531.95372   5.99905375E-002
    532.25068   5.98057683E-002
    532.54765   5.96215119E-002
    532.84462   5.94377680E-002
    533.14158   5.92545362E-002
    533.43855   5.90718162E-002
    533.73552   5.88896076E-002
    534.03249   5.87079100E-002
    534.32945   5.85267230E-002
    534.62642   5.83460463E-002
    534.92339   5.81658795E-002
    535.22035   5.79862220E-002
    535.51732   5.78070735E-002
    535.81429   5.76284335E-002
    536.11126   5.74503017E-002
    536.40822   5.72726774E-002
    536.70519   5.70955604E-002
    537.00216   5.69189500E-002
    537.29913   5.67428458E-002
    537.59609   5.65672473E-002
    537.89306   5.63921540E-002
    538.19003   5.62175654E-002
    538.48699   5.60434810E-002
    538.78396   5.58699001E-002
    539.08093   5.56968223E-002
    539.37790   5.55242471E-002
    539.67486   5.53521738E-002
    539.97183   5.51806020E-002
    540.26880   5.50095309E-002
    540.56577   5.48389601E-002
    540.86273   5.46688889E-002
    541.15970   5.44993168E-002
    541.45667   5.43302431E-002
    541.75363   5.41616672E-002
    542.05060   5.39935885E-002
    542.34757   5.38260063E-002
    542.64454   5.36589201E-002
    542.94150   5.34923291E-002
    543.23847   5.33262328E-002
    543.53544   5.31606304E-002
    543.83240   5.29955212E-002
    544.12937   5.28309047E-002
    544.42634   5.26667801E-002
    544.72331   5.25031467E-002
    545.02027   5.23400038E-002
    545.31724   5.21773507E-002
    545.61421   5.20151868E-002
    545.91118   5.18535112E-002
    546.20814   5.16923233E-002
    546.50511   5.15316223E-002
    546.80208   5.13714075E-002
    547.09904   5.12116781E-002
    547.39601   5.10524334E-002
    547.69298   5.08936727E-002
    547.98995   5.07353951E-002
    548.28691   5.05775999E-002
    548.58388   5.04202864E-002
    548.88085   5.02634536E-002
    549.17782   5.01071010E-002
    549.47478   4.99512275E-002
    549.77175   4.97958326E-002
    550.06872   4.96409153E-002
    550.36568   4.94864748E-002
    550.66265   4.93325104E-002
    550.95962   4.91790211E-002
    551.25659   4.90260063E-002
    551.55355   4.88734650E-002
    551.85052   4.87213964E-002
    552.14749   4.85697997E-002
    552.44446   4.84186740E-002
    552.74142   4.82680185E-002
    553.03839   4.81178323E-002
    553.33536   4.79681145E-002
    553.63232   4.78188644E-002
    553.92929   4.76700810E-002
    554.22626   4.75217634E-002
    554.52323   4.73739108E-002
    554.82019   4.72265223E-002
    555.11716   4.70795969E-002
    555.41413   4.69331339E-002
    555.71109   4.67871323E-002
    556.00806   4.66415912E-002
    556.30503   4.64965098E-002
    556.60200   4.63518870E-002
    556.89896   4.62077220E-002
    557.19593   4.60640139E-002
    557.49290   4.59207617E-002
    557.78987   4.57779645E-002
    558.08683   4.56356215E-002
    558.38380   4.54937316E-002
    558.68077   4.53522940E-002
    558.97773   4.52113077E-002
    559.27470   4.50707717E-002
    559.57167   4.49306852E-002
    559.86864   4.47910471E-002
    560.16560   4.46518566E-002
    560.46257   4.45131126E-002
    560.75954   4.43748142E-002
    561.05651   4.42369605E-002
    561.35347   4.40995504E-002
    561.65044   4.39625831E-002
    561.94741   4.38260576E-002
    562.24437   4.36899728E-002
    562.54134   4.35543279E-002
    562.83831   4.34191217E-002
    563.13528   4.32843535E-002
    563.43224   4.31500221E-002
    563.72921   4.30161266E-002
    564.02618   4.28826660E-002
    564.32315   4.27496393E-002
    564.62011   4.26170455E-002
    564.91708   4.24848837E-002
    565.21405   4.23531528E-002
    565.51101   4.22218519E-002
    565.80798   4.20909799E-002
    566.10495   4.19605358E-002
    566.40192   4.18305187E-002
    566.69888   4.17009275E-002
    566.99585   4.15717612E-002
    567.29282   4.14430189E-002
    567.58978   4.13146994E-002
    567.88675   4.11868018E-002
    568.18372   4.10593251E-002
    568.48069   4.09322683E-002
    568.77765   4.08056302E-002
    569.07462   4.06794101E-002
    569.37159   4.05536067E-002
    569.66856   4.04282191E-002
    569.96552   4.03032462E-002
    570.26249   4.01786871E-002
    570.55946   4.00545406E-002
    570.85642   3.99308059E-002
    571.15339   3.98074818E-002
    571.45036   3.96845673E-002
    571.74733   3.95620613E-002
    572.04429   3.94399630E-002
    572.34126   3.93182711E-002
    572.63823   3.91969848E-002
    572.93520   3.90761029E-002
    573.23216   3.89556243E-002
    573.52913   3.88355482E-002
    573.82610   3.87158734E-002
    574.12306   3.85965989E-002
    574.42003   3.84777237E-002
    574.71700   3.83592466E-002
    575.01397   3.82411668E-002
    575.31093   3.81234831E-002
    575.60790   3.80061945E-002
    575.90487   3.78892999E-002
    576.20183   3.77727983E-002
    576.49880   3.76566887E-002
    576.79577   3.75409700E-002
    577.09274   3.74256412E-002
    577.38970   3.73107012E-002
    577.68667   3.71961490E-002
    577.98364   3.70819835E-002
    578.28061   3.69682037E-002
    578.57757   3.68548086E-002
    578.87454   3.67417970E-002
    579.17151   3.66291680E-002
    579.46847   3.65169205E-002
    579.76544   3.64050535E-002
    580.06241   3.62935659E-002
    580.35938   3.61824566E-002
    580.65634   3.60717246E-002
    580.95331   3.59613690E-002
    581.25028   3.58513885E-002
    581.54725   3.57417822E-002
    581.84421   3.56325491E-002
    582.14118   3.55236880E-002
    582.43815   3.54151980E-002
    582.73511   3.53070779E-002
    583.03208   3.51993268E-002
    583.32905   3.50919436E-002
    583.62602   3.49849273E-002
    583.92298   3.48782767E-002
    584.21995   3.47719910E-002
    584.51692   3.46660689E-002
    584.81389   3.45605095E-002
    585.11085   3.44553118E-002
    585.40782   3.43504746E-002
    585.70479   3.42459970E-002
    586.00175   3.41418779E-002
    586.29872   3.40381163E-002
    586.59569   3.39347111E-002
    586.89266   3.38316612E-002
    587.18962   3.37289658E-002
    587.48659   3.36266236E-002
    587.78356   3.35246337E-002
    588.08052   3.34229950E-002
    588.37749   3.33217066E-002
    588.67446   3.32207672E-002
    588.97143   3.31201761E-002
    589.26839   3.30199320E-002
    589.56536   3.29200339E-002
    589.86233   3.28204809E-002
    590.15930   3.27212719E-002
    590.45626   3.26224059E-002
    590.75323   3.25238817E-002
    591.05020   3.24256985E-002
    591.34716   3.23278552E-002
    591.64413   3.22303507E-002
    591.94110   3.21331841E-002
    592.23807   3.20363543E-002
    592.53503   3.19398602E-002
    592.83200   3.18437009E-002
    593.12897   3.17478753E-002
    593.42594   3.16523825E-002
    593.72290   3.15572213E-002
    594.01987   3.14623908E-002
    594.31684   3.13678900E-002
    594.61380   3.12737178E-002
    594.91077   3.11798733E-002
    595.20774   3.10863554E-002
    595.50471   3.09931631E-002
    595.80167   3.09002953E-002
    596.09864   3.08077512E-002
    596.39561   3.07155297E-002
    596.69258   3.06236297E-002
    596.98954   3.05320503E-002
    597.28651   3.04407905E-002
    597.58348   3.03498492E-002
    597.88044   3.02592255E-002
    598.17741   3.01689184E-002
    598.47438   3.00789268E-002
    598.77135   2.99892498E-002
    599.06831   2.98998863E-002
    599.36528   2.98108355E-002
    599.66225   2.97220962E-002
    599.95921   2.96336676E-002
    600.25618   2.95455485E-002
    600.55315   2.94577381E-002
    600.85012   2.93702353E-002
    601.14708   2.92830391E-002
    601.44405   2.91961486E-002
    601.74102   2.91095628E-002
    602.03799   2.90232807E-002
    602.33495   2.89373014E-002
    602.63192   2.88516237E-002
    602.92889   2.87662469E-002
    603.22585   2.86811699E-002
    603.52282   2.85963917E-002
    603.81979   2.85119113E-002
    604.11676   2.84277279E-002
    604.41372   2.83438404E-002
    604.71069   2.82602479E-002
    605.00766   2.81769493E-002
    605.30463   2.80939438E-002
    605.60159   2.80112304E-002
    605.89856   2.79288081E-002
    606.19553   2.78466760E-002
    606.49249   2.77648331E-002
    606.78946   2.76832785E-002
    607.08643   2.76020111E-002
    607.38340   2.75210302E-002
    607.68036   2.74403346E-002
    607.97733   2.73599235E-002
    608.27430   2.72797960E-002
    608.57126   2.71999511E-002
    608.86823   2.71203878E-002
    609.16520   2.70411052E-002
    609.46217   2.69621024E-002
    609.75913   2.68833784E-002
    610.05610   2.68049323E-002
    610.35307   2.67267633E-002
    610.65004   2.66488703E-002
    610.94700   2.65712524E-002
    611.24397   2.64939087E-002
    611.54094   2.64168383E-002
    611.83790   2.63400403E-002
    612.13487   2.62635137E-002
    612.43184   2.61872577E-002
    612.72881   2.61112712E-002
    613.02577   2.60355535E-002
    613.32274   2.59601036E-002
    613.61971   2.58849205E-002
    613.91668   2.58100035E-002
    614.21364   2.57353515E-002
    614.51061   2.56609637E-002
    614.80758   2.55868392E-002
    615.10454   2.55129770E-002
    615.40151   2.54393764E-002
    615.69848   2.53660363E-002
    615.99545   2.52929559E-002
    616.29241   2.52201343E-002
    616.58938   2.51475707E-002
    616.88635   2.50752641E-002
    617.18332   2.50032136E-002
    617.48028   2.49314184E-002
    617.77725   2.48598776E-002
    618.07422   2.47885903E-002
    618.37118   2.47175557E-002
    618.66815   2.46467728E-002
    618.96512   2.45762408E-002
    619.26209   2.45059589E-002
    619.55905   2.44359261E-002
    619.85602   2.43661416E-002
    620.15299   2.42966045E-002
    620.44995   2.42273140E-002
    620.74692   2.41582693E-002
    621.04389   2.40894693E-002
    621.34086   2.40209134E-002
    621.63782   2.39526007E-002
    621.93479   2.38845303E-002
    622.23176   2.38167013E-002
    622.52873   2.37491129E-002
    622.82569   2.36817643E-002
    623.12266   2.36146546E-002
    623.41963   2.35477831E-002
    623.71659   2.34811487E-002
    624.01356   2.34147508E-002
    624.31053   2.33485885E-002
    624.60750   2.32826610E-002
    624.90446   2.32169674E-002
    625.20143   2.31515068E-002
    625.49840   2.30862786E-002
    625.79537   2.30212818E-002
    626.09233   2.29565157E-002
    626.38930   2.28919794E-002
    626.68627   2.28276721E-002
    626.98323   2.27635930E-002
    627.28020   2.26997413E-002
    627.57717   2.26361162E-002
    627.87414   2.25727169E-002
    628.17110   2.25095425E-002
    628.46807   2.24465923E-002
    628.76504   2.23838654E-002
    629.06201   2.23213612E-002
    629.35897   2.22590787E-002
    629.65594   2.21970172E-002
    629.95291   2.21351759E-002
    630.24987   2.20735540E-002
    630.54684   2.20121507E-002
    630.84381   2.19509653E-002
    631.14078   2.18899969E-002
    631.43774   2.18292448E-002
    631.73471   2.17687082E-002
    632.03168   2.17083863E-002
    632.32864   2.16482784E-002
    632.62561   2.15883836E-002
    632.92258   2.15287013E-002
    633.21955   2.14692306E-002
    633.51651   2.14099708E-002
    633.81348   2.13509211E-002
    634.11045   2.12920808E-002
    634.40742   2.12334491E-002
    634.70438   2.11750252E-002
    635.00135   2.11168084E-002
    635.29832   2.10587980E-002
    635.59528   2.10009932E-002
    635.89225   2.09433932E-002
    636.18922   2.08859973E-002
    636.48619   2.08288048E-002
    636.78315   2.07718149E-002
    637.08012   2.07150269E-002
    637.37709   2.06584401E-002
    637.67406   2.06020536E-002
    637.97102   2.05458669E-002
    638.26799   2.04898791E-002
    638.56496   2.04340896E-002
    638.86192   2.03784975E-002
    639.15889   2.03231023E-002
    639.45586   2.02679031E-002
    639.75283   2.02128992E-002
    640.04979   2.01580900E-002
    640.34676   2.01034748E-002
    640.64373   2.00490527E-002
    640.94070   1.99948231E-002
    641.23766   1.99407853E-002
    641.53463   1.98869386E-002
    641.83160   1.98332823E-002
    642.12856   1.97798157E-002
    642.42553   1.97265381E-002
    642.72250   1.96734487E-002
    643.01947   1.96205470E-002
    643.31643   1.95678321E-002
    643.61340   1.95153035E-002
    643.91037   1.94629604E-002
    644.20733   1.94108022E-002
    644.50430   1.93588281E-002
    644.80127   1.93070375E-002
    645.09824   1.92554297E-002
    645.39520   1.92040040E-002
    645.69217   1.91527598E-002
    645.98914   1.91016963E-002
    646.28611   1.90508130E-002
    646.58307   1.90001091E-002
    646.88004   1.89495839E-002
    647.17701   1.88992369E-002
    647.47397   1.88490673E-002
    647.77094   1.87990746E-002
    648.06791   1.87492579E-002
    648.36488   1.86996168E-002
    648.66184   1.86501504E-002
    648.95881   1.86008582E-002
    649.25578   1.85517396E-002
    649.55275   1.85027938E-002
    649.84971   1.84540203E-002
    650.14668   1.84054184E-002
    650.44365   1.83569874E-002
    650.74061   1.83087267E-002
    651.03758   1.82606357E-002
    651.33455   1.82127137E-002
    651.63152   1.81649602E-002
    651.92848   1.81173744E-002
    652.22545   1.80699558E-002
    652.52242   1.80227037E-002
    652.81938   1.79756175E-002
    653.11635   1.79286966E-002
    653.41332   1.78819403E-002
    653.71029   1.78353481E-002
    654.00725   1.77889194E-002
    654.30422   1.77426534E-002
    654.60119   1.76965496E-002
    654.89816   1.76506075E-002
    655.19512   1.76048263E-002
    655.49209   1.75592055E-002
    655.78906   1.75137445E-002
    656.08602   1.74684427E-002
    656.38299   1.74232994E-002
    656.67996   1.73783141E-002
    656.97693   1.73334862E-002
    657.27389   1.72888151E-002
    657.57086   1.72443002E-002
    657.86783   1.71999410E-002
    658.16480   1.71557367E-002
    658.46176   1.71116869E-002
    658.75873   1.70677909E-002
    659.05570   1.70240482E-002
    659.35266   1.69804583E-002
    659.64963   1.69370204E-002
    659.94660   1.68937341E-002
    660.24357   1.68505987E-002
    660.54053   1.68076138E-002
    660.83750   1.67647787E-002
    661.13447   1.67220929E-002
    661.43144   1.66795557E-002
    661.72840   1.66371667E-002
    662.02537   1.65949253E-002
    662.32234   1.65528309E-002
    662.61930   1.65108829E-002
    662.91627   1.64690809E-002
    663.21324   1.64274242E-002
    663.51021   1.63859123E-002
    663.80717   1.63445446E-002
    664.10414   1.63033207E-002
    664.40111   1.62622399E-002
    664.69807   1.62213017E-002
    664.99504   1.61805056E-002
    665.29201   1.61398510E-002
    665.58898   1.60993374E-002
    665.88594   1.60589643E-002
    666.18291   1.60187311E-002
    666.47988   1.59786373E-002
    666.77685   1.59386823E-002
    667.07381   1.58988657E-002
    667.37078   1.58591868E-002
    667.66775   1.58196453E-002
    667.96471   1.57802405E-002
    668.26168   1.57409719E-002
    668.55865   1.57018390E-002
    668.85562   1.56628414E-002
    669.15258   1.56239784E-002
    669.44955   1.55852496E-002
    669.74652   1.55466544E-002
    670.04349   1.55081924E-002
    670.34045   1.54698630E-002
    670.63742   1.54316657E-002
    670.93439   1.53936001E-002
    671.23135   1.53556656E-002
    671.52832   1.53178617E-002
    671.82529   1.52801880E-002
    672.12226   1.52426438E-002
    672.41922   1.52052288E-002
    672.71619   1.51679424E-002
    673.01316   1.51307842E-002
    673.31013   1.50937536E-002
    673.60709   1.50568502E-002
    673.90406   1.50200735E-002
    674.20103   1.49834229E-002
    674.49799   1.49468981E-002
    674.79496   1.49104985E-002
    675.09193   1.48742236E-002
    675.38890   1.48380730E-002
    675.68586   1.48020462E-002
    675.98283   1.47661427E-002
    676.27980   1.47303621E-002
    676.57676   1.46947038E-002
    676.87373   1.46591675E-002
    677.17070   1.46237526E-002
    677.46767   1.45884586E-002
    677.76463   1.45532852E-002
    678.06160   1.45182318E-002
    678.35857   1.44832980E-002
    678.65554   1.44484833E-002
    678.95250   1.44137873E-002
    679.24947   1.43792095E-002
    679.54644   1.43447495E-002
    679.84340   1.43104067E-002
    680.14037   1.42761809E-002
    680.43734   1.42420714E-002
    680.73431   1.42080779E-002
    681.03127   1.41741999E-002
    681.32824   1.41404370E-002
    681.62521   1.41067887E-002
    681.92218   1.40732546E-002
    682.21914   1.40398343E-002
    682.51611   1.40065273E-002
    682.81308   1.39733331E-002
    683.11004   1.39402514E-002
    683.40701   1.39072817E-002
    683.70398   1.38744236E-002
    684.00095   1.38416766E-002
    684.29791   1.38090403E-002
    684.59488   1.37765144E-002
    684.89185   1.37440983E-002
    685.18881   1.37117916E-002
    685.48578   1.36795940E-002
    685.78275   1.36475050E-002
    686.07972   1.36155242E-002
    686.37668   1.35836512E-002
    686.67365   1.35518855E-002
    686.97062   1.35202268E-002
    687.26759   1.34886746E-002
    687.56455   1.34572285E-002
    687.86152   1.34258881E-002
    688.15849   1.33946531E-002
    688.45545   1.33635229E-002
    688.75242   1.33324973E-002
    689.04939   1.33015757E-002
    689.34636   1.32707579E-002
    689.64332   1.32400433E-002
    689.94029   1.32094316E-002
    690.23726   1.31789224E-002
    690.53423   1.31485154E-002
    690.83119   1.31182100E-002
    691.12816   1.30880060E-002
    691.42513   1.30579029E-002
    691.72209   1.30279003E-002
    692.01906   1.29979979E-002
    692.31603   1.29681952E-002
    692.61300   1.29384920E-002
    692.90996   1.29088877E-002
    693.20693   1.28793821E-002
    693.50390   1.28499747E-002
    693.80087   1.28206651E-002
    694.09783   1.27914530E-002
    694.39480   1.27623381E-002
    694.69177   1.27333199E-002
    694.98873   1.27043980E-002
    695.28570   1.26755721E-002
    695.58267   1.26468418E-002
    695.87964   1.26182068E-002
    696.17660   1.25896667E-002
    696.47357   1.25612211E-002
    696.77054   1.25328696E-002
    697.06750   1.25046119E-002
    697.36447   1.24764477E-002
    697.66144   1.24483765E-002
    697.95841   1.24203980E-002
    698.25537   1.23925119E-002
    698.55234   1.23647177E-002
    698.84931   1.23370152E-002
    699.14628   1.23094040E-002
    699.44324   1.22818838E-002
    699.74021   1.22544541E-002
    700.03718   1.22271146E-002
    700.33414   1.21998651E-002
    700.63111   1.21727050E-002
    700.92808   1.21456342E-002
    701.22505   1.21186522E-002
    701.52201   1.20917588E-002
    701.81898   1.20649535E-002
    702.11595   1.20382360E-002
    702.41292   1.20116060E-002
    702.70988   1.19850632E-002
    703.00685   1.19586072E-002
    703.30382   1.19322377E-002
    703.60078   1.19059543E-002
    703.89775   1.18797567E-002
    704.19472   1.18536447E-002
    704.49169   1.18276178E-002
    704.78865   1.18016757E-002
    705.08562   1.17758181E-002
    705.38259   1.17500447E-002
    705.67956   1.17243551E-002
    705.97652   1.16987491E-002
    706.27349   1.16732263E-002
    706.57046   1.16477864E-002
    706.86742   1.16224290E-002
    707.16439   1.15971539E-002
    707.46136   1.15719608E-002
    707.75833   1.15468492E-002
    708.05529   1.15218190E-002
    708.35226   1.14968698E-002
    708.64923   1.14720012E-002
    708.94619   1.14472130E-002
    709.24316   1.14225049E-002
    709.54013   1.13978765E-002
    709.83710   1.13733275E-002
    710.13406   1.13488577E-002
    710.43103   1.13244668E-002
    710.72800   1.13001544E-002
    711.02497   1.12759202E-002
    711.32193   1.12517639E-002
    711.61890   1.12276853E-002
    711.91587   1.12036840E-002
    712.21283   1.11797597E-002
    712.50980   1.11559122E-002
    712.80677   1.11321411E-002
    713.10374   1.11084462E-002
    713.40070   1.10848271E-002
    713.69767   1.10612836E-002
    713.99464   1.10378153E-002
    714.29161   1.10144221E-002
    714.58857   1.09911035E-002
    714.88554   1.09678594E-002
    715.18251   1.09446894E-002
    715.47947   1.09215932E-002
    715.77644   1.08985706E-002
    716.07341   1.08756213E-002
    716.37038   1.08527450E-002
    716.66734   1.08299413E-002
    716.96431   1.08072102E-002
    717.26128   1.07845511E-002
    717.55824   1.07619640E-002
    717.85521   1.07394485E-002
    718.15218   1.07170042E-002
    718.44915   1.06946311E-002
    718.74611   1.06723287E-002
    719.04308   1.06500969E-002
    719.34005   1.06279353E-002
    719.63702   1.06058436E-002
    719.93398   1.05838217E-002
    720.23095   1.05618692E-002
    720.52792   1.05399859E-002
    720.82488   1.05181715E-002
    721.12185   1.04964258E-002
    721.41882   1.04747484E-002
    721.71579   1.04531392E-002
    722.01275   1.04315978E-002
    722.30972   1.04101240E-002
    722.60669   1.03887175E-002
    722.90366   1.03673782E-002
    723.20062   1.03461056E-002
    723.49759   1.03248997E-002
    723.79456   1.03037600E-002
    724.09152   1.02826865E-002
    724.38849   1.02616787E-002
    724.68546   1.02407365E-002
    724.98243   1.02198596E-002
    725.27939   1.01990478E-002
    725.57636   1.01783008E-002
    725.87333   1.01576183E-002
    726.17030   1.01370002E-002
    726.46726   1.01164462E-002
    726.76423   1.00959559E-002
    727.06120   1.00755293E-002
    727.35816   1.00551660E-002
    727.65513   1.00348658E-002
    727.95210   1.00146285E-002
    728.24907   9.99445377E-003
    728.54603   9.97434144E-003
    728.84300   9.95429127E-003
    729.13997   9.93430300E-003
    729.43693   9.91437641E-003
    729.73390   9.89451125E-003
    730.03087   9.87470731E-003
    730.32784   9.85496433E-003
    730.62480   9.83528209E-003
    730.92177   9.81566037E-003
    731.21874   9.79609892E-003
    731.51571   9.77659753E-003
    731.81267   9.75715595E-003
    732.10964   9.73777397E-003
    732.40661   9.71845136E-003
    732.70357   9.69918790E-003
    733.00054   9.67998335E-003
    733.29751   9.66083750E-003
    733.59448   9.64175011E-003
    733.89144   9.62272098E-003
    734.18841   9.60374988E-003
    734.48538   9.58483659E-003
    734.78235   9.56598088E-003
    735.07931   9.54718255E-003
    735.37628   9.52844138E-003
    735.67325   9.50975714E-003
    735.97021   9.49112962E-003
    736.26718   9.47255861E-003
    736.56415   9.45404390E-003
    736.86112   9.43558526E-003
    737.15808   9.41718250E-003
    737.45505   9.39883539E-003
    737.75202   9.38054372E-003
    738.04899   9.36230730E-003
    738.34595   9.34412590E-003
    738.64292   9.32599932E-003
    738.93989   9.30792736E-003
    739.23685   9.28990980E-003
    739.53382   9.27194644E-003
    739.83079   9.25403709E-003
    740.12776   9.23618152E-003
    740.42472   9.21837954E-003
    740.72169   9.20063096E-003
    741.01866   9.18293556E-003
    741.31562   9.16529314E-003
    741.61259   9.14770352E-003
    741.90956   9.13016648E-003
    742.20653   9.11268183E-003
    742.50349   9.09524937E-003
    742.80046   9.07786891E-003
    743.09743   9.06054025E-003
    743.39440   9.04326320E-003
    743.69136   9.02603756E-003
    743.98833   9.00886313E-003
    744.28530   8.99173973E-003
    744.58226   8.97466717E-003
    744.87923   8.95764525E-003
    745.17620   8.94067379E-003
    745.47317   8.92375258E-003
    745.77013   8.90688146E-003
    746.06710   8.89006022E-003
    746.36407   8.87328868E-003
    746.66104   8.85656665E-003
    746.95800   8.83989395E-003
    747.25497   8.82327040E-003
    747.55194   8.80669581E-003
    747.84890   8.79016999E-003
    748.14587   8.77369277E-003
    748.44284   8.75726396E-003
    748.73981   8.74088338E-003
    749.03677   8.72455085E-003
    749.33374   8.70826619E-003
    749.63071   8.69202922E-003
    749.92767   8.67583977E-003
    750.22464   8.65969765E-003
    750.52161   8.64360270E-003
    750.81858   8.62755472E-003
    751.11554   8.61155356E-003
    751.41251   8.59559903E-003
    751.70948   8.57969096E-003
    752.00645   8.56382918E-003
    752.30341   8.54801351E-003
    752.60038   8.53224379E-003
    752.89735   8.51651984E-003
    753.19431   8.50084148E-003
    753.49128   8.48520856E-003
    753.78825   8.46962091E-003
    754.08522   8.45407835E-003
    754.38218   8.43858071E-003
    754.67915   8.42312784E-003
    754.97612   8.40771956E-003
    755.27309   8.39235571E-003
    755.57005   8.37703612E-003
    755.86702   8.36176063E-003
    756.16399   8.34652908E-003
    756.46095   8.33134130E-003
    756.75792   8.31619713E-003
    757.05489   8.30109641E-003
    757.35186   8.28603897E-003
    757.64882   8.27102467E-003
    757.94579   8.25605334E-003
    758.24276   8.24112481E-003
    758.53973   8.22623894E-003
    758.83669   8.21139556E-003
    759.13366   8.19659452E-003
    759.43063   8.18183565E-003
    759.72759   8.16711882E-003
    760.02456   8.15244385E-003
    760.32153   8.13781060E-003
    760.61850   8.12321890E-003
    760.91546   8.10866862E-003
    761.21243   8.09415959E-003
    761.50940   8.07969167E-003
    761.80636   8.06526470E-003
    762.10333   8.05087853E-003
    762.40030   8.03653301E-003
    762.69727   8.02222800E-003
    762.99423   8.00796333E-003
    763.29120   7.99373888E-003
    763.58817   7.97955448E-003
    763.88514   7.96540999E-003
    764.18210   7.95130526E-003
    764.47907   7.93724015E-003
    764.77604   7.92321452E-003
    765.07300   7.90922821E-003
    765.36997   7.89528109E-003
    765.66694   7.88137300E-003
    765.96391   7.86750382E-003
    766.26087   7.85367339E-003
    766.55784   7.83988157E-003
    766.85481   7.82612823E-003
    767.15178   7.81241321E-003
    767.44874   7.79873639E-003
    767.74571   7.78509762E-003
    768.04268   7.77149676E-003
    768.33964   7.75793368E-003
    768.63661   7.74440824E-003
    768.93358   7.73092030E-003
    769.23055   7.71746971E-003
    769.52751   7.70405636E-003
    769.82448   7.69068010E-003
    770.12145   7.67734079E-003
    770.41842   7.66403831E-003
    770.71538   7.65077252E-003
    771.01235   7.63754328E-003
    771.30932   7.62435046E-003
    771.60628   7.61119393E-003
    771.90325   7.59807356E-003
    772.20022   7.58498922E-003
    772.49719   7.57194078E-003
    772.79415   7.55892810E-003
    773.09112   7.54595106E-003
    773.38809   7.53300952E-003
    773.68505   7.52010337E-003
    773.98202   7.50723246E-003
    774.27899   7.49439668E-003
    774.57596   7.48159590E-003
    774.87292   7.46882999E-003
    775.16989   7.45609882E-003
    775.46686   7.44340227E-003
    775.76383   7.43074022E-003
    776.06079   7.41811253E-003
    776.35776   7.40551909E-003
    776.65473   7.39295977E-003
    776.95169   7.38043445E-003
    777.24866   7.36794301E-003
    777.54563   7.35548532E-003
    777.84260   7.34306127E-003
    778.13956   7.33067073E-003
    778.43653   7.31831359E-003
    778.73350   7.30598971E-003
    779.03047   7.29369899E-003
    779.32743   7.28144130E-003
    779.62440   7.26921653E-003
    779.92137   7.25702456E-003
    780.21833   7.24486526E-003
    780.51530   7.23273853E-003
    780.81227   7.22064425E-003
    781.10924   7.20858229E-003
    781.40620   7.19655255E-003
    781.70317   7.18455491E-003
    782.00014   7.17258926E-003
    782.29711   7.16065548E-003
    782.59407   7.14875345E-003
    782.89104   7.13688307E-003
    783.18801   7.12504422E-003
    783.48497   7.11323678E-003
    783.78194   7.10146066E-003
    784.07891   7.08971573E-003
    784.37588   7.07800188E-003
    784.67284   7.06631901E-003
    784.96981   7.05466700E-003
    785.26678   7.04304574E-003
    785.56374   7.03145513E-003
    785.86071   7.01989506E-003
    786.15768   7.00836541E-003
    786.45465   6.99686609E-003
    786.75161   6.98539697E-003
    787.04858   6.97395796E-003
    787.34555   6.96254895E-003
    787.64252   6.95116984E-003
    787.93948   6.93982050E-003
    788.23645   6.92850086E-003
    788.53342   6.91721078E-003
    788.83038   6.90595018E-003
    789.12735   6.89471895E-003
    789.42432   6.88351698E-003
    789.72129   6.87234418E-003
    790.01825   6.86120043E-003
    790.31522   6.85008564E-003
    790.61219   6.83899970E-003
    790.90916   6.82794252E-003
    791.20612   6.81691399E-003
    791.50309   6.80591401E-003
    791.80006   6.79494248E-003
    792.09702   6.78399930E-003
    792.39399   6.77308438E-003
    792.69096   6.76219760E-003
    792.98793   6.75133888E-003
    793.28489   6.74050812E-003
    793.58186   6.72970521E-003
    793.87883   6.71893006E-003
    794.17579   6.70818258E-003
    794.47276   6.69746266E-003
    794.76973   6.68677021E-003
    795.06670   6.67610514E-003
    795.36366   6.66546735E-003
    795.66063   6.65485673E-003
    795.95760   6.64427321E-003
    796.25457   6.63371668E-003
    796.55153   6.62318705E-003
    796.84850   6.61268423E-003
    797.14547   6.60220813E-003
    797.44243   6.59175864E-003
    797.73940   6.58133568E-003
    798.03637   6.57093916E-003
    798.33334   6.56056898E-003
    798.63030   6.55022505E-003
    798.92727   6.53990729E-003
    799.22424   6.52961560E-003
    799.52121   6.51934988E-003
    799.81817   6.50911006E-003
    800.11514   6.49889604E-003
    800.41211   6.48870774E-003
    800.70907   6.47854505E-003
    801.00604   6.46840790E-003
    801.30301   6.45829620E-003
    801.59998   6.44820986E-003
    801.89694   6.43814879E-003
    802.19391   6.42811290E-003
    802.49088   6.41810212E-003
    802.78785   6.40811634E-003
    803.08481   6.39815549E-003
    803.38178   6.38821948E-003
    803.67875   6.37830822E-003
    803.97571   6.36842163E-003
    804.27268   6.35855963E-003
    804.56965   6.34872213E-003
    804.86662   6.33890905E-003
    805.16358   6.32912030E-003
    805.46055   6.31935579E-003
    805.75752   6.30961546E-003
    806.05448   6.29989921E-003
    806.35145   6.29020696E-003
    806.64842   6.28053863E-003
    806.94539   6.27089414E-003
    807.24235   6.26127341E-003
    807.53932   6.25167635E-003
    807.83629   6.24210289E-003
    808.13326   6.23255294E-003
    808.43022   6.22302643E-003
    808.72719   6.21352328E-003
    809.02416   6.20404340E-003
    809.32112   6.19458671E-003
    809.61809   6.18515315E-003
    809.91506   6.17574263E-003
    810.21203   6.16635506E-003
    810.50899   6.15699038E-003
    810.80596   6.14764851E-003
    811.10293   6.13832937E-003
    811.39990   6.12903288E-003
    811.69686   6.11975896E-003
    811.99383   6.11050755E-003
    812.29080   6.10127855E-003
    812.58776   6.09207191E-003
    812.88473   6.08288754E-003
    813.18170   6.07372537E-003
    813.47867   6.06458532E-003
    813.77563   6.05546731E-003
    814.07260   6.04637129E-003
    814.36957   6.03729716E-003
    814.66654   6.02824486E-003
    814.96350   6.01921431E-003
    815.26047   6.01020545E-003
    815.55744   6.00121819E-003
    815.85440   5.99225246E-003
    816.15137   5.98330821E-003
    816.44834   5.97438534E-003
    816.74531   5.96548379E-003
    817.04227   5.95660349E-003
    817.33924   5.94774437E-003
    817.63621   5.93890636E-003
    817.93317   5.93008938E-003
    818.23014   5.92129337E-003
    818.52711   5.91251826E-003
    818.82408   5.90376397E-003
    819.12104   5.89503044E-003
    819.41801   5.88631761E-003
    819.71498   5.87762539E-003
    820.01195   5.86895372E-003
    820.30891   5.86030254E-003
    820.60588   5.85167177E-003
    820.90285   5.84306135E-003
    821.19981   5.83447121E-003
    821.49678   5.82590129E-003
    821.79375   5.81735151E-003
    822.09072   5.80882181E-003
    822.38768   5.80031212E-003
    822.68465   5.79182239E-003
    822.98162   5.78335253E-003
    823.27859   5.77490249E-003
    823.57555   5.76647220E-003
    823.87252   5.75806160E-003
    824.16949   5.74967062E-003
    824.46645   5.74129919E-003
    824.76342   5.73294726E-003
    825.06039   5.72461476E-003
    825.35736   5.71630162E-003
    825.65432   5.70800778E-003
    825.95129   5.69973318E-003
    826.24826   5.69147776E-003
    826.54522   5.68324145E-003
    826.84219   5.67502418E-003
    827.13916   5.66682591E-003
    827.43613   5.65864656E-003
    827.73309   5.65048607E-003
    828.03006   5.64234439E-003
    828.32703   5.63422145E-003
    828.62400   5.62611718E-003
    828.92096   5.61803154E-003
    829.21793   5.60996445E-003
    829.51490   5.60191586E-003
    829.81186   5.59388571E-003
    830.10883   5.58587394E-003
    830.40580   5.57788049E-003
    830.70277   5.56990529E-003
    830.99973   5.56194830E-003
    831.29670   5.55400945E-003
    831.59367   5.54608868E-003
    831.89064   5.53818593E-003
    832.18760   5.53030115E-003
    832.48457   5.52243428E-003
    832.78154   5.51458525E-003
    833.07850   5.50675402E-003
    833.37547   5.49894053E-003
    833.67244   5.49114471E-003
    833.96941   5.48336651E-003
    834.26637   5.47560588E-003
    834.56334   5.46786276E-003
    834.86031   5.46013708E-003
    835.15728   5.45242881E-003
    835.45424   5.44473787E-003
    835.75121   5.43706422E-003
    836.04818   5.42940780E-003
    836.34514   5.42176855E-003
    836.64211   5.41414642E-003
    836.93908   5.40654135E-003
    837.23605   5.39895330E-003
    837.53301   5.39138220E-003
    837.82998   5.38382800E-003
    838.12695   5.37629065E-003
    838.42391   5.36877010E-003
    838.72088   5.36126628E-003
    839.01785   5.35377915E-003
    839.31482   5.34630866E-003
    839.61178   5.33885475E-003
    839.90875   5.33141737E-003
    840.20572   5.32399646E-003
    840.50269   5.31659198E-003
    840.79965   5.30920388E-003
    841.09662   5.30183209E-003
    841.39359   5.29447657E-003
    841.69055   5.28713727E-003
    841.98752   5.27981414E-003
    842.28449   5.27250712E-003
    842.58146   5.26521617E-003
    842.87842   5.25794123E-003
    843.17539   5.25068226E-003
    843.47236   5.24343919E-003
    843.76933   5.23621200E-003
    844.06629   5.22900061E-003
    844.36326   5.22180499E-003
    844.66023   5.21462509E-003
    844.95719   5.20746085E-003
    845.25416   5.20031223E-003
    845.55113   5.19317917E-003
    845.84810   5.18606164E-003
    846.14506   5.17895957E-003
    846.44203   5.17187293E-003
    846.73900   5.16480166E-003
    847.03597   5.15774572E-003
    847.33293   5.15070506E-003
    847.62990   5.14367962E-003
    847.92687   5.13666937E-003
    848.22383   5.12967426E-003
    848.52080   5.12269424E-003
    848.81777   5.11572925E-003
    849.11474   5.10877927E-003
    849.41170   5.10184423E-003
    849.70867   5.09492410E-003
    850.00564   5.08801882E-003
    850.30260   5.08112836E-003
    850.59957   5.07425266E-003
    850.89654   5.06739168E-003
    851.19351   5.06054537E-003
    851.49047   5.05371369E-003
    851.78744   5.04689660E-003
    852.08441   5.04009405E-003
    852.38138   5.03330599E-003
    852.67834   5.02653238E-003
    852.97531   5.01977317E-003
    853.27228   5.01302833E-003
    853.56924   5.00629780E-003
    853.86621   4.99958155E-003
    854.16318   4.99287953E-003
    854.46015   4.98619169E-003
    854.75711   4.97951800E-003
    855.05408   4.97285840E-003
    855.35105   4.96621286E-003
    855.64802   4.95958134E-003
    855.94498   4.95296379E-003
    856.24195   4.94636016E-003
    856.53892   4.93977042E-003
    856.83588   4.93319453E-003
    857.13285   4.92663243E-003
    857.42982   4.92008410E-003
    857.72679   4.91354948E-003
    858.02375   4.90702854E-003
    858.32072   4.90052124E-003
    858.61769   4.89402753E-003
    858.91465   4.88754737E-003
    859.21162   4.88108073E-003
    859.50859   4.87462755E-003
    859.80556   4.86818780E-003
    860.10252   4.86176145E-003
    860.39949   4.85534844E-003
    860.69646   4.84894875E-003
    860.99343   4.84256232E-003
    861.29039   4.83618912E-003
    861.58736   4.82982911E-003
    861.88433   4.82348225E-003
    862.18129   4.81714850E-003
    862.47826   4.81082783E-003
    862.77523   4.80452018E-003
    863.07220   4.79822553E-003
    863.36916   4.79194383E-003
    863.66613   4.78567505E-003
    863.96310   4.77941914E-003
    864.26007   4.77317608E-003
    864.55703   4.76694581E-003
    864.85400   4.76072831E-003
    865.15097   4.75452353E-003
    865.44793   4.74833143E-003
    865.74490   4.74215199E-003
    866.04187   4.73598516E-003
    866.33884   4.72983090E-003
    866.63580   4.72368917E-003
    866.93277   4.71755995E-003
    867.22974   4.71144319E-003
    867.52671   4.70533885E-003
    867.82367   4.69924691E-003
    868.12064   4.69316731E-003
    868.41761   4.68710003E-003
    868.71457   4.68104503E-003
    869.01154   4.67500228E-003
    869.30851   4.66897173E-003
    869.60548   4.66295335E-003
    869.90244   4.65694711E-003
    870.19941   4.65095297E-003
    870.49638   4.64497089E-003
    870.79334   4.63900084E-003
    871.09031   4.63304279E-003
    871.38728   4.62709669E-003
    871.68425   4.62116252E-003
    871.98121   4.61524024E-003
    872.27818   4.60932981E-003
    872.57515   4.60343120E-003
    872.87212   4.59754438E-003
    873.16908   4.59166931E-003
    873.46605   4.58580596E-003
    873.76302   4.57995428E-003
    874.05998   4.57411426E-003
    874.35695   4.56828585E-003
    874.65392   4.56246902E-003
    874.95089   4.55666375E-003
    875.24785   4.55086998E-003
    875.54482   4.54508770E-003
    875.84179   4.53931686E-003
    876.13876   4.53355744E-003
    876.43572   4.52780940E-003
    876.73269   4.52207271E-003
    877.02966   4.51634733E-003
    877.32662   4.51063324E-003
    877.62359   4.50493040E-003
    877.92056   4.49923878E-003
    878.21753   4.49355834E-003
    878.51449   4.48788906E-003
    878.81146   4.48223091E-003
    879.10843   4.47658384E-003
    879.40540   4.47094783E-003
    879.70236   4.46532285E-003
    879.99933   4.45970886E-003
    880.29630   4.45410584E-003
    880.59326   4.44851375E-003
    880.89023   4.44293257E-003
    881.18720   4.43736225E-003
    881.48417   4.43180278E-003
    881.78113   4.42625411E-003
    882.07810   4.42071622E-003
    882.37507   4.41518908E-003
    882.67203   4.40967265E-003
    882.96900   4.40416692E-003
    883.26597   4.39867184E-003
    883.56294   4.39318738E-003
    883.85990   4.38771352E-003
    884.15687   4.38225023E-003
    884.45384   4.37679748E-003
    884.75081   4.37135523E-003
    885.04777   4.36592346E-003
    885.34474   4.36050213E-003
    885.64171   4.35509123E-003
    885.93867   4.34969071E-003
    886.23564   4.34430055E-003
    886.53261   4.33892073E-003
    886.82958   4.33355120E-003
    887.12654   4.32819195E-003
    887.42351   4.32284294E-003
    887.72048   4.31750415E-003
    888.01745   4.31217555E-003
    888.31441   4.30685710E-003
    888.61138   4.30154878E-003
    888.90835   4.29625057E-003
    889.20531   4.29096242E-003
    889.50228   4.28568433E-003
    889.79925   4.28041625E-003
    890.09622   4.27515816E-003
    890.39318   4.26991003E-003
    890.69015   4.26467184E-003
    890.98712   4.25944356E-003
    891.28409   4.25422515E-003
    891.58105   4.24901660E-003
    891.87802   4.24381787E-003
    892.17499   4.23862893E-003
    892.47195   4.23344977E-003
    892.76892   4.22828036E-003
    893.06589   4.22312066E-003
    893.36286   4.21797065E-003
    893.65982   4.21283030E-003
    893.95679   4.20769959E-003
    894.25376   4.20257849E-003
    894.55072   4.19746697E-003
    894.84769   4.19236501E-003
    895.14466   4.18727259E-003
    895.44163   4.18218967E-003
    895.73859   4.17711622E-003
    896.03556   4.17205223E-003
    896.33253   4.16699767E-003
    896.62950   4.16195252E-003
    896.92646   4.15691673E-003
    897.22343   4.15189030E-003
    897.52040   4.14687319E-003
    897.81736   4.14186539E-003
    898.11433   4.13686686E-003
    898.41130   4.13187757E-003
    898.70827   4.12689752E-003
    899.00523   4.12192666E-003
    899.30220   4.11696497E-003
    899.59917   4.11201244E-003
    899.89614   4.10706903E-003
    900.19310   4.10213472E-003
    900.49007   4.09720949E-003
    900.78704   4.09229330E-003
    901.08400   4.08738615E-003
    901.38097   4.08248800E-003
    901.67794   4.07759882E-003
    901.97491   4.07271860E-003
    902.27187   4.06784731E-003
    902.56884   4.06298493E-003
    902.86581   4.05813143E-003
    903.16277   4.05328679E-003
    903.45974   4.04845098E-003
    903.75671   4.04362398E-003
    904.05368   4.03880577E-003
    904.35064   4.03399633E-003
    904.64761   4.02919562E-003
    904.94458   4.02440364E-003
    905.24155   4.01962035E-003
    905.53851   4.01484573E-003
    905.83548   4.01007975E-003
    906.13245   4.00532241E-003
    906.42941   4.00057366E-003
    906.72638   3.99583350E-003
    907.02335   3.99110189E-003
    907.32032   3.98637881E-003
    907.61728   3.98166425E-003
    907.91425   3.97695818E-003
    908.21122   3.97226057E-003
    908.50819   3.96757141E-003
    908.80515   3.96289067E-003
    909.10212   3.95821833E-003
    909.39909   3.95355437E-003
    909.69605   3.94889876E-003
    909.99302   3.94425149E-003
    910.28999   3.93961253E-003
    910.58696   3.93498186E-003
    910.88392   3.93035946E-003
    911.18089   3.92574530E-003
    911.47786   3.92113937E-003
    911.77483   3.91654165E-003
    912.07179   3.91195210E-003
    912.36876   3.90737072E-003
    912.66573   3.90279748E-003
    912.96269   3.89823235E-003
    913.25966   3.89367533E-003
    913.55663   3.88912638E-003
    913.85360   3.88458548E-003
    914.15056   3.88005262E-003
    914.44753   3.87552778E-003
    914.74450   3.87101092E-003
    915.04146   3.86650204E-003
    915.33843   3.86200111E-003
    915.63540   3.85750811E-003
    915.93237   3.85302303E-003
    916.22933   3.84854583E-003
    916.52630   3.84407650E-003
    916.82327   3.83961502E-003
    917.12024   3.83516138E-003
    917.41720   3.83071554E-003
    917.71417   3.82627749E-003
    918.01114   3.82184721E-003
    918.30810   3.81742468E-003
    918.60507   3.81300987E-003
    918.90204   3.80860278E-003
    919.19901   3.80420338E-003
    919.49597   3.79981165E-003
    919.79294   3.79542757E-003
    920.08991   3.79105112E-003
    920.38688   3.78668228E-003
    920.68384   3.78232104E-003
    920.98081   3.77796736E-003
    921.27778   3.77362125E-003
    921.57474   3.76928266E-003
    921.87171   3.76495159E-003
    922.16868   3.76062802E-003
    922.46565   3.75631193E-003
    922.76261   3.75200329E-003
    923.05958   3.74770210E-003
    923.35655   3.74340832E-003
    923.65352   3.73912195E-003
    923.95048   3.73484296E-003
    924.24745   3.73057134E-003
    924.54442   3.72630706E-003
    924.84138   3.72205011E-003
    925.13835   3.71780047E-003
    925.43532   3.71355812E-003
    925.73229   3.70932305E-003
    926.02925   3.70509522E-003
    926.32622   3.70087464E-003
    926.62319   3.69666127E-003
    926.92015   3.69245511E-003
    927.21712   3.68825612E-003
    927.51409   3.68406430E-003
    927.81106   3.67987963E-003
    928.10802   3.67570209E-003
    928.40499   3.67153165E-003
    928.70196   3.66736831E-003
    928.99893   3.66321205E-003
    929.29589   3.65906284E-003
    929.59286   3.65492067E-003
    929.88983   3.65078553E-003
    930.18679   3.64665739E-003
    930.48376   3.64253624E-003
    930.78073   3.63842207E-003
    931.07770   3.63431484E-003
    931.37466   3.63021456E-003
    931.67163   3.62612119E-003
    931.96860   3.62203472E-003
    932.26557   3.61795514E-003
    932.56253   3.61388243E-003
    932.85950   3.60981657E-003
    933.15647   3.60575755E-003
    933.45343   3.60170534E-003
    933.75040   3.59765994E-003
    934.04737   3.59362132E-003
    934.34434   3.58958947E-003
    934.64130   3.58556437E-003
    934.93827   3.58154600E-003
    935.23524   3.57753436E-003
    935.53220   3.57352941E-003
    935.82917   3.56953115E-003
    936.12614   3.56553957E-003
    936.42311   3.56155463E-003
    936.72007   3.55757633E-003
    937.01704   3.55360466E-003
    937.31401   3.54963959E-003
    937.61098   3.54568110E-003
    937.90794   3.54172919E-003
    938.20491   3.53778384E-003
    938.50188   3.53384503E-003
    938.79884   3.52991275E-003
    939.09581   3.52598697E-003
    939.39278   3.52206769E-003
    939.68975   3.51815489E-003
    939.98671   3.51424855E-003
    940.28368   3.51034866E-003
    940.58065   3.50645520E-003
    940.87762   3.50256816E-003
    941.17458   3.49868751E-003
    941.47155   3.49481326E-003
    941.76852   3.49094537E-003
    942.06548   3.48708384E-003
    942.36245   3.48322865E-003
    942.65942   3.47937978E-003
    942.95639   3.47553723E-003
    943.25335   3.47170097E-003
    943.55032   3.46787098E-003
    943.84729   3.46404727E-003
    944.14426   3.46022980E-003
    944.44122   3.45641857E-003
    944.73819   3.45261355E-003
    945.03516   3.44881475E-003
    945.33212   3.44502213E-003
    945.62909   3.44123569E-003
    945.92606   3.43745541E-003
    946.22303   3.43368128E-003
    946.51999   3.42991328E-003
    946.81696   3.42615140E-003
    947.11393   3.42239562E-003
    947.41089   3.41864593E-003
    947.70786   3.41490232E-003
    948.00483   3.41116477E-003
    948.30180   3.40743326E-003
    948.59876   3.40370778E-003
    948.89573   3.39998833E-003
    949.19270   3.39627487E-003
    949.48967   3.39256741E-003
    949.78663   3.38886592E-003
    950.08360   3.38517040E-003
    950.38057   3.38148082E-003
    950.67753   3.37779717E-003
    950.97450   3.37411945E-003
    951.27147   3.37044763E-003
    951.56844   3.36678170E-003
    951.86540   3.36312166E-003
    952.16237   3.35946748E-003
    952.45934   3.35581915E-003
    952.75631   3.35217666E-003
    953.05327   3.34853999E-003
    953.35024   3.34490913E-003
    953.64721   3.34128407E-003
    953.94417   3.33766480E-003
    954.24114   3.33405129E-003
    954.53811   3.33044355E-003
    954.83508   3.32684155E-003
    955.13204   3.32324527E-003
    955.42901   3.31965472E-003
    955.72598   3.31606987E-003
    956.02295   3.31249072E-003
    956.31991   3.30891724E-003
    956.61688   3.30534942E-003
    956.91385   3.30178726E-003
    957.21081   3.29823074E-003
    957.50778   3.29467985E-003
    957.80475   3.29113456E-003
    958.10172   3.28759488E-003
    958.39868   3.28406079E-003
    958.69565   3.28053227E-003
    958.99262   3.27700932E-003
    959.28958   3.27349192E-003
    959.58655   3.26998005E-003
    959.88352   3.26647371E-003
    960.18049   3.26297288E-003
    960.47745   3.25947755E-003
    960.77442   3.25598770E-003
    961.07139   3.25250334E-003
    961.36836   3.24902443E-003
    961.66532   3.24555098E-003
    961.96229   3.24208296E-003
    962.25926   3.23862037E-003
    962.55622   3.23516319E-003
    962.85319   3.23171141E-003
    963.15016   3.22826502E-003
    963.44713   3.22482401E-003
    963.74409   3.22138836E-003
    964.04106   3.21795807E-003
    964.33803   3.21453311E-003
    964.63500   3.21111349E-003
    964.93196   3.20769918E-003
    965.22893   3.20429017E-003
    965.52590   3.20088646E-003
    965.82286   3.19748803E-003
    966.11983   3.19409487E-003
    966.41680   3.19070697E-003
    966.71377   3.18732431E-003
    967.01073   3.18394689E-003
    967.30770   3.18057469E-003
    967.60467   3.17720770E-003
    967.90163   3.17384591E-003
    968.19860   3.17048931E-003
    968.49557   3.16713788E-003
    968.79254   3.16379162E-003
    969.08950   3.16045052E-003
    969.38647   3.15711455E-003
    969.68344   3.15378371E-003
    969.98041   3.15045800E-003
    970.27737   3.14713739E-003
    970.57434   3.14382188E-003
    970.87131   3.14051146E-003
    971.16827   3.13720611E-003
    971.46524   3.13390582E-003
    971.76221   3.13061058E-003
    972.05918   3.12732039E-003
    972.35614   3.12403522E-003
    972.65311   3.12075508E-003
    972.95008   3.11747994E-003
    973.24705   3.11420980E-003
    973.54401   3.11094464E-003
    973.84098   3.10768446E-003
    974.13795   3.10442925E-003
    974.43491   3.10117899E-003
    974.73188   3.09793367E-003
    975.02885   3.09469328E-003
    975.32582   3.09145781E-003
    975.62278   3.08822726E-003
    975.91975   3.08500160E-003
    976.21672   3.08178083E-003
    976.51369   3.07856494E-003
    976.81065   3.07535392E-003
    977.10762   3.07214776E-003
    977.40459   3.06894644E-003
    977.70155   3.06574996E-003
    977.99852   3.06255831E-003
    978.29549   3.05937147E-003
    978.59246   3.05618944E-003
    978.88942   3.05301220E-003
    979.18639   3.04983975E-003
    979.48336   3.04667207E-003
    979.78032   3.04350916E-003
    980.07729   3.04035099E-003
    980.37426   3.03719758E-003
    980.67123   3.03404889E-003
    980.96819   3.03090493E-003
    981.26516   3.02776568E-003
