     64.48994   2.32292886E-047
     64.66153   9.92809267E-047
     64.83312   4.16924879E-046
     65.00471   1.72070554E-045
     65.17630   6.98080303E-045
     65.34789   2.78449400E-044
     65.51947   1.09224471E-043
     65.69106   4.21420605E-043
     65.86265   1.59963858E-042
     66.03424   5.97482429E-042
     66.20583   2.19639897E-041
     66.37742   7.94812343E-041
     66.54900   2.83183872E-040
     66.72059   9.93585103E-040
     66.89218   3.43364364E-039
     67.06377   1.16895767E-038
     67.23536   3.92115924E-038
     67.40695   1.29622359E-037
     67.57854   4.22349182E-037
     67.75012   1.35664173E-036
     67.92171   4.29669881E-036
     68.09330   1.34200551E-035
     68.26489   4.13424057E-035
     68.43648   1.25640794E-034
     68.60807   3.76729413E-034
     68.77965   1.11470975E-033
     68.95124   3.25533750E-033
     69.12283   9.38425515E-033
     69.29442   2.67079067E-032
     69.46601   7.50553996E-032
     69.63760   2.08300824E-031
     69.80918   5.70993311E-031
     69.98077   1.54619837E-030
     70.15236   4.13671775E-030
     70.32395   1.09361522E-029
     70.49554   2.85727375E-029
     70.66713   7.37866300E-029
     70.83872   1.88365380E-028
     71.01030   4.75423204E-028
     71.18189   1.18651451E-027
     71.35348   2.92843701E-027
     71.52507   7.14866395E-027
     71.69666   1.72621671E-026
     71.86825   4.12383939E-026
     72.03983   9.74760667E-026
     72.21142   2.28001243E-025
     72.38301   5.27802985E-025
     72.55460   1.20935454E-024
     72.72619   2.74304984E-024
     72.89778   6.15974097E-024
     73.06936   1.36958715E-023
     73.24095   3.01553592E-023
     73.41254   6.57560106E-023
     73.58413   1.42020295E-022
     73.75572   3.03848177E-022
     73.92731   6.44022149E-022
     74.09890   1.35247420E-021
     74.27048   2.81440554E-021
     74.44207   5.80388479E-021
     74.61366   1.18623203E-020
     74.78525   2.40316201E-020
     74.95684   4.82616568E-020
     75.12843   9.60881569E-020
     75.30001   1.89682869E-019
     75.47160   3.71294565E-019
     75.64319   7.20746286E-019
     75.81478   1.38758681E-018
     75.98637   2.64967088E-018
     76.15796   5.01900130E-018
     76.32954   9.43138317E-018
     76.50113   1.75834784E-017
     76.67272   3.25269735E-017
     76.84431   5.97076052E-017
     77.01590   1.08767711E-016
     77.18749   1.96648854E-016
     77.35908   3.52890727E-016
     77.53066   6.28611516E-016
     77.70225   1.11161168E-015
     77.87384   1.95158534E-015
     78.04543   3.40188982E-015
     78.21702   5.88823782E-015
     78.38861   1.01208406E-014
     78.56019   1.72761637E-014
     78.73178   2.92893983E-014
     78.90337   4.93217580E-014
     79.07496   8.25018634E-014
     79.24655   1.37093811E-013
     79.41814   2.26324835E-013
     79.58972   3.71225558E-013
     79.76131   6.05014066E-013
     79.93290   9.79817767E-013
     80.10449   1.57691150E-012
     80.27608   2.52220906E-012
     80.44767   4.00955182E-012
     80.61926   6.33549367E-012
     80.79084   9.95092676E-012
     80.96243   1.55372180E-011
     81.13402   2.41177922E-011
     81.30561   3.72206512E-011
     81.47720   5.71136310E-011
     81.64879   8.71428783E-011
     81.82037   1.32216905E-010
     81.99196   1.99494695E-010
     82.16355   2.99358104E-010
     82.33514   4.46777938E-010
     82.50673   6.63221936E-010
     82.67832   9.79304281E-010
     82.84990   1.43844377E-009
     83.02149   2.10188608E-009
     83.19308   3.05555992E-009
     83.36467   4.41938470E-009
     83.53626   6.35983641E-009
     83.70785   9.10681900E-009
     83.87944   1.29761937E-008
     84.05102   1.83997007E-008
     84.22261   2.59644865E-008
     84.39420   3.64650424E-008
     84.56579   5.09710907E-008
     84.73738   7.09158513E-008
     84.90897   9.82102087E-008
     85.08055   1.35389616E-007
     85.25214   1.85802153E-007
     85.42373   2.53848039E-007
     85.59532   3.45283134E-007
     85.76691   4.67601574E-007
     85.93850   6.30515775E-007
     86.11008   8.46555559E-007
     86.28167   1.13181227E-006
     86.45326   1.50685842E-006
     86.62485   1.99787862E-006
     86.79644   2.63805364E-006
     86.96803   3.46924589E-006
     87.13962   4.54404210E-006
     87.31120   5.92821677E-006
     87.48279   7.70368889E-006
     87.65438   9.97205340E-006
     87.82597   1.28587790E-005
     87.99756   1.65181738E-005
     88.16915   2.11392312E-005
     88.34073   2.69524793E-005
     88.51232   3.42379657E-005
     88.68391   4.33345243E-005
     88.85550   5.46504738E-005
     89.02709   6.86759128E-005
     89.19868   8.59967775E-005
     89.37026   1.07310839E-004
     89.54185   1.33445813E-004
     89.71344   1.65379767E-004
     89.88503   2.04263984E-004
     90.05662   2.51448474E-004
     90.22821   3.08510257E-004
     90.39980   3.77284589E-004
     90.57138   4.59899228E-004
     90.74297   5.58811836E-004
     90.91456   6.76850574E-004
     91.08615   8.17257915E-004
     91.25774   9.83737636E-004
     91.42933   1.18050490E-003
     91.60091   1.41233934E-003
     91.77250   1.68464080E-003
     91.94409   2.00348771E-003
     92.11568   2.37569739E-003
     92.28727   2.80888823E-003
     92.45886   3.31154288E-003
     92.63044   3.89307212E-003
     92.80203   4.56387849E-003
     92.97362   5.33541917E-003
     93.14521   6.22026688E-003
     93.31680   7.23216827E-003
     93.48839   8.38609845E-003
     93.65998   9.69831077E-003
     93.83156   1.11863806E-002
     94.00315   1.28692423E-002
     94.17474   1.47672169E-002
     94.34633   1.69020320E-002
     94.51792   1.92968288E-002
     94.68951   2.19761589E-002
     94.86109   2.49659671E-002
     95.03268   2.82935604E-002
     95.20427   3.19875612E-002
     95.37586   3.60778460E-002
     95.54745   4.05954649E-002
     95.71904   4.55725465E-002
     95.89062   5.10421824E-002
     96.06221   5.70382954E-002
     96.23380   6.35954892E-002
     96.40539   7.07488796E-002
     96.57698   7.85339090E-002
     96.74857   8.69861442E-002
     96.92016   9.61410575E-002
     97.09174   1.06033794E-001
     97.26333   1.16698927E-001
     97.43492   1.28170195E-001
     97.60651   1.40480242E-001
     97.77810   1.53660337E-001
     97.94969   1.67740094E-001
     98.12127   1.82747193E-001
     98.29286   1.98707093E-001
     98.46445   2.15642751E-001
     98.63604   2.33574353E-001
     98.80763   2.52519040E-001
     98.97922   2.72490657E-001
     99.15080   2.93499513E-001
     99.32239   3.15552152E-001
     99.49398   3.38651153E-001
     99.66557   3.62794947E-001
     99.83716   3.87977662E-001
    100.00875   4.14188987E-001
    100.18033   4.41414079E-001
    100.35192   4.69633486E-001
    100.52351   4.98823114E-001
    100.69510   5.28954222E-001
    100.86669   5.59993446E-001
    101.03828   5.91902873E-001
    101.20987   6.24640131E-001
    101.38145   6.58158525E-001
    101.55304   6.92407205E-001
    101.72463   7.27331364E-001
    101.89622   7.62872466E-001
    102.06781   7.98968511E-001
    102.23940   8.35554318E-001
    102.41098   8.72561838E-001
    102.58257   9.09920489E-001
    102.75416   9.47557510E-001
    102.92575   9.85398334E-001
    103.09734   1.02336697E+000
    103.26893   1.06138639E+000
    103.44051   1.09937896E+000
    103.61210   1.13726679E+000
    103.78369   1.17497220E+000
    103.95528   1.21241807E+000
    104.12687   1.24952826E+000
    104.29846   1.28622799E+000
    104.47005   1.32244419E+000
    104.64163   1.35810589E+000
    104.81322   1.39314450E+000
    104.98481   1.42749419E+000
    105.15640   1.46109211E+000
    105.32799   1.49387871E+000
    105.49958   1.52579793E+000
    105.67116   1.55679742E+000
    105.84275   1.58682876E+000
    106.01434   1.61584751E+000
    106.18593   1.64381344E+000
    106.35752   1.67069053E+000
    106.52911   1.69644704E+000
    106.70069   1.72105556E+000
    106.87228   1.74449300E+000
    107.04387   1.76674050E+000
    107.21546   1.78778347E+000
    107.38705   1.80761139E+000
    107.55864   1.82621778E+000
    107.73023   1.84360004E+000
    107.90181   1.85975929E+000
    108.07340   1.87470021E+000
    108.24499   1.88843083E+000
    108.41658   1.90096238E+000
    108.58817   1.91230903E+000
    108.75976   1.92248768E+000
    108.93134   1.93151775E+000
    109.10293   1.93942096E+000
    109.27452   1.94622104E+000
    109.44611   1.95194356E+000
    109.61770   1.95661569E+000
    109.78929   1.96026594E+000
    109.96087   1.96292395E+000
    110.13246   1.96462031E+000
    110.30405   1.96538633E+000
    110.47564   1.96525384E+000
    110.64723   1.96425500E+000
    110.81882   1.96242217E+000
    110.99041   1.95978770E+000
    111.16199   1.95638383E+000
    111.33358   1.95224251E+000
    111.50517   1.94739532E+000
    111.67676   1.94187336E+000
    111.84835   1.93570715E+000
    112.01994   1.92892654E+000
    112.19152   1.92156068E+000
    112.36311   1.91363794E+000
    112.53470   1.90518589E+000
    112.70629   1.89623128E+000
    112.87788   1.88679999E+000
    113.04947   1.87691706E+000
    113.22105   1.86660667E+000
    113.39264   1.85589218E+000
    113.56423   1.84479611E+000
    113.73582   1.83334021E+000
    113.90741   1.82154545E+000
    114.07900   1.80943208E+000
    114.25059   1.79701968E+000
    114.42217   1.78432718E+000
    114.59376   1.77137290E+000
    114.76535   1.75817463E+000
    114.93694   1.74474964E+000
    115.10853   1.73111475E+000
    115.28012   1.71728635E+000
    115.45170   1.70328047E+000
    115.62329   1.68911281E+000
    115.79488   1.67479876E+000
    115.96647   1.66035347E+000
    116.13806   1.64579185E+000
    116.30965   1.63112860E+000
    116.48123   1.61637827E+000
    116.65282   1.60155523E+000
    116.82441   1.58667372E+000
    116.99600   1.57174783E+000
    117.16759   1.55679155E+000
    117.33918   1.54181873E+000
    117.51077   1.52684311E+000
    117.68235   1.51187830E+000
    117.85394   1.49693776E+000
    118.02553   1.48203482E+000
    118.19712   1.46718263E+000
    118.36871   1.45239417E+000
    118.54030   1.43768223E+000
    118.71188   1.42305935E+000
    118.88347   1.40853783E+000
    119.05506   1.39412970E+000
    119.22665   1.37984669E+000
    119.39824   1.36570019E+000
    119.56983   1.35170124E+000
    119.74141   1.33786048E+000
    119.91300   1.32418815E+000
    120.08459   1.31069404E+000
    120.25618   1.29738746E+000
    120.42777   1.28427723E+000
    120.59936   1.27137164E+000
    120.77095   1.25867844E+000
    120.94253   1.24620481E+000
    121.11412   1.23395734E+000
    121.28571   1.22194202E+000
    121.45730   1.21016421E+000
    121.62889   1.19862864E+000
    121.80048   1.18733940E+000
    121.97206   1.17629990E+000
    122.14365   1.16551294E+000
    122.31524   1.15498061E+000
    122.48683   1.14470436E+000
    122.65842   1.13468500E+000
    122.83001   1.12492264E+000
    123.00159   1.11541680E+000
    123.17318   1.10616632E+000
    123.34477   1.09716944E+000
    123.51636   1.08842379E+000
    123.68795   1.07992640E+000
    123.85954   1.07167375E+000
    124.03113   1.06366174E+000
    124.20271   1.05588579E+000
    124.37430   1.04834077E+000
    124.54589   1.04102110E+000
    124.71748   1.03392078E+000
    124.88907   1.02703335E+000
    125.06066   1.02035199E+000
    125.23224   1.01386952E+000
    125.40383   1.00757844E+000
    125.57542   1.00147096E+000
    125.74701   9.95539043E-001
    125.91860   9.89774409E-001
    126.09019   9.84168607E-001
    126.26177   9.78713025E-001
    126.43336   9.73398931E-001
    126.60495   9.68217501E-001
    126.77654   9.63159857E-001
    126.94813   9.58217096E-001
    127.11972   9.53380321E-001
    127.29131   9.48640673E-001
    127.46289   9.43989358E-001
    127.63448   9.39417678E-001
    127.80607   9.34917056E-001
    127.97766   9.30479064E-001
    128.14925   9.26095446E-001
    128.32084   9.21758142E-001
    128.49242   9.17459310E-001
    128.66401   9.13191348E-001
    128.83560   9.08946910E-001
    129.00719   9.04718926E-001
    129.17878   9.00500617E-001
    129.35037   8.96285509E-001
    129.52195   8.92067448E-001
    129.69354   8.87840608E-001
    129.86513   8.83599505E-001
    130.03672   8.79339000E-001
    130.20831   8.75054312E-001
    130.37990   8.70741017E-001
    130.55149   8.66395056E-001
    130.72307   8.62012737E-001
    130.89466   8.57590733E-001
    131.06625   8.53126088E-001
    131.23784   8.48616206E-001
    131.40943   8.44058859E-001
    131.58102   8.39452175E-001
    131.75260   8.34794636E-001
    131.92419   8.30085073E-001
    132.09578   8.25322657E-001
    132.26737   8.20506893E-001
    132.43896   8.15637609E-001
    132.61055   8.10714950E-001
    132.78213   8.05739365E-001
    132.95372   8.00711596E-001
    133.12531   7.95632669E-001
    133.29690   7.90503881E-001
    133.46849   7.85326788E-001
    133.64008   7.80103193E-001
    133.81167   7.74835130E-001
    133.98325   7.69524857E-001
    134.15484   7.64174837E-001
    134.32643   7.58787728E-001
    134.49802   7.53366370E-001
    134.66961   7.47913767E-001
    134.84120   7.42433083E-001
    135.01278   7.36927618E-001
    135.18437   7.31400803E-001
    135.35596   7.25856185E-001
    135.52755   7.20297414E-001
    135.69914   7.14728230E-001
    135.87073   7.09152454E-001
    136.04231   7.03573975E-001
    136.21390   6.97996738E-001
    136.38549   6.92424736E-001
    136.55708   6.86861996E-001
    136.72867   6.81312576E-001
    136.90026   6.75780547E-001
    137.07185   6.70269991E-001
    137.24343   6.64784993E-001
    137.41502   6.59329628E-001
    137.58661   6.53907958E-001
    137.75820   6.48524028E-001
    137.92979   6.43181853E-001
    138.10138   6.37885418E-001
    138.27296   6.32638674E-001
    138.44455   6.27445529E-001
    138.61614   6.22309847E-001
    138.78773   6.17235447E-001
    138.95932   6.12226095E-001
    139.13091   6.07285507E-001
    139.30249   6.02417345E-001
    139.47408   5.97625216E-001
    139.64567   5.92912670E-001
    139.81726   5.88283205E-001
    139.98885   5.83740259E-001
    140.16044   5.79287219E-001
    140.33203   5.74927415E-001
    140.50361   5.70664126E-001
    140.67520   5.66500580E-001
    140.84679   5.62439957E-001
    141.01838   5.58485389E-001
    141.18997   5.54639967E-001
    141.36156   5.50906739E-001
    141.53314   5.47288717E-001
    141.70473   5.43788877E-001
    141.87632   5.40410167E-001
    142.04791   5.37155506E-001
    142.21950   5.34027791E-001
    142.39109   5.31029901E-001
    142.56267   5.28164698E-001
    142.73426   5.25435035E-001
    142.90585   5.22843759E-001
    143.07744   5.20393712E-001
    143.24903   5.18087742E-001
    143.42062   5.15928699E-001
    143.59221   5.13919447E-001
    143.76379   5.12062863E-001
    143.93538   5.10361842E-001
    144.10697   5.08819303E-001
    144.27856   5.07438191E-001
    144.45015   5.06221480E-001
    144.62174   5.05172179E-001
    144.79332   5.04293333E-001
    144.96491   5.03588030E-001
    145.13650   5.03059397E-001
    145.30809   5.02710611E-001
    145.47968   5.02544895E-001
    145.65127   5.02565526E-001
    145.82285   5.02775832E-001
    145.99444   5.03179196E-001
    146.16603   5.03779059E-001
    146.33762   5.04578921E-001
    146.50921   5.05582338E-001
    146.68080   5.06792929E-001
    146.85239   5.08214372E-001
    147.02397   5.09850405E-001
    147.19556   5.11704829E-001
    147.36715   5.13781503E-001
    147.53874   5.16084346E-001
    147.71033   5.18617336E-001
    147.88192   5.21384507E-001
    148.05350   5.24389951E-001
    148.22509   5.27637811E-001
    148.39668   5.31132282E-001
    148.56827   5.34877609E-001
    148.73986   5.38878084E-001
    148.91145   5.43138038E-001
    149.08303   5.47661846E-001
    149.25462   5.52453917E-001
    149.42621   5.57518692E-001
    149.59780   5.62860640E-001
    149.76939   5.68484254E-001
    149.94098   5.74394044E-001
    150.11257   5.80594536E-001
    150.28415   5.87090263E-001
    150.45574   5.93885761E-001
    150.62733   6.00985563E-001
    150.79892   6.08394196E-001
    150.97051   6.16116170E-001
    151.14210   6.24155975E-001
    151.31368   6.32518074E-001
    151.48527   6.41206897E-001
    151.65686   6.50226832E-001
    151.82845   6.59582223E-001
    152.00004   6.69277357E-001
    152.17163   6.79316462E-001
    152.34321   6.89703695E-001
    152.51480   7.00443141E-001
    152.68639   7.11538801E-001
    152.85798   7.22994586E-001
    153.02957   7.34814308E-001
    153.20116   7.47001678E-001
    153.37275   7.59560293E-001
    153.54433   7.72493631E-001
    153.71592   7.85805042E-001
    153.88751   7.99497745E-001
    154.05910   8.13574815E-001
    154.23069   8.28039181E-001
    154.40228   8.42893616E-001
    154.57386   8.58140731E-001
    154.74545   8.73782967E-001
    154.91704   8.89822590E-001
    155.08863   9.06261684E-001
    155.26022   9.23102143E-001
    155.43181   9.40345667E-001
    155.60339   9.57993755E-001
    155.77498   9.76047698E-001
    155.94657   9.94508576E-001
    156.11816   1.01337725E+000
    156.28975   1.03265436E+000
    156.46134   1.05234030E+000
    156.63293   1.07243527E+000
    156.80451   1.09293920E+000
    156.97610   1.11385177E+000
    157.14769   1.13517245E+000
    157.31928   1.15690044E+000
    157.49087   1.17903468E+000
    157.66246   1.20157387E+000
    157.83404   1.22451643E+000
    158.00563   1.24786055E+000
    158.17722   1.27160412E+000
    158.34881   1.29574480E+000
    158.52040   1.32027996E+000
    158.69199   1.34520670E+000
    158.86357   1.37052187E+000
    159.03516   1.39622202E+000
    159.20675   1.42230348E+000
    159.37834   1.44876225E+000
    159.54993   1.47559410E+000
    159.72152   1.50279452E+000
    159.89311   1.53035874E+000
    160.06469   1.55828170E+000
    160.23628   1.58655810E+000
    160.40787   1.61518238E+000
    160.57946   1.64414868E+000
    160.75105   1.67345094E+000
    160.92264   1.70308279E+000
    161.09422   1.73303765E+000
    161.26581   1.76330867E+000
    161.43740   1.79388877E+000
    161.60899   1.82477060E+000
    161.78058   1.85594662E+000
    161.95217   1.88740901E+000
    162.12375   1.91914977E+000
    162.29534   1.95116065E+000
    162.46693   1.98343318E+000
    162.63852   2.01595871E+000
    162.81011   2.04872835E+000
    162.98170   2.08173304E+000
    163.15329   2.11496352E+000
    163.32487   2.14841033E+000
    163.49646   2.18206385E+000
    163.66805   2.21591429E+000
    163.83964   2.24995168E+000
    164.01123   2.28416590E+000
    164.18282   2.31854669E+000
    164.35440   2.35308363E+000
    164.52599   2.38776617E+000
    164.69758   2.42258364E+000
    164.86917   2.45752525E+000
    165.04076   2.49258009E+000
    165.21235   2.52773715E+000
    165.38393   2.56298534E+000
    165.55552   2.59831345E+000
    165.72711   2.63371022E+000
    165.89870   2.66916430E+000
    166.07029   2.70466430E+000
    166.24188   2.74019875E+000
    166.41347   2.77575615E+000
    166.58505   2.81132495E+000
    166.75664   2.84689358E+000
    166.92823   2.88245045E+000
    167.09982   2.91798395E+000
    167.27141   2.95348246E+000
    167.44300   2.98893437E+000
    167.61458   3.02432809E+000
    167.78617   3.05965202E+000
    167.95776   3.09489462E+000
    168.12935   3.13004435E+000
    168.30094   3.16508975E+000
    168.47253   3.20001937E+000
    168.64411   3.23482185E+000
    168.81570   3.26948587E+000
    168.98729   3.30400020E+000
    169.15888   3.33835366E+000
    169.33047   3.37253519E+000
    169.50206   3.40653380E+000
    169.67365   3.44033860E+000
    169.84523   3.47393881E+000
    170.01682   3.50732375E+000
    170.18841   3.54048288E+000
    170.36000   3.57340576E+000
    170.53159   3.60608210E+000
    170.70318   3.63850171E+000
    170.87476   3.67065457E+000
    171.04635   3.70253081E+000
    171.21794   3.73412068E+000
    171.38953   3.76541461E+000
    171.56112   3.79640318E+000
    171.73271   3.82707714E+000
    171.90429   3.85742739E+000
    172.07588   3.88744502E+000
    172.24747   3.91712131E+000
    172.41906   3.94644768E+000
    172.59065   3.97541576E+000
    172.76224   4.00401737E+000
    172.93383   4.03224451E+000
    173.10541   4.06008938E+000
    173.27700   4.08754436E+000
    173.44859   4.11460204E+000
    173.62018   4.14125522E+000
    173.79177   4.16749688E+000
    173.96336   4.19332022E+000
    174.13494   4.21871865E+000
    174.30653   4.24368577E+000
    174.47812   4.26821541E+000
    174.64971   4.29230159E+000
    174.82130   4.31593857E+000
    174.99289   4.33912078E+000
    175.16447   4.36184291E+000
    175.33606   4.38409984E+000
    175.50765   4.40588666E+000
    175.67924   4.42719868E+000
    175.85083   4.44803142E+000
    176.02242   4.46838064E+000
    176.19401   4.48824228E+000
    176.36559   4.50761252E+000
    176.53718   4.52648773E+000
    176.70877   4.54486451E+000
    176.88036   4.56273966E+000
    177.05195   4.58011021E+000
    177.22354   4.59697339E+000
    177.39512   4.61332662E+000
    177.56671   4.62916756E+000
    177.73830   4.64449406E+000
    177.90989   4.65930416E+000
    178.08148   4.67359614E+000
    178.25307   4.68736845E+000
    178.42465   4.70061974E+000
    178.59624   4.71334889E+000
    178.76783   4.72555493E+000
    178.93942   4.73723713E+000
    179.11101   4.74839491E+000
    179.28260   4.75902790E+000
    179.45419   4.76913593E+000
    179.62577   4.77871897E+000
    179.79736   4.78777723E+000
    179.96895   4.79631105E+000
    180.14054   4.80432098E+000
    180.31213   4.81180772E+000
    180.48372   4.81877216E+000
    180.65530   4.82521535E+000
    180.82689   4.83113850E+000
    180.99848   4.83654300E+000
    181.17007   4.84143040E+000
    181.34166   4.84580237E+000
    181.51325   4.84966079E+000
    181.68483   4.85300765E+000
    181.85642   4.85584510E+000
    182.02801   4.85817545E+000
    182.19960   4.86000113E+000
    182.37119   4.86132473E+000
    182.54278   4.86214895E+000
    182.71437   4.86247664E+000
    182.88595   4.86231079E+000
    183.05754   4.86165450E+000
    183.22913   4.86051100E+000
    183.40072   4.85888363E+000
    183.57231   4.85677587E+000
    183.74390   4.85419129E+000
    183.91548   4.85113359E+000
    184.08707   4.84760656E+000
    184.25866   4.84361411E+000
    184.43025   4.83916025E+000
    184.60184   4.83424908E+000
    184.77343   4.82888481E+000
    184.94501   4.82307172E+000
    185.11660   4.81681419E+000
    185.28819   4.81011670E+000
    185.45978   4.80298380E+000
    185.63137   4.79542012E+000
    185.80296   4.78743036E+000
    185.97455   4.77901932E+000
    186.14613   4.77019184E+000
    186.31772   4.76095285E+000
    186.48931   4.75130734E+000
    186.66090   4.74126036E+000
    186.83249   4.73081701E+000
    187.00408   4.71998248E+000
    187.17566   4.70876197E+000
    187.34725   4.69716076E+000
    187.51884   4.68518418E+000
    187.69043   4.67283759E+000
    187.86202   4.66012639E+000
    188.03361   4.64705605E+000
    188.20519   4.63363206E+000
    188.37678   4.61985992E+000
    188.54837   4.60574522E+000
    188.71996   4.59129352E+000
    188.89155   4.57651045E+000
    189.06314   4.56140165E+000
    189.23473   4.54597278E+000
    189.40631   4.53022953E+000
    189.57790   4.51417760E+000
    189.74949   4.49782270E+000
    189.92108   4.48117058E+000
    190.09267   4.46422698E+000
    190.26426   4.44699764E+000
    190.43584   4.42948834E+000
    190.60743   4.41170483E+000
    190.77902   4.39365289E+000
    190.95061   4.37533828E+000
    191.12220   4.35676678E+000
    191.29379   4.33794415E+000
    191.46537   4.31887616E+000
    191.63696   4.29956855E+000
    191.80855   4.28002708E+000
    191.98014   4.26025748E+000
    192.15173   4.24026547E+000
    192.32332   4.22005676E+000
    192.49491   4.19963706E+000
    192.66649   4.17901203E+000
    192.83808   4.15818734E+000
    193.00967   4.13716861E+000
    193.18126   4.11596148E+000
    193.35285   4.09457153E+000
    193.52444   4.07300433E+000
    193.69602   4.05126542E+000
    193.86761   4.02936031E+000
    194.03920   4.00729450E+000
    194.21079   3.98507343E+000
    194.38238   3.96270253E+000
    194.55397   3.94018719E+000
    194.72555   3.91753276E+000
    194.89714   3.89474457E+000
    195.06873   3.87182790E+000
    195.24032   3.84878800E+000
    195.41191   3.82563008E+000
    195.58350   3.80235930E+000
    195.75509   3.77898080E+000
    195.92667   3.75549966E+000
    196.09826   3.73192093E+000
    196.26985   3.70824961E+000
    196.44144   3.68449065E+000
    196.61303   3.66064897E+000
    196.78462   3.63672943E+000
    196.95620   3.61273686E+000
    197.12779   3.58867603E+000
    197.29938   3.56455166E+000
    197.47097   3.54036842E+000
    197.64256   3.51613096E+000
    197.81415   3.49184383E+000
    197.98573   3.46751157E+000
    198.15732   3.44313865E+000
    198.32891   3.41872950E+000
    198.50050   3.39428849E+000
    198.67209   3.36981994E+000
    198.84368   3.34532811E+000
    199.01527   3.32081722E+000
    199.18685   3.29629143E+000
    199.35844   3.27175485E+000
    199.53003   3.24721151E+000
    199.70162   3.22266543E+000
    199.87321   3.19812054E+000
    200.04480   3.17358073E+000
    200.21638   3.14904983E+000
    200.38797   3.12453161E+000
    200.55956   3.10002980E+000
    200.73115   3.07554806E+000
    200.90274   3.05109000E+000
    201.07433   3.02665917E+000
    201.24591   3.00225906E+000
    201.41750   2.97789312E+000
    201.58909   2.95356473E+000
    201.76068   2.92927722E+000
    201.93227   2.90503386E+000
    202.10386   2.88083785E+000
    202.27545   2.85669238E+000
    202.44703   2.83260052E+000
    202.61862   2.80856534E+000
    202.79021   2.78458982E+000
    202.96180   2.76067690E+000
    203.13339   2.73682945E+000
    203.30498   2.71305031E+000
    203.47656   2.68934224E+000
    203.64815   2.66570796E+000
    203.81974   2.64215013E+000
    203.99133   2.61867135E+000
    204.16292   2.59527417E+000
    204.33451   2.57196109E+000
    204.50609   2.54873455E+000
    204.67768   2.52559695E+000
    204.84927   2.50255062E+000
    205.02086   2.47959783E+000
    205.19245   2.45674084E+000
    205.36404   2.43398181E+000
    205.53562   2.41132287E+000
    205.70721   2.38876610E+000
    205.87880   2.36631352E+000
    206.05039   2.34396711E+000
    206.22198   2.32172879E+000
    206.39357   2.29960044E+000
    206.56516   2.27758388E+000
    206.73674   2.25568089E+000
    206.90833   2.23389320E+000
    207.07992   2.21222249E+000
    207.25151   2.19067039E+000
    207.42310   2.16923848E+000
    207.59469   2.14792830E+000
    207.76627   2.12674136E+000
    207.93786   2.10567908E+000
    208.10945   2.08474288E+000
    208.28104   2.06393412E+000
    208.45263   2.04325410E+000
    208.62422   2.02270409E+000
    208.79580   2.00228533E+000
    208.96739   1.98199900E+000
    209.13898   1.96184623E+000
    209.31057   1.94182812E+000
    209.48216   1.92194575E+000
    209.65375   1.90220012E+000
    209.82534   1.88259221E+000
    209.99692   1.86312297E+000
    210.16851   1.84379329E+000
    210.34010   1.82460404E+000
    210.51169   1.80555604E+000
    210.68328   1.78665008E+000
    210.85487   1.76788691E+000
    211.02645   1.74926725E+000
    211.19804   1.73079177E+000
    211.36963   1.71246111E+000
    211.54122   1.69427589E+000
    211.71281   1.67623669E+000
    211.88440   1.65834404E+000
    212.05598   1.64059846E+000
    212.22757   1.62300042E+000
    212.39916   1.60555037E+000
    212.57075   1.58824873E+000
    212.74234   1.57109587E+000
    212.91393   1.55409215E+000
    213.08552   1.53723790E+000
    213.25710   1.52053341E+000
    213.42869   1.50397895E+000
    213.60028   1.48757476E+000
    213.77187   1.47132105E+000
    213.94346   1.45521800E+000
    214.11505   1.43926578E+000
    214.28663   1.42346451E+000
    214.45822   1.40781431E+000
    214.62981   1.39231525E+000
    214.80140   1.37696740E+000
    214.97299   1.36177079E+000
    215.14458   1.34672543E+000
    215.31616   1.33183131E+000
    215.48775   1.31708840E+000
    215.65934   1.30249663E+000
    215.83093   1.28805594E+000
    216.00252   1.27376623E+000
    216.17411   1.25962738E+000
    216.34570   1.24563925E+000
    216.51728   1.23180168E+000
    216.68887   1.21811451E+000
    216.86046   1.20457752E+000
    217.03205   1.19119051E+000
    217.20364   1.17795326E+000
    217.37523   1.16486551E+000
    217.54681   1.15192699E+000
    217.71840   1.13913743E+000
    217.88999   1.12649654E+000
    218.06158   1.11400399E+000
    218.23317   1.10165946E+000
    218.40476   1.08946261E+000
    218.57634   1.07741308E+000
    218.74793   1.06551051E+000
    218.91952   1.05375450E+000
    219.09111   1.04214467E+000
    219.26270   1.03068060E+000
    219.43429   1.01936187E+000
    219.60588   1.00818804E+000
    219.77746   9.97158672E-001
    219.94905   9.86273306E-001
    220.12064   9.75531474E-001
    220.29223   9.64932697E-001
    220.46382   9.54476484E-001
    220.63541   9.44162337E-001
    220.80699   9.33989746E-001
    220.97858   9.23958191E-001
    221.15017   9.14067147E-001
    221.32176   9.04316075E-001
    221.49335   8.94704430E-001
    221.66494   8.85231659E-001
    221.83652   8.75897200E-001
    222.00811   8.66700485E-001
    222.17970   8.57640936E-001
    222.35129   8.48717970E-001
    222.52288   8.39930996E-001
    222.69447   8.31279416E-001
    222.86606   8.22762627E-001
    223.03764   8.14380019E-001
    223.20923   8.06130976E-001
    223.38082   7.98014876E-001
    223.55241   7.90031092E-001
    223.72400   7.82178991E-001
    223.89559   7.74457936E-001
    224.06717   7.66867285E-001
    224.23876   7.59406390E-001
    224.41035   7.52074600E-001
    224.58194   7.44871258E-001
    224.75353   7.37795706E-001
    224.92512   7.30847279E-001
    225.09670   7.24025308E-001
    225.26829   7.17329124E-001
    225.43988   7.10758052E-001
    225.61147   7.04311413E-001
    225.78306   6.97988526E-001
    225.95465   6.91788709E-001
    226.12624   6.85711272E-001
    226.29782   6.79755529E-001
    226.46941   6.73920785E-001
    226.64100   6.68206348E-001
    226.81259   6.62611520E-001
    226.98418   6.57135603E-001
    227.15577   6.51777896E-001
    227.32735   6.46537696E-001
    227.49894   6.41414298E-001
    227.67053   6.36406997E-001
    227.84212   6.31515085E-001
    228.01371   6.26737853E-001
    228.18530   6.22074589E-001
    228.35688   6.17524583E-001
    228.52847   6.13087120E-001
    228.70006   6.08761487E-001
    228.87165   6.04546968E-001
    229.04324   6.00442847E-001
    229.21483   5.96448408E-001
    229.38642   5.92562932E-001
    229.55800   5.88785700E-001
    229.72959   5.85115993E-001
    229.90118   5.81553092E-001
    230.07277   5.78096276E-001
    230.24436   5.74744824E-001
    230.41595   5.71498014E-001
    230.58753   5.68355125E-001
    230.75912   5.65315435E-001
    230.93071   5.62378222E-001
    231.10230   5.59542763E-001
    231.27389   5.56808335E-001
    231.44548   5.54174216E-001
    231.61706   5.51639682E-001
    231.78865   5.49204011E-001
    231.96024   5.46866479E-001
    232.13183   5.44626364E-001
    232.30342   5.42482943E-001
    232.47501   5.40435492E-001
    232.64660   5.38483289E-001
    232.81818   5.36625611E-001
    232.98977   5.34861736E-001
    233.16136   5.33190942E-001
    233.33295   5.31612505E-001
    233.50454   5.30125705E-001
    233.67613   5.28729820E-001
    233.84771   5.27424128E-001
    234.01930   5.26207908E-001
    234.19089   5.25080439E-001
    234.36248   5.24041001E-001
    234.53407   5.23088873E-001
    234.70566   5.22223336E-001
    234.87724   5.21443670E-001
    235.04883   5.20749156E-001
    235.22042   5.20139075E-001
    235.39201   5.19612709E-001
    235.56360   5.19169339E-001
    235.73519   5.18808248E-001
    235.90678   5.18528719E-001
    236.07836   5.18330035E-001
    236.24995   5.18211479E-001
    236.42154   5.18172335E-001
    236.59313   5.18211889E-001
    236.76472   5.18329424E-001
    236.93631   5.18524227E-001
    237.10789   5.18795582E-001
    237.27948   5.19142776E-001
    237.45107   5.19565096E-001
    237.62266   5.20061828E-001
    237.79425   5.20632261E-001
    237.96584   5.21275683E-001
    238.13742   5.21991381E-001
    238.30901   5.22778645E-001
    238.48060   5.23636764E-001
    238.65219   5.24565029E-001
    238.82378   5.25562729E-001
    238.99537   5.26629156E-001
    239.16696   5.27763601E-001
    239.33854   5.28965356E-001
    239.51013   5.30233713E-001
    239.68172   5.31567966E-001
    239.85331   5.32967407E-001
    240.02490   5.34431330E-001
    240.19649   5.35959031E-001
    240.36807   5.37549804E-001
    240.53966   5.39202944E-001
    240.71125   5.40917748E-001
    240.88284   5.42693513E-001
    241.05443   5.44529535E-001
    241.22602   5.46425112E-001
    241.39760   5.48379543E-001
    241.56919   5.50392126E-001
    241.74078   5.52462162E-001
    241.91237   5.54588949E-001
    242.08396   5.56771789E-001
    242.25555   5.59009983E-001
    242.42714   5.61302833E-001
    242.59872   5.63649642E-001
    242.77031   5.66049713E-001
    242.94190   5.68502350E-001
    243.11349   5.71006857E-001
    243.28508   5.73562540E-001
    243.45667   5.76168704E-001
    243.62825   5.78824657E-001
    243.79984   5.81529706E-001
    243.97143   5.84283159E-001
    244.14302   5.87084325E-001
    244.31461   5.89932515E-001
    244.48620   5.92827037E-001
    244.65778   5.95767205E-001
    244.82937   5.98752330E-001
    245.00096   6.01781725E-001
    245.17255   6.04854705E-001
    245.34414   6.07970584E-001
    245.51573   6.11128677E-001
    245.68732   6.14328303E-001
    245.85890   6.17568778E-001
    246.03049   6.20849422E-001
    246.20208   6.24169554E-001
    246.37367   6.27528494E-001
    246.54526   6.30925565E-001
    246.71685   6.34360090E-001
    246.88843   6.37831393E-001
    247.06002   6.41338798E-001
    247.23161   6.44881633E-001
    247.40320   6.48459224E-001
    247.57479   6.52070901E-001
    247.74638   6.55715994E-001
    247.91796   6.59393833E-001
    248.08955   6.63103751E-001
    248.26114   6.66845083E-001
    248.43273   6.70617164E-001
    248.60432   6.74419330E-001
    248.77591   6.78250919E-001
    248.94750   6.82111272E-001
    249.11908   6.85999728E-001
    249.29067   6.89915631E-001
    249.46226   6.93858325E-001
    249.63385   6.97827156E-001
    249.80544   7.01821470E-001
    249.97703   7.05840617E-001
    250.14861   7.09883948E-001
    250.32020   7.13950815E-001
    250.49179   7.18040572E-001
    250.66338   7.22152575E-001
    250.83497   7.26286182E-001
    251.00656   7.30440752E-001
    251.17814   7.34615648E-001
    251.34973   7.38810232E-001
    251.52132   7.43023870E-001
    251.69291   7.47255930E-001
    251.86450   7.51505781E-001
    252.03609   7.55772795E-001
    252.20768   7.60056344E-001
    252.37926   7.64355806E-001
    252.55085   7.68670559E-001
    252.72244   7.72999982E-001
    252.89403   7.77343458E-001
    253.06562   7.81700372E-001
    253.23721   7.86070111E-001
    253.40879   7.90452065E-001
    253.58038   7.94845626E-001
    253.75197   7.99250188E-001
    253.92356   8.03665149E-001
    254.09515   8.08089907E-001
    254.26674   8.12523865E-001
    254.43832   8.16966428E-001
    254.60991   8.21417003E-001
    254.78150   8.25875000E-001
    254.95309   8.30339832E-001
    255.12468   8.34810914E-001
    255.29627   8.39287664E-001
    255.46786   8.43769504E-001
    255.63944   8.48255859E-001
    255.81103   8.52746154E-001
    255.98262   8.57239819E-001
    256.15421   8.61736289E-001
    256.32580   8.66234998E-001
    256.49739   8.70735385E-001
    256.66897   8.75236894E-001
    256.84056   8.79738968E-001
    257.01215   8.84241057E-001
    257.18374   8.88742611E-001
    257.35533   8.93243087E-001
    257.52692   8.97741942E-001
    257.69850   9.02238637E-001
    257.87009   9.06732637E-001
    258.04168   9.11223411E-001
    258.21327   9.15710431E-001
    258.38486   9.20193171E-001
    258.55645   9.24671109E-001
    258.72804   9.29143729E-001
    258.89962   9.33610516E-001
    259.07121   9.38070959E-001
    259.24280   9.42524550E-001
    259.41439   9.46970787E-001
    259.58598   9.51409170E-001
    259.75757   9.55839203E-001
    259.92915   9.60260393E-001
    260.10074   9.64672252E-001
    260.27233   9.69074295E-001
    260.44392   9.73466041E-001
    260.61551   9.77847014E-001
    260.78710   9.82216740E-001
    260.95868   9.86574750E-001
    261.13027   9.90920579E-001
    261.30186   9.95253766E-001
    261.47345   9.99573853E-001
    261.64504   1.00388039E+000
    261.81663   1.00817292E+000
    261.98822   1.01245101E+000
    262.15980   1.01671420E+000
    262.33139   1.02096208E+000
    262.50298   1.02519419E+000
    262.67457   1.02941012E+000
    262.84616   1.03360944E+000
    263.01775   1.03779173E+000
    263.18933   1.04195658E+000
    263.36092   1.04610357E+000
    263.53251   1.05023229E+000
    263.70410   1.05434235E+000
    263.87569   1.05843334E+000
    264.04728   1.06250487E+000
    264.21886   1.06655655E+000
    264.39045   1.07058799E+000
    264.56204   1.07459882E+000
    264.73363   1.07858865E+000
    264.90522   1.08255712E+000
    265.07681   1.08650386E+000
    265.24840   1.09042850E+000
    265.41998   1.09433069E+000
    265.59157   1.09821006E+000
    265.76316   1.10206628E+000
    265.93475   1.10589899E+000
    266.10634   1.10970785E+000
    266.27793   1.11349254E+000
    266.44951   1.11725271E+000
    266.62110   1.12098804E+000
    266.79269   1.12469821E+000
    266.96428   1.12838289E+000
    267.13587   1.13204178E+000
    267.30746   1.13567457E+000
    267.47904   1.13928095E+000
    267.65063   1.14286062E+000
    267.82222   1.14641329E+000
    267.99381   1.14993867E+000
    268.16540   1.15343647E+000
    268.33699   1.15690641E+000
    268.50858   1.16034821E+000
    268.68016   1.16376160E+000
    268.85175   1.16714632E+000
    269.02334   1.17050210E+000
    269.19493   1.17382868E+000
    269.36652   1.17712582E+000
    269.53811   1.18039325E+000
    269.70969   1.18363074E+000
    269.88128   1.18683805E+000
    270.05287   1.19001495E+000
    270.22446   1.19316119E+000
    270.39605   1.19627656E+000
    270.56764   1.19936084E+000
    270.73922   1.20241380E+000
    270.91081   1.20543525E+000
    271.08240   1.20842496E+000
    271.25399   1.21138274E+000
    271.42558   1.21430838E+000
    271.59717   1.21720171E+000
    271.76876   1.22006252E+000
    271.94034   1.22289063E+000
    272.11193   1.22568586E+000
    272.28352   1.22844804E+000
    272.45511   1.23117700E+000
    272.62670   1.23387256E+000
    272.79829   1.23653457E+000
    272.96987   1.23916287E+000
    273.14146   1.24175731E+000
    273.31305   1.24431774E+000
    273.48464   1.24684401E+000
    273.65623   1.24933598E+000
    273.82782   1.25179353E+000
    273.99940   1.25421651E+000
    274.17099   1.25660481E+000
    274.34258   1.25895830E+000
    274.51417   1.26127685E+000
    274.68576   1.26356037E+000
    274.85735   1.26580874E+000
    275.02894   1.26802186E+000
    275.20052   1.27019962E+000
    275.37211   1.27234193E+000
    275.54370   1.27444870E+000
    275.71529   1.27651983E+000
    275.88688   1.27855525E+000
    276.05847   1.28055488E+000
    276.23005   1.28251864E+000
    276.40164   1.28444646E+000
    276.57323   1.28633827E+000
    276.74482   1.28819402E+000
    276.91641   1.29001363E+000
    277.08800   1.29179706E+000
    277.25958   1.29354426E+000
    277.43117   1.29525518E+000
    277.60276   1.29692977E+000
    277.77435   1.29856800E+000
    277.94594   1.30016984E+000
    278.11753   1.30173524E+000
    278.28912   1.30326419E+000
    278.46070   1.30475666E+000
    278.63229   1.30621264E+000
    278.80388   1.30763209E+000
    278.97547   1.30901503E+000
    279.14706   1.31036143E+000
    279.31865   1.31167129E+000
    279.49023   1.31294461E+000
    279.66182   1.31418139E+000
    279.83341   1.31538165E+000
    280.00500   1.31654538E+000
    280.17659   1.31767261E+000
    280.34818   1.31876335E+000
    280.51976   1.31981762E+000
    280.69135   1.32083545E+000
    280.86294   1.32181686E+000
    281.03453   1.32276188E+000
    281.20612   1.32367055E+000
    281.37771   1.32454291E+000
    281.54930   1.32537899E+000
    281.72088   1.32617885E+000
    281.89247   1.32694252E+000
    282.06406   1.32767006E+000
    282.23565   1.32836153E+000
    282.40724   1.32901698E+000
    282.57883   1.32963647E+000
    282.75041   1.33022006E+000
    282.92200   1.33076783E+000
    283.09359   1.33127984E+000
    283.26518   1.33175616E+000
    283.43677   1.33219686E+000
    283.60836   1.33260204E+000
    283.77994   1.33297176E+000
    283.95153   1.33330611E+000
    284.12312   1.33360519E+000
    284.29471   1.33386907E+000
    284.46630   1.33409786E+000
    284.63789   1.33429164E+000
    284.80948   1.33445051E+000
    284.98106   1.33457459E+000
    285.15265   1.33466396E+000
    285.32424   1.33471873E+000
    285.49583   1.33473902E+000
    285.66742   1.33472494E+000
    285.83901   1.33467659E+000
    286.01059   1.33459409E+000
    286.18218   1.33447757E+000
    286.35377   1.33432714E+000
    286.52536   1.33414293E+000
    286.69695   1.33392506E+000
    286.86854   1.33367366E+000
    287.04012   1.33338885E+000
    287.21171   1.33307078E+000
    287.38330   1.33271958E+000
    287.55489   1.33233538E+000
    287.72648   1.33191832E+000
    287.89807   1.33146854E+000
    288.06966   1.33098619E+000
    288.24124   1.33047141E+000
    288.41283   1.32992435E+000
    288.58442   1.32934515E+000
    288.75601   1.32873397E+000
    288.92760   1.32809096E+000
    289.09919   1.32741627E+000
    289.27077   1.32671007E+000
    289.44236   1.32597250E+000
    289.61395   1.32520373E+000
    289.78554   1.32440393E+000
    289.95713   1.32357324E+000
    290.12872   1.32271185E+000
    290.30030   1.32181991E+000
    290.47189   1.32089759E+000
    290.64348   1.31994507E+000
    290.81507   1.31896251E+000
    290.98666   1.31795009E+000
    291.15825   1.31690798E+000
    291.32984   1.31583636E+000
    291.50142   1.31473540E+000
    291.67301   1.31360528E+000
    291.84460   1.31244619E+000
    292.01619   1.31125830E+000
    292.18778   1.31004180E+000
    292.35937   1.30879686E+000
    292.53095   1.30752368E+000
    292.70254   1.30622244E+000
    292.87413   1.30489333E+000
    293.04572   1.30353653E+000
    293.21731   1.30215224E+000
    293.38890   1.30074064E+000
    293.56048   1.29930193E+000
    293.73207   1.29783630E+000
    293.90366   1.29634394E+000
    294.07525   1.29482504E+000
    294.24684   1.29327981E+000
    294.41843   1.29170843E+000
    294.59002   1.29011111E+000
    294.76160   1.28848804E+000
    294.93319   1.28683942E+000
    295.10478   1.28516545E+000
    295.27637   1.28346633E+000
    295.44796   1.28174226E+000
    295.61955   1.27999344E+000
    295.79113   1.27822008E+000
    295.96272   1.27642237E+000
    296.13431   1.27460052E+000
    296.30590   1.27275473E+000
    296.47749   1.27088521E+000
    296.64908   1.26899216E+000
    296.82066   1.26707579E+000
    296.99225   1.26513630E+000
    297.16384   1.26317390E+000
    297.33543   1.26118880E+000
    297.50702   1.25918119E+000
    297.67861   1.25715130E+000
    297.85020   1.25509933E+000
    298.02178   1.25302548E+000
    298.19337   1.25092996E+000
    298.36496   1.24881298E+000
    298.53655   1.24667476E+000
    298.70814   1.24451549E+000
    298.87973   1.24233539E+000
    299.05131   1.24013467E+000
    299.22290   1.23791354E+000
    299.39449   1.23567220E+000
    299.56608   1.23341087E+000
    299.73767   1.23112975E+000
    299.90926   1.22882906E+000
    300.08084   1.22650900E+000
    300.25243   1.22416978E+000
    300.42402   1.22181162E+000
    300.59561   1.21943472E+000
    300.76720   1.21703930E+000
    300.93879   1.21462555E+000
    301.11038   1.21219370E+000
    301.28196   1.20974395E+000
    301.45355   1.20727650E+000
    301.62514   1.20479158E+000
    301.79673   1.20228938E+000
    301.96832   1.19977012E+000
    302.13991   1.19723400E+000
    302.31149   1.19468123E+000
    302.48308   1.19211202E+000
    302.65467   1.18952657E+000
    302.82626   1.18692510E+000
    302.99785   1.18430781E+000
    303.16944   1.18167491E+000
    303.34102   1.17902660E+000
    303.51261   1.17636308E+000
    303.68420   1.17368457E+000
    303.85579   1.17099127E+000
    304.02738   1.16828338E+000
    304.19897   1.16556111E+000
    304.37056   1.16282465E+000
    304.54214   1.16007422E+000
    304.71373   1.15731002E+000
    304.88532   1.15453224E+000
    305.05691   1.15174110E+000
    305.22850   1.14893678E+000
    305.40009   1.14611950E+000
    305.57167   1.14328944E+000
    305.74326   1.14044681E+000
    305.91485   1.13759182E+000
    306.08644   1.13472465E+000
    306.25803   1.13184550E+000
    306.42962   1.12895457E+000
    306.60120   1.12605206E+000
    306.77279   1.12313817E+000
    306.94438   1.12021308E+000
    307.11597   1.11727699E+000
    307.28756   1.11433009E+000
    307.45915   1.11137259E+000
    307.63074   1.10840466E+000
    307.80232   1.10542650E+000
    307.97391   1.10243831E+000
    308.14550   1.09944026E+000
    308.31709   1.09643255E+000
    308.48868   1.09341538E+000
    308.66027   1.09038891E+000
    308.83185   1.08735335E+000
    309.00344   1.08430888E+000
    309.17503   1.08125568E+000
    309.34662   1.07819393E+000
    309.51821   1.07512382E+000
    309.68980   1.07204554E+000
    309.86138   1.06895926E+000
    310.03297   1.06586517E+000
    310.20456   1.06276343E+000
    310.37615   1.05965425E+000
    310.54774   1.05653778E+000
    310.71933   1.05341421E+000
    310.89091   1.05028371E+000
    311.06250   1.04714647E+000
    311.23409   1.04400265E+000
    311.40568   1.04085242E+000
    311.57727   1.03769597E+000
    311.74886   1.03453345E+000
    311.92045   1.03136505E+000
    312.09203   1.02819093E+000
    312.26362   1.02501126E+000
    312.43521   1.02182620E+000
    312.60680   1.01863593E+000
    312.77839   1.01544062E+000
    312.94998   1.01224041E+000
    313.12156   1.00903548E+000
    313.29315   1.00582600E+000
    313.46474   1.00261212E+000
    313.63633   9.99393999E-001
    313.80792   9.96171803E-001
    313.97951   9.92945689E-001
    314.15109   9.89715815E-001
    314.32268   9.86482336E-001
    314.49427   9.83245410E-001
    314.66586   9.80005189E-001
    314.83745   9.76761827E-001
    315.00904   9.73515478E-001
    315.18063   9.70266292E-001
    315.35221   9.67014420E-001
    315.52380   9.63760010E-001
    315.69539   9.60503212E-001
    315.86698   9.57244173E-001
    316.03857   9.53983037E-001
    316.21016   9.50719952E-001
    316.38174   9.47455059E-001
    316.55333   9.44188503E-001
    316.72492   9.40920426E-001
    316.89651   9.37650967E-001
    317.06810   9.34380267E-001
    317.23969   9.31108464E-001
    317.41127   9.27835696E-001
    317.58286   9.24562099E-001
    317.75445   9.21287809E-001
    317.92604   9.18012959E-001
    318.09763   9.14737684E-001
    318.26922   9.11462115E-001
    318.44081   9.08186383E-001
    318.61239   9.04910618E-001
    318.78398   9.01634950E-001
    318.95557   8.98359505E-001
    319.12716   8.95084411E-001
    319.29875   8.91809793E-001
    319.47034   8.88535776E-001
    319.64192   8.85262483E-001
    319.81351   8.81990037E-001
    319.98510   8.78718558E-001
    320.15669   8.75448168E-001
    320.32828   8.72178984E-001
    320.49987   8.68911126E-001
    320.67145   8.65644710E-001
    320.84304   8.62379852E-001
    321.01463   8.59116667E-001
    321.18622   8.55855268E-001
    321.35781   8.52595769E-001
    321.52940   8.49338280E-001
    321.70099   8.46082913E-001
    321.87257   8.42829776E-001
    322.04416   8.39578979E-001
    322.21575   8.36330627E-001
    322.38734   8.33084829E-001
    322.55893   8.29841688E-001
    322.73052   8.26601309E-001
    322.90210   8.23363795E-001
    323.07369   8.20129247E-001
    323.24528   8.16897768E-001
    323.41687   8.13669456E-001
    323.58846   8.10444411E-001
    323.76005   8.07222730E-001
    323.93163   8.04004511E-001
    324.10322   8.00789848E-001
    324.27481   7.97578836E-001
    324.44640   7.94371570E-001
    324.61799   7.91168141E-001
    324.78958   7.87968641E-001
    324.96117   7.84773162E-001
    325.13275   7.81581791E-001
    325.30434   7.78394618E-001
    325.47593   7.75211731E-001
    325.64752   7.72033215E-001
    325.81911   7.68859157E-001
    325.99070   7.65689640E-001
    326.16228   7.62524748E-001
    326.33387   7.59364564E-001
    326.50546   7.56209169E-001
    326.67705   7.53058643E-001
    326.84864   7.49913066E-001
    327.02023   7.46772517E-001
    327.19181   7.43637073E-001
    327.36340   7.40506810E-001
    327.53499   7.37381804E-001
    327.70658   7.34262130E-001
    327.87817   7.31147861E-001
    328.04976   7.28039071E-001
    328.22135   7.24935830E-001
    328.39293   7.21838209E-001
    328.56452   7.18746279E-001
    328.73611   7.15660109E-001
    328.90770   7.12579765E-001
    329.07929   7.09505316E-001
    329.25088   7.06436826E-001
    329.42246   7.03374363E-001
    329.59405   7.00317989E-001
    329.76564   6.97267768E-001
    329.93723   6.94223763E-001
    330.10882   6.91186035E-001
    330.28041   6.88154645E-001
    330.45199   6.85129651E-001
    330.62358   6.82111115E-001
    330.79517   6.79099092E-001
    330.96676   6.76093641E-001
    331.13835   6.73094817E-001
    331.30994   6.70102676E-001
    331.48153   6.67117272E-001
    331.65311   6.64138659E-001
    331.82470   6.61166890E-001
    331.99629   6.58202016E-001
    332.16788   6.55244089E-001
    332.33947   6.52293158E-001
    332.51106   6.49349274E-001
    332.68264   6.46412484E-001
    332.85423   6.43482837E-001
    333.02582   6.40560379E-001
    333.19741   6.37645157E-001
    333.36900   6.34737215E-001
    333.54059   6.31836598E-001
    333.71217   6.28943350E-001
    333.88376   6.26057514E-001
    334.05535   6.23179132E-001
    334.22694   6.20308245E-001
    334.39853   6.17444893E-001
    334.57012   6.14589117E-001
    334.74171   6.11740955E-001
    334.91329   6.08900445E-001
    335.08488   6.06067626E-001
    335.25647   6.03242533E-001
    335.42806   6.00425204E-001
    335.59965   5.97615672E-001
    335.77124   5.94813972E-001
    335.94282   5.92020139E-001
    336.11441   5.89234205E-001
    336.28600   5.86456203E-001
    336.45759   5.83686164E-001
    336.62918   5.80924119E-001
    336.80077   5.78170098E-001
    336.97235   5.75424131E-001
    337.14394   5.72686247E-001
    337.31553   5.69956473E-001
    337.48712   5.67234837E-001
    337.65871   5.64521366E-001
    337.83030   5.61816086E-001
    338.00189   5.59119023E-001
    338.17347   5.56430200E-001
    338.34506   5.53749643E-001
    338.51665   5.51077375E-001
    338.68824   5.48413418E-001
    338.85983   5.45757794E-001
    339.03142   5.43110526E-001
    339.20300   5.40471634E-001
    339.37459   5.37841138E-001
    339.54618   5.35219058E-001
    339.71777   5.32605413E-001
    339.88936   5.30000222E-001
    340.06095   5.27403502E-001
    340.23253   5.24815271E-001
    340.40412   5.22235545E-001
    340.57571   5.19664340E-001
    340.74730   5.17101672E-001
    340.91889   5.14547556E-001
    341.09048   5.12002006E-001
    341.26207   5.09465036E-001
    341.43365   5.06936658E-001
    341.60524   5.04416887E-001
    341.77683   5.01905733E-001
    341.94842   4.99403208E-001
    342.12001   4.96909324E-001
    342.29160   4.94424091E-001
    342.46318   4.91947518E-001
    342.63477   4.89479616E-001
    342.80636   4.87020393E-001
    342.97795   4.84569857E-001
    343.14954   4.82128017E-001
    343.32113   4.79694880E-001
    343.49271   4.77270452E-001
    343.66430   4.74854740E-001
    343.83589   4.72447751E-001
    344.00748   4.70049489E-001
    344.17907   4.67659959E-001
    344.35066   4.65279166E-001
    344.52225   4.62907114E-001
    344.69383   4.60543806E-001
    344.86542   4.58189246E-001
    345.03701   4.55843435E-001
    345.20860   4.53506377E-001
    345.38019   4.51178073E-001
    345.55178   4.48858524E-001
    345.72336   4.46547731E-001
    345.89495   4.44245694E-001
    346.06654   4.41952414E-001
    346.23813   4.39667889E-001
    346.40972   4.37392120E-001
    346.58131   4.35125105E-001
    346.75289   4.32866841E-001
    346.92448   4.30617328E-001
    347.09607   4.28376563E-001
    347.26766   4.26144542E-001
    347.43925   4.23921263E-001
    347.61084   4.21706721E-001
    347.78243   4.19500914E-001
    347.95401   4.17303835E-001
    348.12560   4.15115482E-001
    348.29719   4.12935847E-001
    348.46878   4.10764927E-001
    348.64037   4.08602715E-001
    348.81196   4.06449205E-001
    348.98354   4.04304390E-001
    349.15513   4.02168263E-001
    349.32672   4.00040818E-001
    349.49831   3.97922046E-001
    349.66990   3.95811940E-001
    349.84149   3.93710491E-001
    350.01307   3.91617691E-001
    350.18466   3.89533530E-001
    350.35625   3.87458001E-001
    350.52784   3.85391092E-001
    350.69943   3.83332795E-001
    350.87102   3.81283099E-001
    351.04261   3.79241994E-001
    351.21419   3.77209469E-001
    351.38578   3.75185512E-001
    351.55737   3.73170114E-001
    351.72896   3.71163261E-001
    351.90055   3.69164943E-001
    352.07214   3.67175146E-001
    352.24372   3.65193859E-001
    352.41531   3.63221069E-001
    352.58690   3.61256763E-001
    352.75849   3.59300928E-001
    352.93008   3.57353550E-001
    353.10167   3.55414615E-001
    353.27325   3.53484110E-001
    353.44484   3.51562020E-001
    353.61643   3.49648331E-001
    353.78802   3.47743028E-001
    353.95961   3.45846096E-001
    354.13120   3.43957520E-001
    354.30279   3.42077284E-001
    354.47437   3.40205374E-001
    354.64596   3.38341772E-001
    354.81755   3.36486464E-001
    354.98914   3.34639432E-001
    355.16073   3.32800660E-001
    355.33232   3.30970132E-001
    355.50390   3.29147831E-001
    355.67549   3.27333739E-001
    355.84708   3.25527839E-001
    356.01867   3.23730113E-001
    356.19026   3.21940545E-001
    356.36185   3.20159116E-001
    356.53343   3.18385808E-001
    356.70502   3.16620602E-001
    356.87661   3.14863481E-001
    357.04820   3.13114426E-001
    357.21979   3.11373417E-001
    357.39138   3.09640437E-001
    357.56297   3.07915466E-001
    357.73455   3.06198484E-001
    357.90614   3.04489472E-001
    358.07773   3.02788411E-001
    358.24932   3.01095281E-001
    358.42091   2.99410062E-001
    358.59250   2.97732734E-001
    358.76408   2.96063276E-001
    358.93567   2.94401669E-001
    359.10726   2.92747892E-001
    359.27885   2.91101924E-001
    359.45044   2.89463745E-001
    359.62203   2.87833334E-001
    359.79361   2.86210669E-001
    359.96520   2.84595730E-001
    360.13679   2.82988496E-001
    360.30838   2.81388944E-001
    360.47997   2.79797054E-001
    360.65156   2.78212803E-001
    360.82315   2.76636171E-001
    360.99473   2.75067136E-001
    361.16632   2.73505674E-001
    361.33791   2.71951765E-001
    361.50950   2.70405386E-001
    361.68109   2.68866516E-001
    361.85268   2.67335130E-001
    362.02426   2.65811208E-001
    362.19585   2.64294727E-001
    362.36744   2.62785664E-001
    362.53903   2.61283996E-001
    362.71062   2.59789701E-001
    362.88221   2.58302755E-001
    363.05379   2.56823136E-001
    363.22538   2.55350821E-001
    363.39697   2.53885786E-001
    363.56856   2.52428009E-001
    363.74015   2.50977466E-001
    363.91174   2.49534133E-001
    364.08333   2.48097988E-001
    364.25491   2.46669007E-001
    364.42650   2.45247166E-001
    364.59809   2.43832442E-001
    364.76968   2.42424811E-001
    364.94127   2.41024250E-001
    365.11286   2.39630734E-001
    365.28444   2.38244240E-001
    365.45603   2.36864744E-001
    365.62762   2.35492222E-001
    365.79921   2.34126650E-001
    365.97080   2.32768004E-001
    366.14239   2.31416260E-001
    366.31397   2.30071394E-001
    366.48556   2.28733382E-001
    366.65715   2.27402199E-001
    366.82874   2.26077822E-001
    367.00033   2.24760226E-001
    367.17192   2.23449386E-001
    367.34351   2.22145279E-001
    367.51509   2.20847880E-001
    367.68668   2.19557165E-001
    367.85827   2.18273109E-001
    368.02986   2.16995689E-001
    368.20145   2.15724878E-001
    368.37304   2.14460654E-001
    368.54462   2.13202991E-001
    368.71621   2.11951865E-001
    368.88780   2.10707252E-001
    369.05939   2.09469126E-001
    369.23098   2.08237464E-001
    369.40257   2.07012241E-001
    369.57415   2.05793432E-001
    369.74574   2.04581013E-001
    369.91733   2.03374959E-001
    370.08892   2.02175245E-001
    370.26051   2.00981847E-001
    370.43210   1.99794740E-001
    370.60369   1.98613900E-001
    370.77527   1.97439302E-001
    370.94686   1.96270921E-001
    371.11845   1.95108733E-001
    371.29004   1.93952713E-001
    371.46163   1.92802837E-001
    371.63322   1.91659079E-001
    371.80480   1.90521417E-001
    371.97639   1.89389824E-001
    372.14798   1.88264276E-001
    372.31957   1.87144749E-001
    372.49116   1.86031218E-001
    372.66275   1.84923658E-001
    372.83433   1.83822046E-001
    373.00592   1.82726356E-001
    373.17751   1.81636565E-001
    373.34910   1.80552647E-001
    373.52069   1.79474578E-001
    373.69228   1.78402334E-001
    373.86387   1.77335890E-001
    374.03545   1.76275223E-001
    374.20704   1.75220307E-001
    374.37863   1.74171118E-001
    374.55022   1.73127632E-001
    374.72181   1.72089824E-001
    374.89340   1.71057672E-001
    375.06498   1.70031149E-001
    375.23657   1.69010232E-001
    375.40816   1.67994897E-001
    375.57975   1.66985120E-001
    375.75134   1.65980876E-001
    375.92293   1.64982142E-001
    376.09451   1.63988893E-001
    376.26610   1.63001106E-001
    376.43769   1.62018756E-001
    376.60928   1.61041819E-001
    376.78087   1.60070273E-001
    376.95246   1.59104092E-001
    377.12405   1.58143253E-001
    377.29563   1.57187732E-001
    377.46722   1.56237505E-001
    377.63881   1.55292549E-001
    377.81040   1.54352841E-001
    377.98199   1.53418356E-001
    378.15358   1.52489070E-001
    378.32516   1.51564961E-001
    378.49675   1.50646005E-001
    378.66834   1.49732179E-001
    378.83993   1.48823458E-001
    379.01152   1.47919821E-001
    379.18311   1.47021242E-001
    379.35469   1.46127700E-001
    379.52628   1.45239171E-001
    379.69787   1.44355632E-001
    379.86946   1.43477059E-001
    380.04105   1.42603430E-001
    380.21264   1.41734722E-001
    380.38423   1.40870912E-001
    380.55581   1.40011977E-001
    380.72740   1.39157893E-001
    380.89899   1.38308639E-001
    381.07058   1.37464192E-001
    381.24217   1.36624528E-001
    381.41376   1.35789625E-001
    381.58534   1.34959462E-001
    381.75693   1.34134014E-001
    381.92852   1.33313260E-001
    382.10011   1.32497178E-001
    382.27170   1.31685744E-001
    382.44329   1.30878937E-001
    382.61487   1.30076735E-001
    382.78646   1.29279115E-001
    382.95805   1.28486056E-001
    383.12964   1.27697534E-001
    383.30123   1.26913529E-001
    383.47282   1.26134018E-001
    383.64441   1.25358980E-001
    383.81599   1.24588393E-001
    383.98758   1.23822234E-001
    384.15917   1.23060482E-001
    384.33076   1.22303117E-001
    384.50235   1.21550115E-001
    384.67394   1.20801456E-001
    384.84552   1.20057119E-001
    385.01711   1.19317081E-001
    385.18870   1.18581322E-001
    385.36029   1.17849820E-001
    385.53188   1.17122554E-001
    385.70347   1.16399504E-001
    385.87505   1.15680647E-001
    386.04664   1.14965964E-001
    386.21823   1.14255433E-001
    386.38982   1.13549033E-001
    386.56141   1.12846744E-001
    386.73300   1.12148545E-001
    386.90459   1.11454415E-001
    387.07617   1.10764334E-001
    387.24776   1.10078281E-001
    387.41935   1.09396236E-001
    387.59094   1.08718179E-001
    387.76253   1.08044089E-001
    387.93412   1.07373945E-001
    388.10570   1.06707729E-001
    388.27729   1.06045419E-001
    388.44888   1.05386996E-001
    388.62047   1.04732440E-001
    388.79206   1.04081730E-001
    388.96365   1.03434848E-001
    389.13523   1.02791773E-001
    389.30682   1.02152486E-001
    389.47841   1.01516967E-001
    389.65000   1.00885196E-001
    389.82159   1.00257154E-001
    389.99318   9.96328223E-002
    390.16477   9.90121807E-002
    390.33635   9.83952103E-002
    390.50794   9.77818918E-002
    390.67953   9.71722062E-002
    390.85112   9.65661344E-002
    391.02271   9.59636575E-002
    391.19430   9.53647565E-002
    391.36588   9.47694127E-002
    391.53747   9.41776072E-002
    391.70906   9.35893215E-002
    391.88065   9.30045368E-002
    392.05224   9.24232347E-002
    392.22383   9.18453967E-002
    392.39541   9.12710044E-002
    392.56700   9.07000395E-002
    392.73859   9.01324837E-002
    392.91018   8.95683188E-002
    393.08177   8.90075267E-002
    393.25336   8.84500895E-002
    393.42495   8.78959891E-002
    393.59653   8.73452076E-002
    393.76812   8.67977272E-002
    393.93971   8.62535302E-002
    394.11130   8.57125989E-002
    394.28289   8.51749157E-002
    394.45448   8.46404630E-002
    394.62606   8.41092233E-002
    394.79765   8.35811794E-002
    394.96924   8.30563138E-002
    395.14083   8.25346093E-002
    395.31242   8.20160488E-002
    395.48401   8.15006150E-002
    395.65559   8.09882911E-002
    395.82718   8.04790600E-002
    395.99877   7.99729048E-002
    396.17036   7.94698087E-002
    396.34195   7.89697549E-002
    396.51354   7.84727269E-002
    396.68513   7.79787079E-002
    396.85671   7.74876814E-002
    397.02830   7.69996311E-002
    397.19989   7.65145403E-002
    397.37148   7.60323929E-002
    397.54307   7.55531727E-002
    397.71466   7.50768633E-002
    397.88624   7.46034487E-002
    398.05783   7.41329128E-002
    398.22942   7.36652398E-002
    398.40101   7.32004136E-002
    398.57260   7.27384185E-002
    398.74419   7.22792386E-002
    398.91577   7.18228583E-002
    399.08736   7.13692621E-002
    399.25895   7.09184342E-002
    399.43054   7.04703593E-002
    399.60213   7.00250219E-002
    399.77372   6.95824067E-002
    399.94531   6.91424984E-002
    400.11689   6.87052818E-002
    400.28848   6.82707418E-002
    400.46007   6.78388633E-002
    400.63166   6.74096313E-002
    400.80325   6.69830309E-002
    400.97484   6.65590473E-002
    401.14642   6.61376655E-002
    401.31801   6.57188710E-002
    401.48960   6.53026490E-002
    401.66119   6.48889851E-002
    401.83278   6.44778645E-002
    402.00437   6.40692730E-002
    402.17595   6.36631961E-002
    402.34754   6.32596195E-002
    402.51913   6.28585290E-002
    402.69072   6.24599103E-002
    402.86231   6.20637495E-002
    403.03390   6.16700323E-002
    403.20549   6.12787449E-002
    403.37707   6.08898733E-002
    403.54866   6.05034037E-002
    403.72025   6.01193223E-002
    403.89184   5.97376154E-002
    404.06343   5.93582693E-002
    404.23502   5.89812705E-002
    404.40660   5.86066054E-002
    404.57819   5.82342607E-002
    404.74978   5.78642228E-002
    404.92137   5.74964785E-002
    405.09296   5.71310146E-002
    405.26455   5.67678178E-002
    405.43613   5.64068750E-002
    405.60772   5.60481731E-002
    405.77931   5.56916992E-002
    405.95090   5.53374404E-002
    406.12249   5.49853837E-002
    406.29408   5.46355163E-002
    406.46567   5.42878255E-002
    406.63725   5.39422987E-002
    406.80884   5.35989232E-002
    406.98043   5.32576864E-002
    407.15202   5.29185759E-002
    407.32361   5.25815792E-002
    407.49520   5.22466840E-002
    407.66678   5.19138780E-002
    407.83837   5.15831489E-002
    408.00996   5.12544845E-002
    408.18155   5.09278728E-002
    408.35314   5.06033016E-002
    408.52473   5.02807591E-002
    408.69631   4.99602332E-002
    408.86790   4.96417120E-002
    409.03949   4.93251838E-002
    409.21108   4.90106369E-002
    409.38267   4.86980594E-002
    409.55426   4.83874399E-002
    409.72585   4.80787666E-002
    409.89743   4.77720282E-002
    410.06902   4.74672131E-002
    410.24061   4.71643099E-002
    410.41220   4.68633074E-002
    410.58379   4.65641942E-002
    410.75538   4.62669592E-002
    410.92696   4.59715911E-002
    411.09855   4.56780789E-002
    411.27014   4.53864115E-002
    411.44173   4.50965780E-002
    411.61332   4.48085673E-002
    411.78491   4.45223688E-002
    411.95649   4.42379714E-002
    412.12808   4.39553645E-002
    412.29967   4.36745375E-002
    412.47126   4.33954795E-002
    412.64285   4.31181801E-002
    412.81444   4.28426287E-002
    412.98602   4.25688149E-002
    413.15761   4.22967281E-002
    413.32920   4.20263582E-002
    413.50079   4.17576947E-002
    413.67238   4.14907274E-002
    413.84397   4.12254461E-002
    414.01556   4.09618407E-002
    414.18714   4.06999010E-002
    414.35873   4.04396171E-002
    414.53032   4.01809789E-002
    414.70191   3.99239766E-002
    414.87350   3.96686002E-002
    415.04509   3.94148400E-002
    415.21667   3.91626861E-002
    415.38826   3.89121289E-002
    415.55985   3.86631587E-002
    415.73144   3.84157659E-002
    415.90303   3.81699409E-002
    416.07462   3.79256742E-002
    416.24620   3.76829565E-002
    416.41779   3.74417781E-002
    416.58938   3.72021300E-002
    416.76097   3.69640026E-002
    416.93256   3.67273868E-002
    417.10415   3.64922734E-002
    417.27574   3.62586532E-002
    417.44732   3.60265172E-002
    417.61891   3.57958563E-002
    417.79050   3.55666615E-002
    417.96209   3.53389238E-002
    418.13368   3.51126344E-002
    418.30527   3.48877844E-002
    418.47685   3.46643650E-002
    418.64844   3.44423675E-002
    418.82003   3.42217831E-002
    418.99162   3.40026033E-002
    419.16321   3.37848194E-002
    419.33480   3.35684228E-002
    419.50638   3.33534051E-002
    419.67797   3.31397578E-002
    419.84956   3.29274724E-002
    420.02115   3.27165407E-002
    420.19274   3.25069542E-002
    420.36433   3.22987048E-002
    420.53592   3.20917841E-002
    420.70750   3.18861841E-002
    420.87909   3.16818965E-002
    421.05068   3.14789134E-002
    421.22227   3.12772266E-002
    421.39386   3.10768281E-002
    421.56545   3.08777101E-002
    421.73703   3.06798646E-002
    421.90862   3.04832837E-002
    422.08021   3.02879597E-002
    422.25180   3.00938847E-002
    422.42339   2.99010510E-002
    422.59498   2.97094510E-002
    422.76656   2.95190770E-002
    422.93815   2.93299214E-002
    423.10974   2.91419767E-002
    423.28133   2.89552353E-002
    423.45292   2.87696898E-002
    423.62451   2.85853328E-002
    423.79610   2.84021568E-002
    423.96768   2.82201547E-002
    424.13927   2.80393189E-002
    424.31086   2.78596424E-002
    424.48245   2.76811178E-002
    424.65404   2.75037381E-002
    424.82563   2.73274960E-002
    424.99721   2.71523846E-002
    425.16880   2.69783967E-002
    425.34039   2.68055254E-002
    425.51198   2.66337636E-002
    425.68357   2.64631045E-002
    425.85516   2.62935412E-002
    426.02674   2.61250668E-002
    426.19833   2.59576745E-002
    426.36992   2.57913577E-002
    426.54151   2.56261094E-002
    426.71310   2.54619231E-002
    426.88469   2.52987921E-002
    427.05628   2.51367098E-002
    427.22786   2.49756696E-002
    427.39945   2.48156651E-002
    427.57104   2.46566896E-002
    427.74263   2.44987368E-002
    427.91422   2.43418002E-002
    428.08581   2.41858735E-002
    428.25739   2.40309503E-002
    428.42898   2.38770243E-002
    428.60057   2.37240893E-002
    428.77216   2.35721389E-002
    428.94375   2.34211671E-002
    429.11534   2.32711677E-002
    429.28692   2.31221345E-002
    429.45851   2.29740614E-002
    429.63010   2.28269425E-002
    429.80169   2.26807717E-002
    429.97328   2.25355430E-002
    430.14487   2.23912505E-002
    430.31646   2.22478882E-002
    430.48804   2.21054504E-002
    430.65963   2.19639311E-002
    430.83122   2.18233247E-002
    431.00281   2.16836252E-002
    431.17440   2.15448270E-002
    431.34599   2.14069244E-002
    431.51757   2.12699117E-002
    431.68916   2.11337833E-002
    431.86075   2.09985336E-002
    432.03234   2.08641570E-002
    432.20393   2.07306480E-002
    432.37552   2.05980011E-002
    432.54710   2.04662108E-002
    432.71869   2.03352718E-002
    432.89028   2.02051785E-002
    433.06187   2.00759257E-002
    433.23346   1.99475080E-002
    433.40505   1.98199202E-002
    433.57664   1.96931569E-002
    433.74822   1.95672129E-002
    433.91981   1.94420829E-002
    434.09140   1.93177620E-002
    434.26299   1.91942448E-002
    434.43458   1.90715263E-002
    434.60617   1.89496013E-002
    434.77775   1.88284649E-002
    434.94934   1.87081121E-002
    435.12093   1.85885378E-002
    435.29252   1.84697370E-002
    435.46411   1.83517049E-002
    435.63570   1.82344366E-002
    435.80728   1.81179271E-002
    435.97887   1.80021717E-002
    436.15046   1.78871655E-002
    436.32205   1.77729038E-002
    436.49364   1.76593818E-002
    436.66523   1.75465947E-002
    436.83682   1.74345379E-002
    437.00840   1.73232068E-002
    437.17999   1.72125966E-002
    437.35158   1.71027029E-002
    437.52317   1.69935209E-002
    437.69476   1.68850461E-002
    437.86635   1.67772741E-002
    438.03793   1.66702003E-002
    438.20952   1.65638203E-002
    438.38111   1.64581296E-002
    438.55270   1.63531238E-002
    438.72429   1.62487985E-002
    438.89588   1.61451494E-002
    439.06746   1.60421720E-002
    439.23905   1.59398622E-002
    439.41064   1.58382157E-002
    439.58223   1.57372281E-002
    439.75382   1.56368953E-002
    439.92541   1.55372130E-002
    440.09700   1.54381771E-002
    440.26858   1.53397835E-002
    440.44017   1.52420279E-002
    440.61176   1.51449064E-002
    440.78335   1.50484148E-002
    440.95494   1.49525491E-002
    441.12653   1.48573053E-002
    441.29811   1.47626793E-002
    441.46970   1.46686672E-002
    441.64129   1.45752650E-002
    441.81288   1.44824689E-002
    441.98447   1.43902749E-002
    442.15606   1.42986792E-002
    442.32764   1.42076778E-002
    442.49923   1.41172671E-002
    442.67082   1.40274431E-002
    442.84241   1.39382020E-002
    443.01400   1.38495402E-002
    443.18559   1.37614539E-002
    443.35718   1.36739394E-002
    443.52876   1.35869930E-002
    443.70035   1.35006110E-002
    443.87194   1.34147899E-002
    444.04353   1.33295259E-002
    444.21512   1.32448154E-002
    444.38671   1.31606550E-002
    444.55829   1.30770411E-002
    444.72988   1.29939701E-002
    444.90147   1.29114385E-002
    445.07306   1.28294428E-002
    445.24465   1.27479797E-002
    445.41624   1.26670455E-002
    445.58782   1.25866370E-002
    445.75941   1.25067507E-002
    445.93100   1.24273833E-002
    446.10259   1.23485313E-002
    446.27418   1.22701915E-002
    446.44577   1.21923606E-002
    446.61736   1.21150352E-002
    446.78894   1.20382120E-002
    446.96053   1.19618879E-002
    447.13212   1.18860596E-002
    447.30371   1.18107239E-002
    447.47530   1.17358776E-002
    447.64689   1.16615175E-002
    447.81847   1.15876405E-002
    447.99006   1.15142434E-002
    448.16165   1.14413232E-002
    448.33324   1.13688767E-002
    448.50483   1.12969009E-002
    448.67642   1.12253927E-002
    448.84800   1.11543491E-002
    449.01959   1.10837670E-002
    449.19118   1.10136436E-002
    449.36277   1.09439758E-002
    449.53436   1.08747606E-002
    449.70595   1.08059951E-002
    449.87754   1.07376765E-002
    450.04912   1.06698017E-002
    450.22071   1.06023679E-002
    450.39230   1.05353723E-002
    450.56389   1.04688120E-002
    450.73548   1.04026841E-002
    450.90707   1.03369860E-002
    451.07865   1.02717147E-002
    451.25024   1.02068675E-002
    451.42183   1.01424416E-002
    451.59342   1.00784343E-002
    451.76501   1.00148430E-002
    451.93660   9.95166476E-003
    452.10818   9.88889705E-003
    452.27977   9.82653716E-003
    452.45136   9.76458244E-003
    452.62295   9.70303025E-003
    452.79454   9.64187797E-003
    452.96613   9.58112300E-003
    453.13772   9.52076276E-003
    453.30930   9.46079467E-003
    453.48089   9.40121619E-003
    453.65248   9.34202477E-003
    453.82407   9.28321789E-003
    453.99566   9.22479305E-003
    454.16725   9.16674777E-003
    454.33883   9.10907957E-003
    454.51042   9.05178598E-003
    454.68201   8.99486458E-003
    454.85360   8.93831294E-003
    455.02519   8.88212864E-003
    455.19678   8.82630930E-003
    455.36836   8.77085253E-003
    455.53995   8.71575597E-003
    455.71154   8.66101726E-003
    455.88313   8.60663409E-003
    456.05472   8.55260413E-003
    456.22631   8.49892507E-003
    456.39790   8.44559462E-003
    456.56948   8.39261052E-003
    456.74107   8.33997051E-003
    456.91266   8.28767232E-003
    457.08425   8.23571375E-003
    457.25584   8.18409256E-003
    457.42743   8.13280657E-003
    457.59901   8.08185357E-003
    457.77060   8.03123140E-003
    457.94219   7.98093790E-003
    458.11378   7.93097091E-003
    458.28537   7.88132832E-003
    458.45696   7.83200799E-003
    458.62854   7.78300783E-003
    458.80013   7.73432574E-003
    458.97172   7.68595965E-003
    459.14331   7.63790749E-003
    459.31490   7.59016721E-003
    459.48649   7.54273677E-003
    459.65808   7.49561415E-003
    459.82966   7.44879734E-003
    460.00125   7.40228433E-003
    460.17284   7.35607315E-003
    460.34443   7.31016182E-003
    460.51602   7.26454837E-003
    460.68761   7.21923087E-003
    460.85919   7.17420737E-003
    461.03078   7.12947596E-003
    461.20237   7.08503472E-003
    461.37396   7.04088175E-003
    461.54555   6.99701518E-003
    461.71714   6.95343313E-003
    461.88872   6.91013373E-003
    462.06031   6.86711514E-003
    462.23190   6.82437552E-003
    462.40349   6.78191305E-003
    462.57508   6.73972591E-003
    462.74667   6.69781230E-003
    462.91826   6.65617044E-003
    463.08984   6.61479853E-003
    463.26143   6.57369482E-003
    463.43302   6.53285756E-003
    463.60461   6.49228498E-003
    463.77620   6.45197538E-003
    463.94779   6.41192702E-003
    464.11937   6.37213819E-003
    464.29096   6.33260719E-003
    464.46255   6.29333234E-003
    464.63414   6.25431196E-003
    464.80573   6.21554438E-003
    464.97732   6.17702795E-003
    465.14890   6.13876102E-003
    465.32049   6.10074196E-003
    465.49208   6.06296915E-003
    465.66367   6.02544097E-003
    465.83526   5.98815582E-003
    466.00685   5.95111211E-003
    466.17844   5.91430825E-003
    466.35002   5.87774268E-003
    466.52161   5.84141384E-003
    466.69320   5.80532017E-003
    466.86479   5.76946014E-003
    467.03638   5.73383221E-003
    467.20797   5.69843486E-003
    467.37955   5.66326659E-003
    467.55114   5.62832588E-003
    467.72273   5.59361126E-003
    467.89432   5.55912123E-003
    468.06591   5.52485434E-003
    468.23750   5.49080910E-003
    468.40908   5.45698408E-003
    468.58067   5.42337783E-003
    468.75226   5.38998891E-003
    468.92385   5.35681590E-003
    469.09544   5.32385739E-003
    469.26703   5.29111197E-003
    469.43862   5.25857824E-003
    469.61020   5.22625482E-003
    469.78179   5.19414032E-003
    469.95338   5.16223339E-003
    470.12497   5.13053265E-003
    470.29656   5.09903675E-003
    470.46815   5.06774436E-003
    470.63973   5.03665414E-003
    470.81132   5.00576476E-003
    470.98291   4.97507491E-003
    471.15450   4.94458327E-003
    471.32609   4.91428856E-003
    471.49768   4.88418947E-003
    471.66926   4.85428474E-003
    471.84085   4.82457307E-003
    472.01244   4.79505321E-003
    472.18403   4.76572389E-003
    472.35562   4.73658388E-003
    472.52721   4.70763193E-003
    472.69880   4.67886680E-003
    472.87038   4.65028727E-003
    473.04197   4.62189212E-003
    473.21356   4.59368015E-003
    473.38515   4.56565015E-003
    473.55674   4.53780093E-003
    473.72833   4.51013131E-003
    473.89991   4.48264010E-003
    474.07150   4.45532614E-003
    474.24309   4.42818827E-003
    474.41468   4.40122533E-003
    474.58627   4.37443617E-003
    474.75786   4.34781966E-003
    474.92944   4.32137466E-003
    475.10103   4.29510005E-003
    475.27262   4.26899471E-003
    475.44421   4.24305753E-003
    475.61580   4.21728741E-003
    475.78739   4.19168325E-003
    475.95898   4.16624396E-003
    476.13056   4.14096848E-003
    476.30215   4.11585571E-003
    476.47374   4.09090459E-003
    476.64533   4.06611407E-003
    476.81692   4.04148309E-003
    476.98851   4.01701060E-003
    477.16009   3.99269557E-003
    477.33168   3.96853697E-003
    477.50327   3.94453376E-003
    477.67486   3.92068493E-003
    477.84645   3.89698946E-003
    478.01804   3.87344636E-003
    478.18962   3.85005462E-003
    478.36121   3.82681326E-003
    478.53280   3.80372127E-003
    478.70439   3.78077770E-003
    478.87598   3.75798155E-003
    479.04757   3.73533188E-003
    479.21916   3.71282771E-003
    479.39074   3.69046809E-003
    479.56233   3.66825208E-003
    479.73392   3.64617873E-003
    479.90551   3.62424711E-003
    480.07710   3.60245629E-003
    480.24869   3.58080535E-003
    480.42027   3.55929337E-003
    480.59186   3.53791944E-003
    480.76345   3.51668265E-003
    480.93504   3.49558211E-003
    481.10663   3.47461693E-003
    481.27822   3.45378621E-003
    481.44980   3.43308908E-003
    481.62139   3.41252466E-003
    481.79298   3.39209208E-003
    481.96457   3.37179047E-003
    482.13616   3.35161899E-003
    482.30775   3.33157677E-003
    482.47934   3.31166298E-003
    482.65092   3.29187676E-003
    482.82251   3.27221728E-003
    482.99410   3.25268372E-003
    483.16569   3.23327525E-003
    483.33728   3.21399104E-003
    483.50887   3.19483029E-003
    483.68045   3.17579219E-003
    483.85204   3.15687592E-003
    484.02363   3.13808071E-003
    484.19522   3.11940574E-003
    484.36681   3.10085024E-003
    484.53840   3.08241342E-003
    484.70998   3.06409451E-003
    484.88157   3.04589273E-003
    485.05316   3.02780732E-003
    485.22475   3.00983752E-003
    485.39634   2.99198256E-003
    485.56793   2.97424169E-003
    485.73952   2.95661418E-003
    485.91110   2.93909927E-003
    486.08269   2.92169624E-003
    486.25428   2.90440434E-003
    486.42587   2.88722285E-003
    486.59746   2.87015105E-003
    486.76905   2.85318823E-003
    486.94063   2.83633365E-003
    487.11222   2.81958663E-003
    487.28381   2.80294645E-003
    487.45540   2.78641242E-003
    487.62699   2.76998384E-003
    487.79858   2.75366003E-003
    487.97016   2.73744029E-003
    488.14175   2.72132394E-003
    488.31334   2.70531032E-003
    488.48493   2.68939874E-003
    488.65652   2.67358854E-003
    488.82811   2.65787906E-003
    488.99970   2.64226964E-003
    489.17128   2.62675962E-003
    489.34287   2.61134836E-003
    489.51446   2.59603520E-003
    489.68605   2.58081952E-003
    489.85764   2.56570066E-003
    490.02923   2.55067800E-003
    490.20081   2.53575091E-003
    490.37240   2.52091876E-003
    490.54399   2.50618094E-003
    490.71558   2.49153682E-003
    490.88717   2.47698580E-003
    491.05876   2.46252726E-003
    491.23034   2.44816061E-003
    491.40193   2.43388524E-003
    491.57352   2.41970055E-003
    491.74511   2.40560595E-003
    491.91670   2.39160086E-003
    492.08829   2.37768469E-003
    492.25988   2.36385686E-003
    492.43146   2.35011679E-003
    492.60305   2.33646391E-003
    492.77464   2.32289765E-003
    492.94623   2.30941744E-003
    493.11782   2.29602273E-003
    493.28941   2.28271295E-003
    493.46099   2.26948755E-003
    493.63258   2.25634597E-003
    493.80417   2.24328768E-003
    493.97576   2.23031213E-003
    494.14735   2.21741878E-003
    494.31894   2.20460709E-003
    494.49052   2.19187652E-003
    494.66211   2.17922656E-003
    494.83370   2.16665667E-003
    495.00529   2.15416634E-003
    495.17688   2.14175503E-003
    495.34847   2.12942224E-003
    495.52006   2.11716746E-003
    495.69164   2.10499018E-003
    495.86323   2.09288988E-003
    496.03482   2.08086608E-003
    496.20641   2.06891826E-003
    496.37800   2.05704594E-003
    496.54959   2.04524863E-003
    496.72117   2.03352582E-003
    496.89276   2.02187705E-003
    497.06435   2.01030182E-003
    497.23594   1.99879966E-003
    497.40753   1.98737009E-003
    497.57912   1.97601264E-003
    497.75070   1.96472684E-003
    497.92229   1.95351221E-003
    498.09388   1.94236831E-003
    498.26547   1.93129466E-003
    498.43706   1.92029081E-003
    498.60865   1.90935631E-003
    498.78024   1.89849070E-003
    498.95182   1.88769353E-003
    499.12341   1.87696437E-003
    499.29500   1.86630276E-003
    499.46659   1.85570827E-003
    499.63818   1.84518046E-003
    499.80977   1.83471889E-003
    499.98135   1.82432315E-003
    500.15294   1.81399278E-003
    500.32453   1.80372738E-003
    500.49612   1.79352652E-003
    500.66771   1.78338978E-003
    500.83930   1.77331674E-003
    501.01088   1.76330699E-003
    501.18247   1.75336012E-003
    501.35406   1.74347571E-003
    501.52565   1.73365337E-003
    501.69724   1.72389268E-003
    501.86883   1.71419325E-003
    502.04042   1.70455469E-003
    502.21200   1.69497658E-003
    502.38359   1.68545855E-003
    502.55518   1.67600019E-003
    502.72677   1.66660113E-003
    502.89836   1.65726098E-003
    503.06995   1.64797936E-003
    503.24153   1.63875588E-003
    503.41312   1.62959016E-003
    503.58471   1.62048184E-003
    503.75630   1.61143054E-003
    503.92789   1.60243589E-003
    504.09948   1.59349752E-003
    504.27106   1.58461507E-003
    504.44265   1.57578817E-003
    504.61424   1.56701646E-003
    504.78583   1.55829959E-003
    504.95742   1.54963720E-003
    505.12901   1.54102894E-003
    505.30060   1.53247445E-003
    505.47218   1.52397339E-003
    505.64377   1.51552541E-003
    505.81536   1.50713016E-003
    505.98695   1.49878731E-003
    506.15854   1.49049651E-003
    506.33013   1.48225743E-003
    506.50171   1.47406973E-003
    506.67330   1.46593308E-003
    506.84489   1.45784714E-003
    507.01648   1.44981160E-003
    507.18807   1.44182612E-003
    507.35966   1.43389038E-003
    507.53124   1.42600405E-003
    507.70283   1.41816682E-003
    507.87442   1.41037837E-003
    508.04601   1.40263838E-003
    508.21760   1.39494654E-003
    508.38919   1.38730254E-003
    508.56078   1.37970607E-003
    508.73236   1.37215681E-003
    508.90395   1.36465447E-003
    509.07554   1.35719875E-003
    509.24713   1.34978933E-003
    509.41872   1.34242592E-003
    509.59031   1.33510822E-003
    509.76189   1.32783595E-003
    509.93348   1.32060879E-003
    510.10507   1.31342647E-003
    510.27666   1.30628869E-003
    510.44825   1.29919516E-003
    510.61984   1.29214560E-003
    510.79142   1.28513972E-003
    510.96301   1.27817725E-003
    511.13460   1.27125789E-003
    511.30619   1.26438138E-003
    511.47778   1.25754744E-003
    511.64937   1.25075578E-003
    511.82096   1.24400615E-003
    511.99254   1.23729826E-003
    512.16413   1.23063185E-003
    512.33572   1.22400665E-003
    512.50731   1.21742239E-003
    512.67890   1.21087881E-003
    512.85049   1.20437565E-003
    513.02207   1.19791264E-003
    513.19366   1.19148953E-003
    513.36525   1.18510606E-003
    513.53684   1.17876198E-003
    513.70843   1.17245702E-003
    513.88002   1.16619095E-003
    514.05160   1.15996350E-003
    514.22319   1.15377443E-003
    514.39478   1.14762349E-003
    514.56637   1.14151043E-003
    514.73796   1.13543502E-003
    514.90955   1.12939701E-003
    515.08114   1.12339615E-003
    515.25272   1.11743222E-003
    515.42431   1.11150496E-003
    515.59590   1.10561415E-003
    515.76749   1.09975955E-003
    515.93908   1.09394093E-003
    516.11067   1.08815805E-003
    516.28225   1.08241069E-003
    516.45384   1.07669861E-003
    516.62543   1.07102160E-003
    516.79702   1.06537942E-003
    516.96861   1.05977185E-003
    517.14020   1.05419866E-003
    517.31178   1.04865965E-003
    517.48337   1.04315458E-003
    517.65496   1.03768325E-003
    517.82655   1.03224542E-003
    517.99814   1.02684089E-003
    518.16973   1.02146945E-003
    518.34131   1.01613087E-003
    518.51290   1.01082496E-003
    518.68449   1.00555149E-003
    518.85608   1.00031027E-003
    519.02767   9.95101077E-004
    519.19926   9.89923716E-004
    519.37085   9.84777980E-004
    519.54243   9.79663665E-004
    519.71402   9.74580570E-004
    519.88561   9.69528494E-004
    520.05720   9.64507239E-004
    520.22879   9.59516608E-004
    520.40038   9.54556403E-004
    520.57196   9.49626429E-004
    520.74355   9.44726493E-004
    520.91514   9.39856402E-004
    521.08673   9.35015966E-004
    521.25832   9.30204993E-004
    521.42991   9.25423295E-004
    521.60149   9.20670685E-004
    521.77308   9.15946976E-004
    521.94467   9.11251983E-004
    522.11626   9.06585523E-004
    522.28785   9.01947412E-004
    522.45944   8.97337470E-004
    522.63103   8.92755515E-004
    522.80261   8.88201370E-004
    522.97420   8.83674855E-004
    523.14579   8.79175794E-004
    523.31738   8.74704012E-004
    523.48897   8.70259334E-004
    523.66056   8.65841587E-004
    523.83214   8.61450598E-004
    524.00373   8.57086197E-004
    524.17532   8.52748214E-004
    524.34691   8.48436479E-004
    524.51850   8.44150826E-004
    524.69009   8.39891087E-004
    524.86167   8.35657097E-004
    525.03326   8.31448691E-004
    525.20485   8.27265707E-004
    525.37644   8.23107982E-004
    525.54803   8.18975354E-004
    525.71962   8.14867664E-004
    525.89121   8.10784752E-004
    526.06279   8.06726461E-004
    526.23438   8.02692633E-004
    526.40597   7.98683112E-004
    526.57756   7.94697743E-004
    526.74915   7.90736372E-004
    526.92074   7.86798847E-004
    527.09232   7.82885015E-004
    527.26391   7.78994725E-004
    527.43550   7.75127827E-004
    527.60709   7.71284173E-004
    527.77868   7.67463614E-004
    527.95027   7.63666002E-004
    528.12185   7.59891193E-004
    528.29344   7.56139041E-004
    528.46503   7.52409401E-004
    528.63662   7.48702130E-004
    528.80821   7.45017087E-004
    528.97980   7.41354129E-004
    529.15139   7.37713116E-004
    529.32297   7.34093908E-004
    529.49456   7.30496368E-004
    529.66615   7.26920356E-004
    529.83774   7.23365737E-004
    530.00933   7.19832373E-004
    530.18092   7.16320131E-004
    530.35250   7.12828876E-004
    530.52409   7.09358475E-004
    530.69568   7.05908795E-004
    530.86727   7.02479704E-004
    531.03886   6.99071072E-004
    531.21045   6.95682769E-004
    531.38203   6.92314667E-004
    531.55362   6.88966636E-004
    531.72521   6.85638549E-004
    531.89680   6.82330281E-004
    532.06839   6.79041704E-004
    532.23998   6.75772695E-004
    532.41157   6.72523129E-004
    532.58315   6.69292883E-004
    532.75474   6.66081835E-004
    532.92633   6.62889863E-004
    533.09792   6.59716845E-004
    533.26951   6.56562663E-004
    533.44110   6.53427196E-004
    533.61268   6.50310326E-004
    533.78427   6.47211936E-004
    533.95586   6.44131908E-004
    534.12745   6.41070127E-004
    534.29904   6.38026476E-004
    534.47063   6.35000841E-004
    534.64221   6.31993108E-004
    534.81380   6.29003164E-004
    534.98539   6.26030897E-004
    535.15698   6.23076194E-004
    535.32857   6.20138944E-004
    535.50016   6.17219038E-004
    535.67175   6.14316365E-004
    535.84333   6.11430817E-004
    536.01492   6.08562286E-004
    536.18651   6.05710664E-004
    536.35810   6.02875844E-004
    536.52969   6.00057721E-004
    536.70128   5.97256188E-004
    536.87286   5.94471142E-004
    537.04445   5.91702478E-004
    537.21604   5.88950093E-004
    537.38763   5.86213884E-004
    537.55922   5.83493749E-004
    537.73081   5.80789587E-004
    537.90239   5.78101297E-004
    538.07398   5.75428779E-004
    538.24557   5.72771934E-004
    538.41716   5.70130662E-004
    538.58875   5.67504867E-004
    538.76034   5.64894450E-004
    538.93193   5.62299315E-004
    539.10351   5.59719365E-004
    539.27510   5.57154505E-004
    539.44669   5.54604639E-004
    539.61828   5.52069675E-004
    539.78987   5.49549517E-004
    539.96146   5.47044072E-004
    540.13304   5.44553249E-004
    540.30463   5.42076955E-004
    540.47622   5.39615099E-004
    540.64781   5.37167590E-004
    540.81940   5.34734338E-004
    540.99099   5.32315253E-004
    541.16257   5.29910247E-004
    541.33416   5.27519231E-004
    541.50575   5.25142117E-004
    541.67734   5.22778818E-004
    541.84893   5.20429247E-004
    542.02052   5.18093319E-004
    542.19211   5.15770947E-004
    542.36369   5.13462046E-004
    542.53528   5.11166532E-004
    542.70687   5.08884322E-004
    542.87846   5.06615331E-004
    543.05005   5.04359478E-004
    543.22164   5.02116678E-004
    543.39322   4.99886852E-004
    543.56481   4.97669917E-004
    543.73640   4.95465793E-004
    543.90799   4.93274399E-004
    544.07958   4.91095656E-004
    544.25117   4.88929486E-004
    544.42275   4.86775808E-004
    544.59434   4.84634545E-004
    544.76593   4.82505619E-004
    544.93752   4.80388953E-004
    545.10911   4.78284471E-004
    545.28070   4.76192097E-004
    545.45229   4.74111754E-004
    545.62387   4.72043367E-004
    545.79546   4.69986862E-004
    545.96705   4.67942165E-004
    546.13864   4.65909202E-004
    546.31023   4.63887899E-004
    546.48182   4.61878184E-004
    546.65340   4.59879985E-004
    546.82499   4.57893230E-004
    546.99658   4.55917846E-004
    547.16817   4.53953764E-004
    547.33976   4.52000914E-004
    547.51135   4.50059224E-004
    547.68293   4.48128625E-004
    547.85452   4.46209049E-004
    548.02611   4.44300426E-004
    548.19770   4.42402688E-004
    548.36929   4.40515769E-004
    548.54088   4.38639599E-004
    548.71247   4.36774113E-004
    548.88405   4.34919244E-004
    549.05564   4.33074925E-004
    549.22723   4.31241092E-004
    549.39882   4.29417678E-004
    549.57041   4.27604620E-004
    549.74200   4.25801853E-004
    549.91358   4.24009312E-004
    550.08517   4.22226935E-004
    550.25676   4.20454658E-004
    550.42835   4.18692419E-004
    550.59994   4.16940154E-004
    550.77153   4.15197803E-004
    550.94311   4.13465303E-004
    551.11470   4.11742594E-004
    551.28629   4.10029615E-004
    551.45788   4.08326306E-004
    551.62947   4.06632605E-004
    551.80106   4.04948455E-004
    551.97265   4.03273796E-004
    552.14423   4.01608568E-004
    552.31582   3.99952714E-004
    552.48741   3.98306175E-004
    552.65900   3.96668894E-004
    552.83059   3.95040814E-004
    553.00218   3.93421876E-004
    553.17376   3.91812026E-004
    553.34535   3.90211207E-004
    553.51694   3.88619362E-004
    553.68853   3.87036437E-004
    553.86012   3.85462375E-004
    554.03171   3.83897123E-004
    554.20329   3.82340626E-004
    554.37488   3.80792830E-004
    554.54647   3.79253681E-004
    554.71806   3.77723126E-004
    554.88965   3.76201111E-004
    555.06124   3.74687584E-004
    555.23283   3.73182493E-004
    555.40441   3.71685785E-004
    555.57600   3.70197409E-004
    555.74759   3.68717313E-004
    555.91918   3.67245447E-004
    556.09077   3.65781759E-004
    556.26236   3.64326199E-004
    556.43394   3.62878718E-004
    556.60553   3.61439265E-004
    556.77712   3.60007790E-004
    556.94871   3.58584246E-004
    557.12030   3.57168582E-004
    557.29189   3.55760751E-004
    557.46347   3.54360705E-004
    557.63506   3.52968394E-004
    557.80665   3.51583773E-004
    557.97824   3.50206793E-004
    558.14983   3.48837408E-004
    558.32142   3.47475571E-004
    558.49301   3.46121235E-004
    558.66459   3.44774355E-004
    558.83618   3.43434884E-004
    559.00777   3.42102778E-004
    559.17936   3.40777990E-004
    559.35095   3.39460477E-004
    559.52254   3.38150193E-004
    559.69412   3.36847095E-004
    559.86571   3.35551137E-004
    560.03730   3.34262277E-004
    560.20889   3.32980471E-004
    560.38048   3.31705675E-004
    560.55207   3.30437847E-004
    560.72365   3.29176944E-004
    560.89524   3.27922923E-004
    561.06683   3.26675743E-004
    561.23842   3.25435362E-004
    561.41001   3.24201738E-004
    561.58160   3.22974829E-004
    561.75319   3.21754595E-004
    561.92477   3.20540995E-004
    562.09636   3.19333988E-004
    562.26795   3.18133534E-004
    562.43954   3.16939593E-004
    562.61113   3.15752125E-004
    562.78272   3.14571091E-004
    562.95430   3.13396452E-004
    563.12589   3.12228167E-004
    563.29748   3.11066200E-004
    563.46907   3.09910510E-004
    563.64066   3.08761061E-004
    563.81225   3.07617813E-004
    563.98383   3.06480729E-004
    564.15542   3.05349772E-004
    564.32701   3.04224904E-004
    564.49860   3.03106087E-004
    564.67019   3.01993286E-004
    564.84178   3.00886464E-004
    565.01337   2.99785584E-004
    565.18495   2.98690610E-004
    565.35654   2.97601506E-004
    565.52813   2.96518236E-004
    565.69972   2.95440766E-004
    565.87131   2.94369059E-004
    566.04290   2.93303081E-004
    566.21448   2.92242797E-004
    566.38607   2.91188173E-004
    566.55766   2.90139173E-004
    566.72925   2.89095765E-004
    566.90084   2.88057913E-004
    567.07243   2.87025585E-004
    567.24401   2.85998747E-004
    567.41560   2.84977365E-004
    567.58719   2.83961406E-004
    567.75878   2.82950838E-004
    567.93037   2.81945629E-004
    568.10196   2.80945744E-004
    568.27355   2.79951153E-004
    568.44513   2.78961823E-004
    568.61672   2.77977723E-004
    568.78831   2.76998820E-004
    568.95990   2.76025084E-004
    569.13149   2.75056483E-004
    569.30308   2.74092986E-004
    569.47466   2.73134563E-004
    569.64625   2.72181182E-004
    569.81784   2.71232813E-004
    569.98943   2.70289426E-004
    570.16102   2.69350991E-004
    570.33261   2.68417478E-004
    570.50419   2.67488857E-004
    570.67578   2.66565099E-004
    570.84737   2.65646175E-004
    571.01896   2.64732055E-004
    571.19055   2.63822710E-004
    571.36214   2.62918112E-004
    571.53373   2.62018233E-004
    571.70531   2.61123043E-004
    571.87690   2.60232514E-004
    572.04849   2.59346619E-004
    572.22008   2.58465329E-004
    572.39167   2.57588618E-004
    572.56326   2.56716457E-004
    572.73484   2.55848818E-004
    572.90643   2.54985676E-004
    573.07802   2.54127003E-004
    573.24961   2.53272771E-004
    573.42120   2.52422955E-004
    573.59279   2.51577528E-004
    573.76437   2.50736464E-004
    573.93596   2.49899736E-004
    574.10755   2.49067318E-004
    574.27914   2.48239185E-004
    574.45073   2.47415311E-004
    574.62232   2.46595670E-004
    574.79391   2.45780238E-004
    574.96549   2.44968988E-004
    575.13708   2.44161897E-004
    575.30867   2.43358938E-004
    575.48026   2.42560088E-004
    575.65185   2.41765321E-004
    575.82344   2.40974614E-004
    575.99502   2.40187942E-004
    576.16661   2.39405280E-004
    576.33820   2.38626606E-004
    576.50979   2.37851896E-004
    576.68138   2.37081124E-004
    576.85297   2.36314269E-004
    577.02455   2.35551307E-004
    577.19614   2.34792214E-004
    577.36773   2.34036968E-004
    577.53932   2.33285545E-004
    577.71091   2.32537924E-004
    577.88250   2.31794080E-004
    578.05409   2.31053992E-004
    578.22567   2.30317638E-004
    578.39726   2.29584994E-004
    578.56885   2.28856040E-004
    578.74044   2.28130753E-004
    578.91203   2.27409111E-004
    579.08362   2.26691093E-004
