     61.28984   4.09378591E-055
     61.44023   1.88117678E-054
     61.59062   8.50049468E-054
     61.74101   3.77791293E-053
     61.89140   1.65171379E-052
     62.04179   7.10515617E-052
     62.19218   3.00779518E-051
     62.34257   1.25324927E-050
     62.49296   5.14066111E-050
     62.64335   2.07620165E-049
     62.79374   8.25780965E-049
     62.94413   3.23504056E-048
     63.09452   1.24849815E-047
     63.24491   4.74746992E-047
     63.39530   1.77899437E-046
     63.54569   6.57046228E-046
     63.69608   2.39219368E-045
     63.84647   8.58706934E-045
     63.99686   3.03955563E-044
     64.14725   1.06110686E-043
     64.29764   3.65391630E-043
     64.44804   1.24129275E-042
     64.59843   4.16074270E-042
     64.74882   1.37629829E-041
     64.89921   4.49327079E-041
     65.04960   1.44804937E-040
     65.19999   4.60719461E-040
     65.35038   1.44738160E-039
     65.50077   4.49037863E-039
     65.65116   1.37592789E-038
     65.80155   4.16466254E-038
     65.95194   1.24535536E-037
     66.10233   3.67953795E-037
     66.25272   1.07432647E-036
     66.40311   3.10011665E-036
     66.55350   8.84247124E-036
     66.70389   2.49331729E-035
     66.85428   6.95093861E-035
     67.00467   1.91612771E-034
     67.15506   5.22363689E-034
     67.30545   1.40844803E-033
     67.45584   3.75646333E-033
     67.60623   9.91147973E-033
     67.75663   2.58743102E-032
     67.90702   6.68373655E-032
     68.05741   1.70859388E-031
     68.20780   4.32290290E-031
     68.35819   1.08262184E-030
     68.50858   2.68404461E-030
     68.65897   6.58810847E-030
     68.80936   1.60116348E-029
     68.95975   3.85353976E-029
     69.11014   9.18497588E-029
     69.26053   2.16837524E-028
     69.41092   5.07075716E-028
     69.56131   1.17472533E-027
     69.71170   2.69629670E-027
     69.86209   6.13209722E-027
     70.01248   1.38198097E-026
     70.16287   3.08665410E-026
     70.31326   6.83293729E-026
     70.46365   1.49934198E-025
     70.61404   3.26142591E-025
     70.76443   7.03342999E-025
     70.91483   1.50389837E-024
     71.06522   3.18859861E-024
     71.21561   6.70423445E-024
     71.36600   1.39798979E-023
     71.51639   2.89135442E-023
     71.66678   5.93168132E-023
     71.81717   1.20717337E-022
     71.96756   2.43732041E-022
     72.11795   4.88249855E-022
     72.26834   9.70494568E-022
     72.41873   1.91425659E-021
     72.56912   3.74711848E-021
     72.71951   7.27978763E-021
     72.86990   1.40377468E-020
     73.02029   2.68699296E-020
     73.17068   5.10574031E-020
     73.32107   9.63177340E-020
     73.47146   1.80401872E-019
     73.62185   3.35501617E-019
     73.77224   6.19581127E-019
     73.92263   1.13627268E-018
     74.07302   2.06956117E-018
     74.22342   3.74382407E-018
     74.37381   6.72703792E-018
     74.52420   1.20069603E-017
     74.67459   2.12898293E-017
     74.82498   3.75033456E-017
     74.97537   6.56379606E-017
     75.12576   1.14144651E-016
     75.27615   1.97241977E-016
     75.42654   3.38699059E-016
     75.57693   5.77998558E-016
     75.72732   9.80312640E-016
     75.87771   1.65254843E-015
     76.02810   2.76899331E-015
     76.17849   4.61204794E-015
     76.32888   7.63652386E-015
     76.47927   1.25705164E-014
     76.62966   2.05726986E-014
     76.78005   3.34761192E-014
     76.93044   5.41638262E-014
     77.08083   8.71441767E-014
     77.23122   1.39426834E-013
     77.38161   2.21848866E-013
     77.53201   3.51070670E-013
     77.68240   5.52562932E-013
     77.83279   8.65051456E-013
     77.98318   1.34709433E-012
     78.13357   2.08676036E-012
     78.28396   3.21579270E-012
     78.43435   4.93022293E-012
     78.58474   7.52021105E-012
     78.73513   1.14130085E-011
     78.88552   1.72344863E-011
     79.03591   2.58967853E-011
     79.18630   3.87225256E-011
     79.33669   5.76199101E-011
     79.48708   8.53283037E-011
     79.63747   1.25760895E-010
     79.78786   1.84480395E-010
     79.93825   2.69356108E-010
     80.08864   3.91466987E-010
     80.23903   5.66336641E-010
     80.38942   8.15614000E-010
     80.53981   1.16934932E-009
     80.69021   1.66906149E-009
     80.84060   2.37185193E-009
     80.99099   3.35589590E-009
     81.14138   4.72773758E-009
     81.29177   6.63193618E-009
     81.44216   9.26376094E-009
     81.59255   1.28858215E-008
     81.74294   1.78497533E-008
     81.89333   2.46243652E-008
     82.04372   3.38320092E-008
     82.19411   4.62953623E-008
     82.34450   6.30973309E-008
     82.49489   8.56574177E-008
     82.64528   1.15828642E-007
     82.79567   1.56020009E-007
     82.94606   2.09350574E-007
     83.09645   2.79842424E-007
     83.24684   3.72661342E-007
     83.39723   4.94415664E-007
     83.54762   6.53525779E-007
     83.69801   8.60679044E-007
     83.84840   1.12938747E-006
     83.99880   1.47666849E-006
     84.14919   1.92387246E-006
     84.29958   2.49768435E-006
     84.44997   3.23133111E-006
     84.60036   4.16603093E-006
     84.75075   5.35272556E-006
     84.90114   6.85414241E-006
     85.05153   8.74723896E-006
     85.20192   1.11260882E-005
     85.35231   1.41052711E-005
     85.50270   1.78238475E-005
     85.65309   2.24499862E-005
     85.80348   2.81863400E-005
     85.95387   3.52762606E-005
     86.10426   4.40109532E-005
     86.25465   5.47376805E-005
     86.40504   6.78691277E-005
     86.55543   8.38940503E-005
     86.70582   1.03389327E-004
     86.85621   1.27033547E-004
     87.00660   1.55622255E-004
     87.15699   1.90084990E-004
     87.30739   2.31504241E-004
     87.45778   2.81136435E-004
     87.60817   3.40435082E-004
     87.75856   4.11076168E-004
     87.90895   4.94985894E-004
     88.05934   5.94370829E-004
     88.20973   7.11750516E-004
     88.36012   8.49992571E-004
     88.51051   1.01235025E-003
     88.66090   1.20250246E-003
     88.81129   1.42459609E-003
     88.96168   1.68329065E-003
     89.11207   1.98380485E-003
     89.26246   2.33196510E-003
     89.41285   2.73425555E-003
     89.56324   3.19786933E-003
     89.71363   3.73076065E-003
     89.86402   4.34169724E-003
     90.01441   5.04031272E-003
     90.16480   5.83715814E-003
     90.31519   6.74375232E-003
     90.46559   7.77263002E-003
     90.61598   8.93738741E-003
     90.76637   1.02527239E-002
     90.91676   1.17344796E-002
     91.06715   1.33996676E-002
     91.21754   1.52664995E-002
     91.36793   1.73544050E-002
     91.51832   1.96840422E-002
     91.66871   2.22772998E-002
     91.81910   2.51572892E-002
     91.96949   2.83483263E-002
     92.11988   3.18759008E-002
     92.27027   3.57666351E-002
     92.42066   4.00482285E-002
     92.57105   4.47493890E-002
     92.72144   4.98997514E-002
     92.87183   5.55297800E-002
     93.02222   6.16706587E-002
     93.17261   6.83541646E-002
     93.32300   7.56125290E-002
     93.47339   8.34782831E-002
     93.62378   9.19840907E-002
     93.77418   1.01162568E-001
     93.92457   1.11046090E-001
     94.07496   1.21666586E-001
     94.22535   1.33055329E-001
     94.37574   1.45242708E-001
     94.52613   1.58258001E-001
     94.67652   1.72129136E-001
     94.82691   1.86882456E-001
     94.97730   2.02542473E-001
     95.12769   2.19131628E-001
     95.27808   2.36670052E-001
     95.42847   2.55175329E-001
     95.57886   2.74662271E-001
     95.72925   2.95142693E-001
     95.87964   3.16625209E-001
     96.03003   3.39115030E-001
     96.18042   3.62613792E-001
     96.33081   3.87119386E-001
     96.48120   4.12625815E-001
     96.63159   4.39123075E-001
     96.78198   4.66597050E-001
     96.93237   4.95029439E-001
     97.08277   5.24397703E-001
     97.23316   5.54675044E-001
     97.38355   5.85830405E-001
     97.53394   6.17828502E-001
     97.68433   6.50629882E-001
     97.83472   6.84191012E-001
     97.98511   7.18464393E-001
     98.13550   7.53398701E-001
     98.28589   7.88938961E-001
     98.43628   8.25026736E-001
     98.58667   8.61600355E-001
     98.73706   8.98595146E-001
     98.88745   9.35943711E-001
     99.03784   9.73576202E-001
     99.18823   1.01142063E+000
     99.33862   1.04940318E+000
     99.48901   1.08744853E+000
     99.63940   1.12548022E+000
     99.78979   1.16342098E+000
     99.94018   1.20119309E+000
    100.09057   1.23871873E+000
    100.24097   1.27592037E+000
    100.39136   1.31272110E+000
    100.54175   1.34904498E+000
    100.69214   1.38481741E+000
    100.84253   1.41996543E+000
    100.99292   1.45441811E+000
    101.14331   1.48810678E+000
    101.29370   1.52096538E+000
    101.44409   1.55293072E+000
    101.59448   1.58394276E+000
    101.74487   1.61394481E+000
    101.89526   1.64288378E+000
    102.04565   1.67071037E+000
    102.19604   1.69737921E+000
    102.34643   1.72284906E+000
    102.49682   1.74708288E+000
    102.64721   1.77004797E+000
    102.79760   1.79171600E+000
    102.94799   1.81206309E+000
    103.09838   1.83106982E+000
    103.24877   1.84872122E+000
    103.39916   1.86500678E+000
    103.54956   1.87992034E+000
    103.69995   1.89346008E+000
    103.85034   1.90562843E+000
    104.00073   1.91643190E+000
    104.15112   1.92588104E+000
    104.30151   1.93399022E+000
    104.45190   1.94077753E+000
    104.60229   1.94626459E+000
    104.75268   1.95047635E+000
    104.90307   1.95344092E+000
    105.05346   1.95518935E+000
    105.20385   1.95575545E+000
    105.35424   1.95517554E+000
    105.50463   1.95348824E+000
    105.65502   1.95073427E+000
    105.80541   1.94695619E+000
    105.95580   1.94219821E+000
    106.10619   1.93650594E+000
    106.25658   1.92992619E+000
    106.40697   1.92250673E+000
    106.55736   1.91429610E+000
    106.70776   1.90534339E+000
    106.85815   1.89569803E+000
    107.00854   1.88540963E+000
    107.15893   1.87452775E+000
    107.30932   1.86310176E+000
    107.45971   1.85118063E+000
    107.61010   1.83881283E+000
    107.76049   1.82604610E+000
    107.91088   1.81292741E+000
    108.06127   1.79950273E+000
    108.21166   1.78581698E+000
    108.36205   1.77191389E+000
    108.51244   1.75783591E+000
    108.66283   1.74362414E+000
    108.81322   1.72931821E+000
    108.96361   1.71495624E+000
    109.11400   1.70057478E+000
    109.26439   1.68620878E+000
    109.41478   1.67189149E+000
    109.56517   1.65765451E+000
    109.71556   1.64352768E+000
    109.86595   1.62953914E+000
    110.01635   1.61571530E+000
    110.16674   1.60208081E+000
    110.31713   1.58865861E+000
    110.46752   1.57546992E+000
    110.61791   1.56253426E+000
    110.76830   1.54986948E+000
    110.91869   1.53749179E+000
    111.06908   1.52541579E+000
    111.21947   1.51365451E+000
    111.36986   1.50221946E+000
    111.52025   1.49112065E+000
    111.67064   1.48036668E+000
    111.82103   1.46996474E+000
    111.97142   1.45992070E+000
    112.12181   1.45023917E+000
    112.27220   1.44092351E+000
    112.42259   1.43197593E+000
    112.57298   1.42339754E+000
    112.72337   1.41518840E+000
    112.87376   1.40734757E+000
    113.02415   1.39987321E+000
    113.17454   1.39276258E+000
    113.32494   1.38601214E+000
    113.47533   1.37961761E+000
    113.62572   1.37357400E+000
    113.77611   1.36787569E+000
    113.92650   1.36251648E+000
    114.07689   1.35748963E+000
    114.22728   1.35278794E+000
    114.37767   1.34840380E+000
    114.52806   1.34432920E+000
    114.67845   1.34055584E+000
    114.82884   1.33707513E+000
    114.97923   1.33387828E+000
    115.12962   1.33095630E+000
    115.28001   1.32830006E+000
    115.43040   1.32590037E+000
    115.58079   1.32374796E+000
    115.73118   1.32183355E+000
    115.88157   1.32014789E+000
    116.03196   1.31868180E+000
    116.18235   1.31742619E+000
    116.33274   1.31637207E+000
    116.48314   1.31551065E+000
    116.63353   1.31483329E+000
    116.78392   1.31433158E+000
    116.93431   1.31399736E+000
    117.08470   1.31382271E+000
    117.23509   1.31380001E+000
    117.38548   1.31392195E+000
    117.53587   1.31418154E+000
    117.68626   1.31457212E+000
    117.83665   1.31508743E+000
    117.98704   1.31572154E+000
    118.13743   1.31646894E+000
    118.28782   1.31732451E+000
    118.43821   1.31828355E+000
    118.58860   1.31934175E+000
    118.73899   1.32049527E+000
    118.88938   1.32174067E+000
    119.03977   1.32307496E+000
    119.19016   1.32449560E+000
    119.34055   1.32600048E+000
    119.49094   1.32758794E+000
    119.64133   1.32925677E+000
    119.79173   1.33100620E+000
    119.94212   1.33283589E+000
    120.09251   1.33474596E+000
    120.24290   1.33673692E+000
    120.39329   1.33880976E+000
    120.54368   1.34096583E+000
    120.69407   1.34320693E+000
    120.84446   1.34553525E+000
    120.99485   1.34795335E+000
    121.14524   1.35046420E+000
    121.29563   1.35307111E+000
    121.44602   1.35577775E+000
    121.59641   1.35858813E+000
    121.74680   1.36150660E+000
    121.89719   1.36453780E+000
    122.04758   1.36768667E+000
    122.19797   1.37095842E+000
    122.34836   1.37435854E+000
    122.49875   1.37789275E+000
    122.64914   1.38156699E+000
    122.79953   1.38538742E+000
    122.94992   1.38936037E+000
    123.10032   1.39349236E+000
    123.25071   1.39779004E+000
    123.40110   1.40226019E+000
    123.55149   1.40690971E+000
    123.70188   1.41174559E+000
    123.85227   1.41677488E+000
    124.00266   1.42200468E+000
    124.15305   1.42744211E+000
    124.30344   1.43309434E+000
    124.45383   1.43896847E+000
    124.60422   1.44507160E+000
    124.75461   1.45141079E+000
    124.90500   1.45799301E+000
    125.05539   1.46482514E+000
    125.20578   1.47191397E+000
    125.35617   1.47926613E+000
    125.50656   1.48688814E+000
    125.65695   1.49478634E+000
    125.80734   1.50296688E+000
    125.95773   1.51143575E+000
    126.10812   1.52019867E+000
    126.25852   1.52926119E+000
    126.40891   1.53862858E+000
    126.55930   1.54830585E+000
    126.70969   1.55829775E+000
    126.86008   1.56860875E+000
    127.01047   1.57924300E+000
    127.16086   1.59020437E+000
    127.31125   1.60149638E+000
    127.46164   1.61312222E+000
    127.61203   1.62508477E+000
    127.76242   1.63738653E+000
    127.91281   1.65002965E+000
    128.06320   1.66301590E+000
    128.21359   1.67634672E+000
    128.36398   1.69002312E+000
    128.51437   1.70404577E+000
    128.66476   1.71841492E+000
    128.81515   1.73313046E+000
    128.96554   1.74819186E+000
    129.11593   1.76359823E+000
    129.26632   1.77934824E+000
    129.41671   1.79544020E+000
    129.56711   1.81187202E+000
    129.71750   1.82864121E+000
    129.86789   1.84574489E+000
    130.01828   1.86317980E+000
    130.16867   1.88094229E+000
    130.31906   1.89902834E+000
    130.46945   1.91743355E+000
    130.61984   1.93615315E+000
    130.77023   1.95518202E+000
    130.92062   1.97451467E+000
    131.07101   1.99414528E+000
    131.22140   2.01406770E+000
    131.37179   2.03427543E+000
    131.52218   2.05476167E+000
    131.67257   2.07551930E+000
    131.82296   2.09654092E+000
    131.97335   2.11781884E+000
    132.12374   2.13934508E+000
    132.27413   2.16111143E+000
    132.42452   2.18310940E+000
    132.57491   2.20533029E+000
    132.72530   2.22776517E+000
    132.87570   2.25040489E+000
    133.02609   2.27324012E+000
    133.17648   2.29626135E+000
    133.32687   2.31945891E+000
    133.47726   2.34282295E+000
    133.62765   2.36634352E+000
    133.77804   2.39001053E+000
    133.92843   2.41381379E+000
    134.07882   2.43774300E+000
    134.22921   2.46178781E+000
    134.37960   2.48593780E+000
    134.52999   2.51018249E+000
    134.68038   2.53451137E+000
    134.83077   2.55891394E+000
    134.98116   2.58337967E+000
    135.13155   2.60789803E+000
    135.28194   2.63245855E+000
    135.43233   2.65705078E+000
    135.58272   2.68166431E+000
    135.73311   2.70628883E+000
    135.88350   2.73091406E+000
    136.03390   2.75552986E+000
    136.18429   2.78012616E+000
    136.33468   2.80469302E+000
    136.48507   2.82922062E+000
    136.63546   2.85369927E+000
    136.78585   2.87811946E+000
    136.93624   2.90247179E+000
    137.08663   2.92674706E+000
    137.23702   2.95093623E+000
    137.38741   2.97503047E+000
    137.53780   2.99902110E+000
    137.68819   3.02289967E+000
    137.83858   3.04665794E+000
    137.98897   3.07028785E+000
    138.13936   3.09378160E+000
    138.28975   3.11713159E+000
    138.44014   3.14033044E+000
    138.59053   3.16337103E+000
    138.74092   3.18624646E+000
    138.89131   3.20895006E+000
    139.04170   3.23147542E+000
    139.19209   3.25381636E+000
    139.34249   3.27596696E+000
    139.49288   3.29792153E+000
    139.64327   3.31967462E+000
    139.79366   3.34122106E+000
    139.94405   3.36255588E+000
    140.09444   3.38367440E+000
    140.24483   3.40457214E+000
    140.39522   3.42524489E+000
    140.54561   3.44568866E+000
    140.69600   3.46589971E+000
    140.84639   3.48587453E+000
    140.99678   3.50560983E+000
    141.14717   3.52510254E+000
    141.29756   3.54434982E+000
    141.44795   3.56334906E+000
    141.59834   3.58209782E+000
    141.74873   3.60059390E+000
    141.89912   3.61883530E+000
    142.04951   3.63682018E+000
    142.19990   3.65454693E+000
    142.35029   3.67201410E+000
    142.50068   3.68922041E+000
    142.65108   3.70616478E+000
    142.80147   3.72284625E+000
    142.95186   3.73926406E+000
    143.10225   3.75541757E+000
    143.25264   3.77130629E+000
    143.40303   3.78692988E+000
    143.55342   3.80228812E+000
    143.70381   3.81738090E+000
    143.85420   3.83220825E+000
    144.00459   3.84677029E+000
    144.15498   3.86106727E+000
    144.30537   3.87509951E+000
    144.45576   3.88886742E+000
    144.60615   3.90237153E+000
    144.75654   3.91561240E+000
    144.90693   3.92859069E+000
    145.05732   3.94130712E+000
    145.20771   3.95376247E+000
    145.35810   3.96595758E+000
    145.50849   3.97789332E+000
    145.65888   3.98957063E+000
    145.80928   4.00099048E+000
    145.95967   4.01215387E+000
    146.11006   4.02306182E+000
    146.26045   4.03371541E+000
    146.41084   4.04411569E+000
    146.56123   4.05426378E+000
    146.71162   4.06416079E+000
    146.86201   4.07380783E+000
    147.01240   4.08320604E+000
    147.16279   4.09235654E+000
    147.31318   4.10126048E+000
    147.46357   4.10991900E+000
    147.61396   4.11833323E+000
    147.76435   4.12650429E+000
    147.91474   4.13443332E+000
    148.06513   4.14212143E+000
    148.21552   4.14956973E+000
    148.36591   4.15677931E+000
    148.51630   4.16375128E+000
    148.66669   4.17048670E+000
    148.81708   4.17698665E+000
    148.96747   4.18325219E+000
    149.11787   4.18928435E+000
    149.26826   4.19508417E+000
    149.41865   4.20065268E+000
    149.56904   4.20599089E+000
    149.71943   4.21109981E+000
    149.86982   4.21598043E+000
    150.02021   4.22063375E+000
    150.17060   4.22506074E+000
    150.32099   4.22926239E+000
    150.47138   4.23323967E+000
    150.62177   4.23699355E+000
    150.77216   4.24052501E+000
    150.92255   4.24383502E+000
    151.07294   4.24692456E+000
    151.22333   4.24979461E+000
    151.37372   4.25244616E+000
    151.52411   4.25488020E+000
    151.67450   4.25709774E+000
    151.82489   4.25909980E+000
    151.97528   4.26088742E+000
    152.12567   4.26246164E+000
    152.27607   4.26382353E+000
    152.42646   4.26497418E+000
    152.57685   4.26591470E+000
    152.72724   4.26664621E+000
    152.87763   4.26716988E+000
    153.02802   4.26748690E+000
    153.17841   4.26759847E+000
    153.32880   4.26750584E+000
    153.47919   4.26721030E+000
    153.62958   4.26671314E+000
    153.77997   4.26601573E+000
    153.93036   4.26511944E+000
    154.08075   4.26402569E+000
    154.23114   4.26273595E+000
    154.38153   4.26125172E+000
    154.53192   4.25957454E+000
    154.68231   4.25770600E+000
    154.83270   4.25564771E+000
    154.98309   4.25340137E+000
    155.13348   4.25096868E+000
    155.28387   4.24835141E+000
    155.43426   4.24555136E+000
    155.58466   4.24257039E+000
    155.73505   4.23941039E+000
    155.88544   4.23607332E+000
    156.03583   4.23256116E+000
    156.18622   4.22887595E+000
    156.33661   4.22501978E+000
    156.48700   4.22099477E+000
    156.63739   4.21680309E+000
    156.78778   4.21244695E+000
    156.93817   4.20792863E+000
    157.08856   4.20325042E+000
    157.23895   4.19841466E+000
    157.38934   4.19342374E+000
    157.53973   4.18828009E+000
    157.69012   4.18298616E+000
    157.84051   4.17754445E+000
    157.99090   4.17195750E+000
    158.14129   4.16622787E+000
    158.29168   4.16035817E+000
    158.44207   4.15435103E+000
    158.59246   4.14820912E+000
    158.74285   4.14193511E+000
    158.89325   4.13553172E+000
    159.04364   4.12900170E+000
    159.19403   4.12234781E+000
    159.34442   4.11557281E+000
    159.49481   4.10867952E+000
    159.64520   4.10167074E+000
    159.79559   4.09454931E+000
    159.94598   4.08731806E+000
    160.09637   4.07997984E+000
    160.24676   4.07253750E+000
    160.39715   4.06499391E+000
    160.54754   4.05735194E+000
    160.69793   4.04961443E+000
    160.84832   4.04178427E+000
    160.99871   4.03386430E+000
    161.14910   4.02585737E+000
    161.29949   4.01776633E+000
    161.44988   4.00959402E+000
    161.60027   4.00134324E+000
    161.75066   3.99301682E+000
    161.90105   3.98461752E+000
    162.05145   3.97614812E+000
    162.20184   3.96761137E+000
    162.35223   3.95900998E+000
    162.50262   3.95034666E+000
    162.65301   3.94162406E+000
    162.80340   3.93284484E+000
    162.95379   3.92401159E+000
    163.10418   3.91512688E+000
    163.25457   3.90619326E+000
    163.40496   3.89721323E+000
    163.55535   3.88818924E+000
    163.70574   3.87912371E+000
    163.85613   3.87001902E+000
    164.00652   3.86087750E+000
    164.15691   3.85170145E+000
    164.30730   3.84249310E+000
    164.45769   3.83325464E+000
    164.60808   3.82398822E+000
    164.75847   3.81469592E+000
    164.90886   3.80537980E+000
    165.05925   3.79604183E+000
    165.20964   3.78668394E+000
    165.36004   3.77730802E+000
    165.51043   3.76791589E+000
    165.66082   3.75850930E+000
    165.81121   3.74908996E+000
    165.96160   3.73965953E+000
    166.11199   3.73021959E+000
    166.26238   3.72077167E+000
    166.41277   3.71131725E+000
    166.56316   3.70185772E+000
    166.71355   3.69239444E+000
    166.86394   3.68292870E+000
    167.01433   3.67346172E+000
    167.16472   3.66399467E+000
    167.31511   3.65452866E+000
    167.46550   3.64506472E+000
    167.61589   3.63560384E+000
    167.76628   3.62614694E+000
    167.91667   3.61669487E+000
    168.06706   3.60724845E+000
    168.21745   3.59780841E+000
    168.36784   3.58837544E+000
    168.51823   3.57895014E+000
    168.66863   3.56953309E+000
    168.81902   3.56012479E+000
    168.96941   3.55072569E+000
    169.11980   3.54133617E+000
    169.27019   3.53195658E+000
    169.42058   3.52258719E+000
    169.57097   3.51322823E+000
    169.72136   3.50387987E+000
    169.87175   3.49454224E+000
    170.02214   3.48521539E+000
    170.17253   3.47589934E+000
    170.32292   3.46659408E+000
    170.47331   3.45729950E+000
    170.62370   3.44801550E+000
    170.77409   3.43874189E+000
    170.92448   3.42947846E+000
    171.07487   3.42022495E+000
    171.22526   3.41098105E+000
    171.37565   3.40174642E+000
    171.52604   3.39252068E+000
    171.67643   3.38330341E+000
    171.82683   3.37409413E+000
    171.97722   3.36489237E+000
    172.12761   3.35569759E+000
    172.27800   3.34650923E+000
    172.42839   3.33732670E+000
    172.57878   3.32814938E+000
    172.72917   3.31897660E+000
    172.87956   3.30980770E+000
    173.02995   3.30064197E+000
    173.18034   3.29147869E+000
    173.33073   3.28231709E+000
    173.48112   3.27315642E+000
    173.63151   3.26399587E+000
    173.78190   3.25483464E+000
    173.93229   3.24567190E+000
    174.08268   3.23650681E+000
    174.23307   3.22733850E+000
    174.38346   3.21816613E+000
    174.53385   3.20898879E+000
    174.68424   3.19980561E+000
    174.83463   3.19061568E+000
    174.98502   3.18141810E+000
    175.13542   3.17221196E+000
    175.28581   3.16299635E+000
    175.43620   3.15377034E+000
    175.58659   3.14453302E+000
    175.73698   3.13528348E+000
    175.88737   3.12602078E+000
    176.03776   3.11674402E+000
    176.18815   3.10745228E+000
    176.33854   3.09814465E+000
    176.48893   3.08882025E+000
    176.63932   3.07947816E+000
    176.78971   3.07011751E+000
    176.94010   3.06073742E+000
    177.09049   3.05133702E+000
    177.24088   3.04191546E+000
    177.39127   3.03247190E+000
    177.54166   3.02300551E+000
    177.69205   3.01351547E+000
    177.84244   3.00400100E+000
    177.99283   2.99446130E+000
    178.14322   2.98489563E+000
    178.29361   2.97530322E+000
    178.44401   2.96568336E+000
    178.59440   2.95603533E+000
    178.74479   2.94635846E+000
    178.89518   2.93665208E+000
    179.04557   2.92691555E+000
    179.19596   2.91714826E+000
    179.34635   2.90734959E+000
    179.49674   2.89751899E+000
    179.64713   2.88765591E+000
    179.79752   2.87775983E+000
    179.94791   2.86783025E+000
    180.09830   2.85786670E+000
    180.24869   2.84786875E+000
    180.39908   2.83783598E+000
    180.54947   2.82776799E+000
    180.69986   2.81766444E+000
    180.85025   2.80752499E+000
    181.00064   2.79734933E+000
    181.15103   2.78713721E+000
    181.30142   2.77688836E+000
    181.45181   2.76660258E+000
    181.60221   2.75627969E+000
    181.75260   2.74591952E+000
    181.90299   2.73552195E+000
    182.05338   2.72508689E+000
    182.20377   2.71461427E+000
    182.35416   2.70410406E+000
    182.50455   2.69355624E+000
    182.65494   2.68297085E+000
    182.80533   2.67234794E+000
    182.95572   2.66168760E+000
    183.10611   2.65098993E+000
    183.25650   2.64025510E+000
    183.40689   2.62948326E+000
    183.55728   2.61867462E+000
    183.70767   2.60782943E+000
    183.85806   2.59694793E+000
    184.00845   2.58603043E+000
    184.15884   2.57507724E+000
    184.30923   2.56408871E+000
    184.45962   2.55306522E+000
    184.61001   2.54200718E+000
    184.76040   2.53091502E+000
    184.91080   2.51978919E+000
    185.06119   2.50863019E+000
    185.21158   2.49743853E+000
    185.36197   2.48621475E+000
    185.51236   2.47495941E+000
    185.66275   2.46367311E+000
    185.81314   2.45235646E+000
    185.96353   2.44101010E+000
    186.11392   2.42963470E+000
    186.26431   2.41823094E+000
    186.41470   2.40679954E+000
    186.56509   2.39534123E+000
    186.71548   2.38385677E+000
    186.86587   2.37234692E+000
    187.01626   2.36081250E+000
    187.16665   2.34925432E+000
    187.31704   2.33767322E+000
    187.46743   2.32607005E+000
    187.61782   2.31444570E+000
    187.76821   2.30280106E+000
    187.91860   2.29113705E+000
    188.06899   2.27945458E+000
    188.21939   2.26775462E+000
    188.36978   2.25603812E+000
    188.52017   2.24430606E+000
    188.67056   2.23255944E+000
    188.82095   2.22079926E+000
    188.97134   2.20902654E+000
    189.12173   2.19724232E+000
    189.27212   2.18544764E+000
    189.42251   2.17364357E+000
    189.57290   2.16183116E+000
    189.72329   2.15001150E+000
    189.87368   2.13818569E+000
    190.02407   2.12635481E+000
    190.17446   2.11451999E+000
    190.32485   2.10268232E+000
    190.47524   2.09084295E+000
    190.62563   2.07900299E+000
    190.77602   2.06716358E+000
    190.92641   2.05532588E+000
    191.07680   2.04349102E+000
    191.22719   2.03166016E+000
    191.37759   2.01983445E+000
    191.52798   2.00801506E+000
    191.67837   1.99620315E+000
    191.82876   1.98439988E+000
    191.97915   1.97260642E+000
    192.12954   1.96082394E+000
    192.27993   1.94905362E+000
    192.43032   1.93729660E+000
    192.58071   1.92555408E+000
    192.73110   1.91382720E+000
    192.88149   1.90211715E+000
    193.03188   1.89042508E+000
    193.18227   1.87875216E+000
    193.33266   1.86709954E+000
    193.48305   1.85546838E+000
    193.63344   1.84385983E+000
    193.78383   1.83227504E+000
    193.93422   1.82071515E+000
    194.08461   1.80918130E+000
    194.23500   1.79767461E+000
    194.38539   1.78619622E+000
    194.53578   1.77474723E+000
    194.68618   1.76332876E+000
    194.83657   1.75194192E+000
    194.98696   1.74058780E+000
    195.13735   1.72926748E+000
    195.28774   1.71798204E+000
    195.43813   1.70673255E+000
    195.58852   1.69552008E+000
    195.73891   1.68434567E+000
    195.88930   1.67321036E+000
    196.03969   1.66211518E+000
    196.19008   1.65106115E+000
    196.34047   1.64004927E+000
    196.49086   1.62908054E+000
    196.64125   1.61815595E+000
    196.79164   1.60727647E+000
    196.94203   1.59644305E+000
    197.09242   1.58565665E+000
    197.24281   1.57491820E+000
    197.39320   1.56422861E+000
    197.54359   1.55358880E+000
    197.69398   1.54299966E+000
    197.84438   1.53246207E+000
    197.99477   1.52197690E+000
    198.14516   1.51154500E+000
    198.29555   1.50116720E+000
    198.44594   1.49084434E+000
    198.59633   1.48057722E+000
    198.74672   1.47036662E+000
    198.89711   1.46021334E+000
    199.04750   1.45011814E+000
    199.19789   1.44008175E+000
    199.34828   1.43010493E+000
    199.49867   1.42018837E+000
    199.64906   1.41033279E+000
    199.79945   1.40053887E+000
    199.94984   1.39080727E+000
    200.10023   1.38113866E+000
    200.25062   1.37153367E+000
    200.40101   1.36199292E+000
    200.55140   1.35251702E+000
    200.70179   1.34310655E+000
    200.85218   1.33376209E+000
    201.00257   1.32448420E+000
    201.15297   1.31527342E+000
    201.30336   1.30613026E+000
    201.45375   1.29705525E+000
    201.60414   1.28804886E+000
    201.75453   1.27911158E+000
    201.90492   1.27024387E+000
    202.05531   1.26144615E+000
    202.20570   1.25271887E+000
    202.35609   1.24406243E+000
    202.50648   1.23547723E+000
    202.65687   1.22696364E+000
    202.80726   1.21852202E+000
    202.95765   1.21015273E+000
    203.10804   1.20185608E+000
    203.25843   1.19363239E+000
    203.40882   1.18548196E+000
    203.55921   1.17740507E+000
    203.70960   1.16940199E+000
    203.85999   1.16147296E+000
    204.01038   1.15361823E+000
    204.16077   1.14583800E+000
    204.31116   1.13813249E+000
    204.46156   1.13050188E+000
    204.61195   1.12294635E+000
    204.76234   1.11546604E+000
    204.91273   1.10806112E+000
    205.06312   1.10073171E+000
    205.21351   1.09347791E+000
    205.36390   1.08629983E+000
    205.51429   1.07919756E+000
    205.66468   1.07217117E+000
    205.81507   1.06522070E+000
    205.96546   1.05834622E+000
    206.11585   1.05154773E+000
    206.26624   1.04482527E+000
    206.41663   1.03817883E+000
    206.56702   1.03160840E+000
    206.71741   1.02511395E+000
    206.86780   1.01869546E+000
    207.01819   1.01235286E+000
    207.16858   1.00608609E+000
    207.31897   9.99895082E-001
    207.46936   9.93779744E-001
    207.61976   9.87739975E-001
    207.77015   9.81775662E-001
    207.92054   9.75886682E-001
    208.07093   9.70072899E-001
    208.22132   9.64334164E-001
    208.37171   9.58670319E-001
    208.52210   9.53081195E-001
    208.67249   9.47566609E-001
    208.82288   9.42126371E-001
    208.97327   9.36760278E-001
    209.12366   9.31468117E-001
    209.27405   9.26249665E-001
    209.42444   9.21104689E-001
    209.57483   9.16032946E-001
    209.72522   9.11034184E-001
    209.87561   9.06108140E-001
    210.02600   9.01254543E-001
    210.17639   8.96473112E-001
    210.32678   8.91763559E-001
    210.47717   8.87125583E-001
    210.62756   8.82558880E-001
    210.77795   8.78063133E-001
    210.92835   8.73638019E-001
    211.07874   8.69283206E-001
    211.22913   8.64998356E-001
    211.37952   8.60783121E-001
    211.52991   8.56637148E-001
    211.68030   8.52560073E-001
    211.83069   8.48551529E-001
    211.98108   8.44611139E-001
    212.13147   8.40738522E-001
    212.28186   8.36933288E-001
    212.43225   8.33195042E-001
    212.58264   8.29523382E-001
    212.73303   8.25917900E-001
    212.88342   8.22378183E-001
    213.03381   8.18903812E-001
    213.18420   8.15494362E-001
    213.33459   8.12149403E-001
    213.48498   8.08868500E-001
    213.63537   8.05651212E-001
    213.78576   8.02497094E-001
    213.93615   7.99405697E-001
    214.08654   7.96376567E-001
    214.23694   7.93409244E-001
    214.38733   7.90503267E-001
    214.53772   7.87658167E-001
    214.68811   7.84873476E-001
    214.83850   7.82148718E-001
    214.98889   7.79483415E-001
    215.13928   7.76877086E-001
    215.28967   7.74329247E-001
    215.44006   7.71839410E-001
    215.59045   7.69407085E-001
    215.74084   7.67031778E-001
    215.89123   7.64712992E-001
    216.04162   7.62450231E-001
    216.19201   7.60242992E-001
    216.34240   7.58090773E-001
    216.49279   7.55993068E-001
    216.64318   7.53949370E-001
    216.79357   7.51959171E-001
    216.94396   7.50021960E-001
    217.09435   7.48137224E-001
    217.24474   7.46304450E-001
    217.39514   7.44523122E-001
    217.54553   7.42792726E-001
    217.69592   7.41112743E-001
    217.84631   7.39482656E-001
    217.99670   7.37901946E-001
    218.14709   7.36370093E-001
    218.29748   7.34886576E-001
    218.44787   7.33450876E-001
    218.59826   7.32062471E-001
    218.74865   7.30720841E-001
    218.89904   7.29425463E-001
    219.04943   7.28175816E-001
    219.19982   7.26971379E-001
    219.35021   7.25811630E-001
    219.50060   7.24696050E-001
    219.65099   7.23624116E-001
    219.80138   7.22595310E-001
    219.95177   7.21609112E-001
    220.10216   7.20665002E-001
    220.25255   7.19762463E-001
    220.40294   7.18900977E-001
    220.55333   7.18080029E-001
    220.70373   7.17299102E-001
    220.85412   7.16557682E-001
    221.00451   7.15855257E-001
    221.15490   7.15191314E-001
    221.30529   7.14565344E-001
    221.45568   7.13976835E-001
    221.60607   7.13425282E-001
    221.75646   7.12910178E-001
    221.90685   7.12431018E-001
    222.05724   7.11987300E-001
    222.20763   7.11578523E-001
    222.35802   7.11204187E-001
    222.50841   7.10863794E-001
    222.65880   7.10556851E-001
    222.80919   7.10282862E-001
    222.95958   7.10041337E-001
    223.10997   7.09831787E-001
    223.26036   7.09653724E-001
    223.41075   7.09506664E-001
    223.56114   7.09390123E-001
    223.71153   7.09303623E-001
    223.86192   7.09246685E-001
    224.01232   7.09218833E-001
    224.16271   7.09219595E-001
    224.31310   7.09248501E-001
    224.46349   7.09305082E-001
    224.61388   7.09388873E-001
    224.76427   7.09499412E-001
    224.91466   7.09636239E-001
    225.06505   7.09798896E-001
    225.21544   7.09986930E-001
    225.36583   7.10199888E-001
    225.51622   7.10437322E-001
    225.66661   7.10698786E-001
    225.81700   7.10983837E-001
    225.96739   7.11292034E-001
    226.11778   7.11622941E-001
    226.26817   7.11976124E-001
    226.41856   7.12351151E-001
    226.56895   7.12747594E-001
    226.71934   7.13165028E-001
    226.86973   7.13603030E-001
    227.02012   7.14061183E-001
    227.17052   7.14539071E-001
    227.32091   7.15036280E-001
    227.47130   7.15552400E-001
    227.62169   7.16087027E-001
    227.77208   7.16639756E-001
    227.92247   7.17210188E-001
    228.07286   7.17797926E-001
    228.22325   7.18402576E-001
    228.37364   7.19023749E-001
    228.52403   7.19661056E-001
    228.67442   7.20314115E-001
    228.82481   7.20982545E-001
    228.97520   7.21665968E-001
    229.12559   7.22364011E-001
    229.27598   7.23076304E-001
    229.42637   7.23802478E-001
    229.57676   7.24542170E-001
    229.72715   7.25295019E-001
    229.87754   7.26060668E-001
    230.02793   7.26838763E-001
    230.17832   7.27628952E-001
    230.32871   7.28430889E-001
    230.47911   7.29244229E-001
    230.62950   7.30068632E-001
    230.77989   7.30903760E-001
    230.93028   7.31749278E-001
    231.08067   7.32604857E-001
    231.23106   7.33470167E-001
    231.38145   7.34344886E-001
    231.53184   7.35228692E-001
    231.68223   7.36121268E-001
    231.83262   7.37022299E-001
    231.98301   7.37931473E-001
    232.13340   7.38848484E-001
    232.28379   7.39773027E-001
    232.43418   7.40704800E-001
    232.58457   7.41643505E-001
    232.73496   7.42588848E-001
    232.88535   7.43540536E-001
    233.03574   7.44498283E-001
    233.18613   7.45461802E-001
    233.33652   7.46430811E-001
    233.48691   7.47405033E-001
    233.63730   7.48384191E-001
    233.78770   7.49368013E-001
    233.93809   7.50356230E-001
    234.08848   7.51348576E-001
    234.23887   7.52344787E-001
    234.38926   7.53344605E-001
    234.53965   7.54347772E-001
    234.69004   7.55354035E-001
    234.84043   7.56363143E-001
    234.99082   7.57374849E-001
    235.14121   7.58388908E-001
    235.29160   7.59405079E-001
    235.44199   7.60423124E-001
    235.59238   7.61442807E-001
    235.74277   7.62463896E-001
    235.89316   7.63486162E-001
    236.04355   7.64509377E-001
    236.19394   7.65533319E-001
    236.34433   7.66557767E-001
    236.49472   7.67582504E-001
    236.64511   7.68607313E-001
    236.79550   7.69631984E-001
    236.94590   7.70656307E-001
    237.09629   7.71680077E-001
    237.24668   7.72703089E-001
    237.39707   7.73725143E-001
    237.54746   7.74746041E-001
    237.69785   7.75765588E-001
    237.84824   7.76783591E-001
    237.99863   7.77799862E-001
    238.14902   7.78814212E-001
    238.29941   7.79826458E-001
    238.44980   7.80836418E-001
    238.60019   7.81843913E-001
    238.75058   7.82848767E-001
    238.90097   7.83850806E-001
    239.05136   7.84849859E-001
    239.20175   7.85845757E-001
    239.35214   7.86838334E-001
    239.50253   7.87827427E-001
    239.65292   7.88812875E-001
    239.80331   7.89794519E-001
    239.95370   7.90772203E-001
    240.10409   7.91745774E-001
    240.25449   7.92715080E-001
    240.40488   7.93679973E-001
    240.55527   7.94640306E-001
    240.70566   7.95595936E-001
    240.85605   7.96546720E-001
    241.00644   7.97492520E-001
    241.15683   7.98433198E-001
    241.30722   7.99368620E-001
    241.45761   8.00298653E-001
    241.60800   8.01223167E-001
    241.75839   8.02142034E-001
    241.90878   8.03055129E-001
    242.05917   8.03962328E-001
    242.20956   8.04863509E-001
    242.35995   8.05758553E-001
    242.51034   8.06647343E-001
    242.66073   8.07529765E-001
    242.81112   8.08405705E-001
    242.96151   8.09275053E-001
    243.11190   8.10137699E-001
    243.26229   8.10993538E-001
    243.41269   8.11842464E-001
    243.56308   8.12684375E-001
    243.71347   8.13519169E-001
    243.86386   8.14346749E-001
    244.01425   8.15167018E-001
    244.16464   8.15979880E-001
    244.31503   8.16785242E-001
    244.46542   8.17583014E-001
    244.61581   8.18373107E-001
    244.76620   8.19155432E-001
    244.91659   8.19929904E-001
    245.06698   8.20696440E-001
    245.21737   8.21454958E-001
    245.36776   8.22205377E-001
    245.51815   8.22947619E-001
    245.66854   8.23681608E-001
    245.81893   8.24407268E-001
    245.96932   8.25124525E-001
    246.11971   8.25833310E-001
    246.27010   8.26533551E-001
    246.42049   8.27225180E-001
    246.57088   8.27908131E-001
    246.72128   8.28582338E-001
    246.87167   8.29247739E-001
    247.02206   8.29904271E-001
    247.17245   8.30551874E-001
    247.32284   8.31190490E-001
    247.47323   8.31820061E-001
    247.62362   8.32440531E-001
    247.77401   8.33051846E-001
    247.92440   8.33653954E-001
    248.07479   8.34246803E-001
    248.22518   8.34830343E-001
    248.37557   8.35404527E-001
    248.52596   8.35969306E-001
    248.67635   8.36524636E-001
    248.82674   8.37070473E-001
    248.97713   8.37606772E-001
    249.12752   8.38133494E-001
    249.27791   8.38650597E-001
    249.42830   8.39158044E-001
    249.57869   8.39655796E-001
    249.72908   8.40143817E-001
    249.87947   8.40622073E-001
    250.02987   8.41090529E-001
    250.18026   8.41549153E-001
    250.33065   8.41997914E-001
    250.48104   8.42436782E-001
    250.63143   8.42865728E-001
    250.78182   8.43284724E-001
    250.93221   8.43693745E-001
    251.08260   8.44092764E-001
    251.23299   8.44481758E-001
    251.38338   8.44860703E-001
    251.53377   8.45229578E-001
    251.68416   8.45588362E-001
    251.83455   8.45937035E-001
    251.98494   8.46275578E-001
    252.13533   8.46603975E-001
    252.28572   8.46922208E-001
    252.43611   8.47230261E-001
    252.58650   8.47528122E-001
    252.73689   8.47815775E-001
    252.88728   8.48093209E-001
    253.03767   8.48360412E-001
    253.18807   8.48617373E-001
    253.33846   8.48864083E-001
    253.48885   8.49100534E-001
    253.63924   8.49326718E-001
    253.78963   8.49542628E-001
    253.94002   8.49748258E-001
    254.09041   8.49943604E-001
    254.24080   8.50128660E-001
    254.39119   8.50303425E-001
    254.54158   8.50467896E-001
    254.69197   8.50622071E-001
    254.84236   8.50765950E-001
    254.99275   8.50899533E-001
    255.14314   8.51022822E-001
    255.29353   8.51135817E-001
    255.44392   8.51238522E-001
    255.59431   8.51330940E-001
    255.74470   8.51413075E-001
    255.89509   8.51484933E-001
    256.04548   8.51546518E-001
    256.19587   8.51597839E-001
    256.34626   8.51638901E-001
    256.49666   8.51669713E-001
    256.64705   8.51690283E-001
    256.79744   8.51700621E-001
    256.94783   8.51700737E-001
    257.09822   8.51690641E-001
    257.24861   8.51670346E-001
    257.39900   8.51639863E-001
    257.54939   8.51599204E-001
    257.69978   8.51548384E-001
    257.85017   8.51487416E-001
    258.00056   8.51416315E-001
    258.15095   8.51335096E-001
    258.30134   8.51243776E-001
    258.45173   8.51142370E-001
    258.60212   8.51030895E-001
    258.75251   8.50909370E-001
    258.90290   8.50777813E-001
    259.05329   8.50636242E-001
    259.20368   8.50484676E-001
    259.35407   8.50323137E-001
    259.50446   8.50151643E-001
    259.65485   8.49970217E-001
    259.80525   8.49778879E-001
    259.95564   8.49577652E-001
    260.10603   8.49366558E-001
    260.25642   8.49145620E-001
    260.40681   8.48914862E-001
    260.55720   8.48674307E-001
    260.70759   8.48423981E-001
    260.85798   8.48163908E-001
    261.00837   8.47894114E-001
    261.15876   8.47614623E-001
    261.30915   8.47325464E-001
    261.45954   8.47026662E-001
    261.60993   8.46718245E-001
    261.76032   8.46400241E-001
    261.91071   8.46072676E-001
    262.06110   8.45735581E-001
    262.21149   8.45388983E-001
    262.36188   8.45032912E-001
    262.51227   8.44667397E-001
    262.66266   8.44292469E-001
    262.81305   8.43908158E-001
    262.96345   8.43514495E-001
    263.11384   8.43111510E-001
    263.26423   8.42699236E-001
    263.41462   8.42277704E-001
    263.56501   8.41846946E-001
    263.71540   8.41406996E-001
    263.86579   8.40957885E-001
    264.01618   8.40499647E-001
    264.16657   8.40032315E-001
    264.31696   8.39555924E-001
    264.46735   8.39070507E-001
    264.61774   8.38576099E-001
    264.76813   8.38072735E-001
    264.91852   8.37560449E-001
    265.06891   8.37039277E-001
    265.21930   8.36509254E-001
    265.36969   8.35970417E-001
    265.52008   8.35422801E-001
    265.67047   8.34866444E-001
    265.82086   8.34301380E-001
    265.97125   8.33727648E-001
    266.12164   8.33145285E-001
    266.27204   8.32554328E-001
    266.42243   8.31954814E-001
    266.57282   8.31346782E-001
    266.72321   8.30730269E-001
    266.87360   8.30105315E-001
    267.02399   8.29471957E-001
    267.17438   8.28830234E-001
    267.32477   8.28180185E-001
    267.47516   8.27521849E-001
    267.62555   8.26855266E-001
    267.77594   8.26180476E-001
    267.92633   8.25497517E-001
    268.07672   8.24806430E-001
    268.22711   8.24107255E-001
    268.37750   8.23400033E-001
    268.52789   8.22684803E-001
    268.67828   8.21961607E-001
    268.82867   8.21230484E-001
    268.97906   8.20491477E-001
    269.12945   8.19744626E-001
    269.27984   8.18989973E-001
    269.43023   8.18227558E-001
    269.58063   8.17457424E-001
    269.73102   8.16679612E-001
    269.88141   8.15894163E-001
    270.03180   8.15101121E-001
    270.18219   8.14300526E-001
    270.33258   8.13492421E-001
    270.48297   8.12676849E-001
    270.63336   8.11853851E-001
    270.78375   8.11023471E-001
    270.93414   8.10185750E-001
    271.08453   8.09340733E-001
    271.23492   8.08488460E-001
    271.38531   8.07628977E-001
    271.53570   8.06762324E-001
    271.68609   8.05888547E-001
    271.83648   8.05007687E-001
    271.98687   8.04119788E-001
    272.13726   8.03224894E-001
    272.28765   8.02323048E-001
    272.43804   8.01414293E-001
    272.58843   8.00498673E-001
    272.73883   7.99576232E-001
    272.88922   7.98647013E-001
    273.03961   7.97711061E-001
    273.19000   7.96768418E-001
    273.34039   7.95819129E-001
    273.49078   7.94863239E-001
    273.64117   7.93900790E-001
    273.79156   7.92931826E-001
    273.94195   7.91956393E-001
    274.09234   7.90974534E-001
    274.24273   7.89986293E-001
    274.39312   7.88991714E-001
    274.54351   7.87990842E-001
    274.69390   7.86983721E-001
    274.84429   7.85970395E-001
    274.99468   7.84950908E-001
    275.14507   7.83925305E-001
    275.29546   7.82893629E-001
    275.44585   7.81855926E-001
    275.59624   7.80812240E-001
    275.74663   7.79762615E-001
    275.89702   7.78707095E-001
    276.04742   7.77645725E-001
    276.19781   7.76578549E-001
    276.34820   7.75505612E-001
    276.49859   7.74426957E-001
    276.64898   7.73342630E-001
    276.79937   7.72252674E-001
    276.94976   7.71157134E-001
    277.10015   7.70056054E-001
    277.25054   7.68949479E-001
    277.40093   7.67837453E-001
    277.55132   7.66720020E-001
    277.70171   7.65597224E-001
    277.85210   7.64469110E-001
    278.00249   7.63335722E-001
    278.15288   7.62197103E-001
    278.30327   7.61053299E-001
    278.45366   7.59904353E-001
    278.60405   7.58750310E-001
    278.75444   7.57591212E-001
    278.90483   7.56427105E-001
    279.05522   7.55258033E-001
    279.20561   7.54084039E-001
    279.35601   7.52905167E-001
    279.50640   7.51721461E-001
    279.65679   7.50532964E-001
    279.80718   7.49339722E-001
    279.95757   7.48141776E-001
    280.10796   7.46939172E-001
    280.25835   7.45731951E-001
    280.40874   7.44520159E-001
    280.55913   7.43303838E-001
    280.70952   7.42083032E-001
    280.85991   7.40857784E-001
    281.01030   7.39628138E-001
    281.16069   7.38394136E-001
    281.31108   7.37155822E-001
    281.46147   7.35913239E-001
    281.61186   7.34666430E-001
    281.76225   7.33415437E-001
    281.91264   7.32160304E-001
    282.06303   7.30901074E-001
    282.21342   7.29637789E-001
    282.36381   7.28370492E-001
    282.51421   7.27099225E-001
    282.66460   7.25824031E-001
    282.81499   7.24544952E-001
    282.96538   7.23262030E-001
    283.11577   7.21975309E-001
    283.26616   7.20684829E-001
    283.41655   7.19390634E-001
    283.56694   7.18092764E-001
    283.71733   7.16791262E-001
    283.86772   7.15486169E-001
    284.01811   7.14177528E-001
    284.16850   7.12865380E-001
    284.31889   7.11549766E-001
    284.46928   7.10230728E-001
    284.61967   7.08908306E-001
    284.77006   7.07582543E-001
    284.92045   7.06253480E-001
    285.07084   7.04921157E-001
    285.22123   7.03585615E-001
    285.37162   7.02246895E-001
    285.52201   7.00905038E-001
    285.67240   6.99560084E-001
    285.82280   6.98212074E-001
    285.97319   6.96861048E-001
    286.12358   6.95507046E-001
    286.27397   6.94150110E-001
    286.42436   6.92790277E-001
    286.57475   6.91427590E-001
    286.72514   6.90062087E-001
    286.87553   6.88693808E-001
    287.02592   6.87322792E-001
    287.17631   6.85949080E-001
    287.32670   6.84572710E-001
    287.47709   6.83193722E-001
    287.62748   6.81812155E-001
    287.77787   6.80428047E-001
    287.92826   6.79041438E-001
    288.07865   6.77652367E-001
    288.22904   6.76260872E-001
    288.37943   6.74866991E-001
    288.52982   6.73470764E-001
    288.68021   6.72072228E-001
    288.83060   6.70671421E-001
    288.98100   6.69268381E-001
    289.13139   6.67863147E-001
    289.28178   6.66455756E-001
    289.43217   6.65046245E-001
    289.58256   6.63634653E-001
    289.73295   6.62221016E-001
    289.88334   6.60805372E-001
    290.03373   6.59387758E-001
    290.18412   6.57968211E-001
    290.33451   6.56546767E-001
    290.48490   6.55123463E-001
    290.63529   6.53698337E-001
    290.78568   6.52271424E-001
    290.93607   6.50842761E-001
    291.08646   6.49412383E-001
    291.23685   6.47980327E-001
    291.38724   6.46546629E-001
    291.53763   6.45111325E-001
    291.68802   6.43674450E-001
    291.83841   6.42236039E-001
    291.98880   6.40796128E-001
    292.13919   6.39354753E-001
    292.28959   6.37911947E-001
    292.43998   6.36467747E-001
    292.59037   6.35022186E-001
    292.74076   6.33575300E-001
    292.89115   6.32127123E-001
    293.04154   6.30677690E-001
    293.19193   6.29227034E-001
    293.34232   6.27775189E-001
    293.49271   6.26322190E-001
    293.64310   6.24868070E-001
    293.79349   6.23412863E-001
    293.94388   6.21956603E-001
    294.09427   6.20499322E-001
    294.24466   6.19041054E-001
    294.39505   6.17581832E-001
    294.54544   6.16121689E-001
    294.69583   6.14660657E-001
    294.84622   6.13198769E-001
    294.99661   6.11736058E-001
    295.14700   6.10272556E-001
    295.29739   6.08808295E-001
    295.44778   6.07343307E-001
    295.59818   6.05877624E-001
    295.74857   6.04411278E-001
    295.89896   6.02944299E-001
    296.04935   6.01476720E-001
    296.19974   6.00008572E-001
    296.35013   5.98539886E-001
    296.50052   5.97070693E-001
    296.65091   5.95601023E-001
    296.80130   5.94130908E-001
    296.95169   5.92660377E-001
    297.10208   5.91189462E-001
    297.25247   5.89718191E-001
    297.40286   5.88246597E-001
    297.55325   5.86774707E-001
    297.70364   5.85302552E-001
    297.85403   5.83830162E-001
    298.00442   5.82357566E-001
    298.15481   5.80884793E-001
    298.30520   5.79411872E-001
    298.45559   5.77938833E-001
    298.60598   5.76465704E-001
    298.75638   5.74992513E-001
    298.90677   5.73519290E-001
    299.05716   5.72046063E-001
    299.20755   5.70572859E-001
    299.35794   5.69099707E-001
    299.50833   5.67626635E-001
    299.65872   5.66153670E-001
    299.80911   5.64680841E-001
    299.95950   5.63208174E-001
    300.10989   5.61735696E-001
    300.26028   5.60263436E-001
    300.41067   5.58791419E-001
    300.56106   5.57319673E-001
    300.71145   5.55848224E-001
    300.86184   5.54377099E-001
    301.01223   5.52906324E-001
    301.16262   5.51435926E-001
    301.31301   5.49965929E-001
    301.46340   5.48496361E-001
    301.61379   5.47027247E-001
    301.76418   5.45558612E-001
    301.91457   5.44090482E-001
    302.06497   5.42622882E-001
    302.21536   5.41155838E-001
    302.36575   5.39689373E-001
    302.51614   5.38223514E-001
    302.66653   5.36758284E-001
    302.81692   5.35293708E-001
    302.96731   5.33829811E-001
    303.11770   5.32366616E-001
    303.26809   5.30904148E-001
    303.41848   5.29442430E-001
    303.56887   5.27981486E-001
    303.71926   5.26521341E-001
    303.86965   5.25062016E-001
    304.02004   5.23603535E-001
    304.17043   5.22145923E-001
    304.32082   5.20689200E-001
    304.47121   5.19233391E-001
    304.62160   5.17778517E-001
    304.77199   5.16324602E-001
    304.92238   5.14871667E-001
    305.07277   5.13419736E-001
    305.22316   5.11968829E-001
    305.37356   5.10518968E-001
    305.52395   5.09070177E-001
    305.67434   5.07622475E-001
    305.82473   5.06175884E-001
    305.97512   5.04730426E-001
    306.12551   5.03286122E-001
    306.27590   5.01842993E-001
    306.42629   5.00401059E-001
    306.57668   4.98960341E-001
    306.72707   4.97520860E-001
    306.87746   4.96082636E-001
    307.02785   4.94645689E-001
    307.17824   4.93210040E-001
    307.32863   4.91775707E-001
    307.47902   4.90342712E-001
    307.62941   4.88911073E-001
    307.77980   4.87480810E-001
    307.93019   4.86051943E-001
    308.08058   4.84624489E-001
    308.23097   4.83198470E-001
    308.38136   4.81773902E-001
    308.53176   4.80350806E-001
    308.68215   4.78929199E-001
    308.83254   4.77509100E-001
    308.98293   4.76090528E-001
    309.13332   4.74673499E-001
    309.28371   4.73258034E-001
    309.43410   4.71844148E-001
    309.58449   4.70431860E-001
    309.73488   4.69021188E-001
    309.88527   4.67612148E-001
    310.03566   4.66204759E-001
    310.18605   4.64799036E-001
    310.33644   4.63394998E-001
    310.48683   4.61992661E-001
    310.63722   4.60592041E-001
    310.78761   4.59193155E-001
    310.93800   4.57796020E-001
    311.08839   4.56400652E-001
    311.23878   4.55007066E-001
    311.38917   4.53615279E-001
    311.53956   4.52225307E-001
    311.68995   4.50837165E-001
    311.84035   4.49450869E-001
    311.99074   4.48066434E-001
    312.14113   4.46683875E-001
    312.29152   4.45303208E-001
    312.44191   4.43924448E-001
    312.59230   4.42547609E-001
    312.74269   4.41172705E-001
    312.89308   4.39799753E-001
    313.04347   4.38428765E-001
    313.19386   4.37059757E-001
    313.34425   4.35692742E-001
    313.49464   4.34327734E-001
    313.64503   4.32964748E-001
    313.79542   4.31603797E-001
    313.94581   4.30244895E-001
    314.09620   4.28888054E-001
    314.24659   4.27533289E-001
    314.39698   4.26180612E-001
    314.54737   4.24830037E-001
    314.69776   4.23481577E-001
    314.84815   4.22135244E-001
    314.99854   4.20791051E-001
    315.14894   4.19449010E-001
    315.29933   4.18109135E-001
    315.44972   4.16771436E-001
    315.60011   4.15435927E-001
    315.75050   4.14102619E-001
    315.90089   4.12771524E-001
    316.05128   4.11442654E-001
    316.20167   4.10116021E-001
    316.35206   4.08791636E-001
    316.50245   4.07469509E-001
    316.65284   4.06149654E-001
    316.80323   4.04832080E-001
    316.95362   4.03516799E-001
    317.10401   4.02203821E-001
    317.25440   4.00893157E-001
    317.40479   3.99584818E-001
    317.55518   3.98278814E-001
    317.70557   3.96975156E-001
    317.85596   3.95673854E-001
    318.00635   3.94374917E-001
    318.15674   3.93078356E-001
    318.30714   3.91784181E-001
    318.45753   3.90492402E-001
    318.60792   3.89203027E-001
    318.75831   3.87916066E-001
    318.90870   3.86631530E-001
    319.05909   3.85349426E-001
    319.20948   3.84069765E-001
    319.35987   3.82792555E-001
    319.51026   3.81517805E-001
    319.66065   3.80245523E-001
    319.81104   3.78975719E-001
    319.96143   3.77708401E-001
    320.11182   3.76443578E-001
    320.26221   3.75181257E-001
    320.41260   3.73921446E-001
    320.56299   3.72664155E-001
    320.71338   3.71409391E-001
    320.86377   3.70157161E-001
    321.01416   3.68907473E-001
    321.16455   3.67660335E-001
    321.31494   3.66415755E-001
    321.46533   3.65173740E-001
    321.61573   3.63934296E-001
    321.76612   3.62697432E-001
    321.91651   3.61463154E-001
    322.06690   3.60231469E-001
    322.21729   3.59002384E-001
    322.36768   3.57775906E-001
    322.51807   3.56552041E-001
    322.66846   3.55330796E-001
    322.81885   3.54112177E-001
    322.96924   3.52896191E-001
    323.11963   3.51682843E-001
    323.27002   3.50472140E-001
    323.42041   3.49264087E-001
    323.57080   3.48058691E-001
    323.72119   3.46855956E-001
    323.87158   3.45655890E-001
    324.02197   3.44458497E-001
    324.17236   3.43263783E-001
    324.32275   3.42071753E-001
    324.47314   3.40882413E-001
    324.62353   3.39695767E-001
    324.77392   3.38511820E-001
    324.92432   3.37330578E-001
    325.07471   3.36152045E-001
    325.22510   3.34976225E-001
    325.37549   3.33803125E-001
    325.52588   3.32632748E-001
    325.67627   3.31465098E-001
    325.82666   3.30300180E-001
    325.97705   3.29137998E-001
    326.12744   3.27978556E-001
    326.27783   3.26821859E-001
    326.42822   3.25667909E-001
    326.57861   3.24516712E-001
    326.72900   3.23368271E-001
    326.87939   3.22222589E-001
    327.02978   3.21079670E-001
    327.18017   3.19939517E-001
    327.33056   3.18802134E-001
    327.48095   3.17667525E-001
    327.63134   3.16535692E-001
    327.78173   3.15406638E-001
    327.93212   3.14280367E-001
    328.08252   3.13156881E-001
    328.23291   3.12036184E-001
    328.38330   3.10918277E-001
    328.53369   3.09803164E-001
    328.68408   3.08690848E-001
    328.83447   3.07581330E-001
    328.98486   3.06474613E-001
    329.13525   3.05370699E-001
    329.28564   3.04269592E-001
    329.43603   3.03171292E-001
    329.58642   3.02075801E-001
    329.73681   3.00983123E-001
    329.88720   2.99893258E-001
    330.03759   2.98806209E-001
    330.18798   2.97721977E-001
    330.33837   2.96640564E-001
    330.48876   2.95561972E-001
    330.63915   2.94486201E-001
    330.78954   2.93413254E-001
    330.93993   2.92343131E-001
    331.09032   2.91275834E-001
    331.24071   2.90211364E-001
    331.39111   2.89149723E-001
    331.54150   2.88090910E-001
    331.69189   2.87034928E-001
    331.84228   2.85981776E-001
    331.99267   2.84931456E-001
    332.14306   2.83883969E-001
    332.29345   2.82839315E-001
    332.44384   2.81797494E-001
    332.59423   2.80758507E-001
    332.74462   2.79722355E-001
    332.89501   2.78689037E-001
    333.04540   2.77658555E-001
    333.19579   2.76630908E-001
    333.34618   2.75606096E-001
    333.49657   2.74584120E-001
    333.64696   2.73564979E-001
    333.79735   2.72548673E-001
    333.94774   2.71535202E-001
    334.09813   2.70524566E-001
    334.24852   2.69516765E-001
    334.39891   2.68511798E-001
    334.54930   2.67509665E-001
    334.69970   2.66510365E-001
    334.85009   2.65513898E-001
    335.00048   2.64520263E-001
    335.15087   2.63529459E-001
    335.30126   2.62541486E-001
    335.45165   2.61556342E-001
    335.60204   2.60574027E-001
    335.75243   2.59594541E-001
    335.90282   2.58617881E-001
    336.05321   2.57644047E-001
    336.20360   2.56673037E-001
    336.35399   2.55704851E-001
    336.50438   2.54739488E-001
    336.65477   2.53776945E-001
    336.80516   2.52817221E-001
    336.95555   2.51860315E-001
    337.10594   2.50906226E-001
    337.25633   2.49954952E-001
    337.40672   2.49006491E-001
    337.55711   2.48060842E-001
    337.70750   2.47118003E-001
    337.85790   2.46177972E-001
    338.00829   2.45240747E-001
    338.15868   2.44306326E-001
    338.30907   2.43374708E-001
    338.45946   2.42445890E-001
    338.60985   2.41519870E-001
    338.76024   2.40596646E-001
    338.91063   2.39676217E-001
    339.06102   2.38758579E-001
    339.21141   2.37843730E-001
    339.36180   2.36931669E-001
    339.51219   2.36022392E-001
    339.66258   2.35115898E-001
    339.81297   2.34212183E-001
    339.96336   2.33311246E-001
    340.11375   2.32413083E-001
    340.26414   2.31517693E-001
    340.41453   2.30625072E-001
    340.56492   2.29735217E-001
    340.71531   2.28848126E-001
    340.86570   2.27963796E-001
    341.01609   2.27082224E-001
    341.16649   2.26203408E-001
    341.31688   2.25327344E-001
    341.46727   2.24454028E-001
    341.61766   2.23583459E-001
    341.76805   2.22715633E-001
    341.91844   2.21850547E-001
    342.06883   2.20988198E-001
    342.21922   2.20128582E-001
    342.36961   2.19271696E-001
    342.52000   2.18417537E-001
    342.67039   2.17566102E-001
    342.82078   2.16717386E-001
    342.97117   2.15871388E-001
    343.12156   2.15028102E-001
    343.27195   2.14187526E-001
    343.42234   2.13349656E-001
    343.57273   2.12514489E-001
    343.72312   2.11682020E-001
    343.87351   2.10852246E-001
    344.02390   2.10025164E-001
    344.17429   2.09200769E-001
    344.32469   2.08379058E-001
    344.47508   2.07560027E-001
    344.62547   2.06743673E-001
    344.77586   2.05929990E-001
    344.92625   2.05118976E-001
    345.07664   2.04310626E-001
    345.22703   2.03504936E-001
    345.37742   2.02701902E-001
    345.52781   2.01901520E-001
    345.67820   2.01103787E-001
    345.82859   2.00308697E-001
    345.97898   1.99516247E-001
    346.12937   1.98726432E-001
    346.27976   1.97939248E-001
    346.43015   1.97154692E-001
    346.58054   1.96372757E-001
    346.73093   1.95593441E-001
    346.88132   1.94816739E-001
    347.03171   1.94042647E-001
    347.18210   1.93271159E-001
    347.33249   1.92502272E-001
    347.48288   1.91735981E-001
    347.63328   1.90972281E-001
    347.78367   1.90211168E-001
    347.93406   1.89452638E-001
    348.08445   1.88696685E-001
    348.23484   1.87943306E-001
    348.38523   1.87192494E-001
    348.53562   1.86444247E-001
    348.68601   1.85698559E-001
    348.83640   1.84955425E-001
    348.98679   1.84214840E-001
    349.13718   1.83476800E-001
    349.28757   1.82741300E-001
    349.43796   1.82008335E-001
    349.58835   1.81277901E-001
    349.73874   1.80549991E-001
    349.88913   1.79824602E-001
    350.03952   1.79101728E-001
    350.18991   1.78381365E-001
    350.34030   1.77663507E-001
    350.49069   1.76948150E-001
    350.64108   1.76235288E-001
    350.79147   1.75524916E-001
    350.94187   1.74817030E-001
    351.09226   1.74111624E-001
    351.24265   1.73408693E-001
    351.39304   1.72708232E-001
    351.54343   1.72010235E-001
    351.69382   1.71314698E-001
    351.84421   1.70621616E-001
    351.99460   1.69930983E-001
    352.14499   1.69242794E-001
    352.29538   1.68557043E-001
    352.44577   1.67873726E-001
    352.59616   1.67192837E-001
    352.74655   1.66514371E-001
    352.89694   1.65838323E-001
    353.04733   1.65164686E-001
    353.19772   1.64493457E-001
    353.34811   1.63824629E-001
    353.49850   1.63158196E-001
    353.64889   1.62494155E-001
    353.79928   1.61832499E-001
    353.94967   1.61173222E-001
    354.10007   1.60516320E-001
    354.25046   1.59861787E-001
    354.40085   1.59209617E-001
    354.55124   1.58559805E-001
    354.70163   1.57912345E-001
    354.85202   1.57267233E-001
    355.00241   1.56624461E-001
    355.15280   1.55984026E-001
    355.30319   1.55345920E-001
    355.45358   1.54710140E-001
    355.60397   1.54076678E-001
    355.75436   1.53445530E-001
    355.90475   1.52816689E-001
    356.05514   1.52190151E-001
    356.20553   1.51565910E-001
    356.35592   1.50943959E-001
    356.50631   1.50324294E-001
    356.65670   1.49706909E-001
    356.80709   1.49091797E-001
    356.95748   1.48478954E-001
    357.10787   1.47868373E-001
    357.25826   1.47260050E-001
    357.40866   1.46653977E-001
    357.55905   1.46050150E-001
    357.70944   1.45448563E-001
    357.85983   1.44849210E-001
    358.01022   1.44252085E-001
    358.16061   1.43657183E-001
    358.31100   1.43064497E-001
    358.46139   1.42474022E-001
    358.61178   1.41885753E-001
    358.76217   1.41299683E-001
    358.91256   1.40715807E-001
    359.06295   1.40134119E-001
    359.21334   1.39554612E-001
    359.36373   1.38977282E-001
    359.51412   1.38402123E-001
    359.66451   1.37829128E-001
    359.81490   1.37258292E-001
    359.96529   1.36689609E-001
    360.11568   1.36123073E-001
    360.26607   1.35558679E-001
    360.41646   1.34996420E-001
    360.56685   1.34436290E-001
    360.71725   1.33878285E-001
    360.86764   1.33322397E-001
    361.01803   1.32768622E-001
    361.16842   1.32216953E-001
    361.31881   1.31667384E-001
    361.46920   1.31119909E-001
    361.61959   1.30574524E-001
    361.76998   1.30031221E-001
    361.92037   1.29489995E-001
    362.07076   1.28950840E-001
    362.22115   1.28413750E-001
    362.37154   1.27878720E-001
    362.52193   1.27345743E-001
    362.67232   1.26814813E-001
    362.82271   1.26285925E-001
    362.97310   1.25759073E-001
    363.12349   1.25234251E-001
    363.27388   1.24711453E-001
    363.42427   1.24190673E-001
    363.57466   1.23671905E-001
    363.72505   1.23155143E-001
    363.87545   1.22640382E-001
    364.02584   1.22127615E-001
    364.17623   1.21616837E-001
    364.32662   1.21108042E-001
    364.47701   1.20601224E-001
    364.62740   1.20096377E-001
    364.77779   1.19593495E-001
    364.92818   1.19092572E-001
    365.07857   1.18593603E-001
    365.22896   1.18096581E-001
    365.37935   1.17601501E-001
    365.52974   1.17108357E-001
    365.68013   1.16617142E-001
    365.83052   1.16127852E-001
    365.98091   1.15640480E-001
    366.13130   1.15155020E-001
    366.28169   1.14671466E-001
    366.43208   1.14189813E-001
    366.58247   1.13710055E-001
    366.73286   1.13232185E-001
    366.88325   1.12756199E-001
    367.03364   1.12282090E-001
    367.18404   1.11809852E-001
    367.33443   1.11339480E-001
    367.48482   1.10870967E-001
    367.63521   1.10404309E-001
    367.78560   1.09939498E-001
    367.93599   1.09476529E-001
    368.08638   1.09015397E-001
    368.23677   1.08556096E-001
    368.38716   1.08098619E-001
    368.53755   1.07642961E-001
    368.68794   1.07189116E-001
    368.83833   1.06737079E-001
    368.98872   1.06286843E-001
    369.13911   1.05838403E-001
    369.28950   1.05391753E-001
    369.43989   1.04946887E-001
    369.59028   1.04503800E-001
    369.74067   1.04062485E-001
    369.89106   1.03622938E-001
    370.04145   1.03185151E-001
    370.19184   1.02749120E-001
    370.34223   1.02314839E-001
    370.49263   1.01882302E-001
    370.64302   1.01451503E-001
    370.79341   1.01022437E-001
    370.94380   1.00595098E-001
    371.09419   1.00169479E-001
    371.24458   9.97455767E-002
    371.39497   9.93233837E-002
    371.54536   9.89028948E-002
    371.69575   9.84841044E-002
    371.84614   9.80670067E-002
    371.99653   9.76515961E-002
    372.14692   9.72378669E-002
    372.29731   9.68258135E-002
    372.44770   9.64154304E-002
    372.59809   9.60067117E-002
    372.74848   9.55996520E-002
    372.89887   9.51942456E-002
    373.04926   9.47904869E-002
    373.19965   9.43883704E-002
    373.35004   9.39878903E-002
    373.50043   9.35890412E-002
    373.65083   9.31918175E-002
    373.80122   9.27962135E-002
    373.95161   9.24022239E-002
    374.10200   9.20098429E-002
    374.25239   9.16190652E-002
    374.40278   9.12298851E-002
    374.55317   9.08422971E-002
    374.70356   9.04562958E-002
    374.85395   9.00718756E-002
    375.00434   8.96890311E-002
    375.15473   8.93077567E-002
    375.30512   8.89280470E-002
    375.45551   8.85498965E-002
    375.60590   8.81732998E-002
    375.75629   8.77982515E-002
    375.90668   8.74247461E-002
    376.05707   8.70527781E-002
    376.20746   8.66823422E-002
    376.35785   8.63134330E-002
    376.50824   8.59460451E-002
    376.65863   8.55801730E-002
    376.80902   8.52158115E-002
    376.95942   8.48529552E-002
    377.10981   8.44915986E-002
    377.26020   8.41317365E-002
    377.41059   8.37733636E-002
    377.56098   8.34164744E-002
    377.71137   8.30610638E-002
    377.86176   8.27071263E-002
    378.01215   8.23546568E-002
    378.16254   8.20036499E-002
    378.31293   8.16541004E-002
    378.46332   8.13060030E-002
    378.61371   8.09593525E-002
    378.76410   8.06141436E-002
    378.91449   8.02703711E-002
    379.06488   7.99280298E-002
    379.21527   7.95871146E-002
    379.36566   7.92476201E-002
    379.51605   7.89095412E-002
    379.66644   7.85728728E-002
    379.81683   7.82376097E-002
    379.96722   7.79037467E-002
    380.11761   7.75712788E-002
    380.26801   7.72402008E-002
    380.41840   7.69105075E-002
    380.56879   7.65821940E-002
    380.71918   7.62552550E-002
    380.86957   7.59296856E-002
    381.01996   7.56054806E-002
    381.17035   7.52826350E-002
    381.32074   7.49611438E-002
    381.47113   7.46410020E-002
    381.62152   7.43222044E-002
    381.77191   7.40047462E-002
    381.92230   7.36886223E-002
    382.07269   7.33738277E-002
    382.22308   7.30603574E-002
    382.37347   7.27482066E-002
    382.52386   7.24373703E-002
    382.67425   7.21278434E-002
    382.82464   7.18196212E-002
    382.97503   7.15126986E-002
    383.12542   7.12070709E-002
    383.27581   7.09027331E-002
    383.42621   7.05996803E-002
    383.57660   7.02979077E-002
    383.72699   6.99974104E-002
    383.87738   6.96981836E-002
    384.02777   6.94002224E-002
    384.17816   6.91035222E-002
    384.32855   6.88080779E-002
    384.47894   6.85138850E-002
    384.62933   6.82209385E-002
    384.77972   6.79292338E-002
    384.93011   6.76387660E-002
    385.08050   6.73495305E-002
    385.23089   6.70615225E-002
    385.38128   6.67747373E-002
    385.53167   6.64891703E-002
    385.68206   6.62048166E-002
    385.83245   6.59216717E-002
    385.98284   6.56397309E-002
    386.13323   6.53589895E-002
    386.28362   6.50794429E-002
    386.43401   6.48010865E-002
    386.58440   6.45239156E-002
    386.73480   6.42479257E-002
    386.88519   6.39731122E-002
    387.03558   6.36994705E-002
    387.18597   6.34269960E-002
    387.33636   6.31556843E-002
    387.48675   6.28855307E-002
    387.63714   6.26165307E-002
    387.78753   6.23486799E-002
    387.93792   6.20819737E-002
    388.08831   6.18164076E-002
    388.23870   6.15519773E-002
    388.38909   6.12886781E-002
    388.53948   6.10265057E-002
    388.68987   6.07654557E-002
    388.84026   6.05055236E-002
    388.99065   6.02467050E-002
    389.14104   5.99889956E-002
    389.29143   5.97323908E-002
    389.44182   5.94768865E-002
    389.59221   5.92224782E-002
    389.74260   5.89691615E-002
    389.89300   5.87169323E-002
    390.04339   5.84657860E-002
    390.19378   5.82157185E-002
    390.34417   5.79667254E-002
    390.49456   5.77188024E-002
    390.64495   5.74719454E-002
    390.79534   5.72261500E-002
    390.94573   5.69814120E-002
    391.09612   5.67377272E-002
    391.24651   5.64950913E-002
    391.39690   5.62535002E-002
    391.54729   5.60129497E-002
    391.69768   5.57734356E-002
    391.84807   5.55349537E-002
    391.99846   5.52975000E-002
    392.14885   5.50610702E-002
    392.29924   5.48256602E-002
    392.44963   5.45912659E-002
    392.60002   5.43578833E-002
    392.75041   5.41255082E-002
    392.90080   5.38941366E-002
    393.05119   5.36637643E-002
    393.20159   5.34343875E-002
    393.35198   5.32060020E-002
    393.50237   5.29786038E-002
    393.65276   5.27521889E-002
    393.80315   5.25267533E-002
    393.95354   5.23022931E-002
    394.10393   5.20788042E-002
    394.25432   5.18562827E-002
    394.40471   5.16347247E-002
    394.55510   5.14141262E-002
    394.70549   5.11944833E-002
    394.85588   5.09757922E-002
    395.00627   5.07580488E-002
    395.15666   5.05412495E-002
    395.30705   5.03253901E-002
    395.45744   5.01104670E-002
    395.60783   4.98964763E-002
    395.75822   4.96834141E-002
    395.90861   4.94712767E-002
    396.05900   4.92600602E-002
    396.20939   4.90497609E-002
    396.35978   4.88403749E-002
    396.51018   4.86318985E-002
    396.66057   4.84243280E-002
    396.81096   4.82176596E-002
    396.96135   4.80118895E-002
    397.11174   4.78070141E-002
    397.26213   4.76030297E-002
    397.41252   4.73999326E-002
    397.56291   4.71977191E-002
    397.71330   4.69963855E-002
    397.86369   4.67959282E-002
    398.01408   4.65963436E-002
    398.16447   4.63976280E-002
    398.31486   4.61997778E-002
    398.46525   4.60027894E-002
    398.61564   4.58066592E-002
    398.76603   4.56113836E-002
    398.91642   4.54169592E-002
    399.06681   4.52233822E-002
    399.21720   4.50306493E-002
    399.36759   4.48387568E-002
    399.51798   4.46477012E-002
    399.66838   4.44574791E-002
    399.81877   4.42680870E-002
    399.96916   4.40795213E-002
    400.11955   4.38917786E-002
    400.26994   4.37048555E-002
    400.42033   4.35187485E-002
    400.57072   4.33334542E-002
    400.72111   4.31489691E-002
    400.87150   4.29652899E-002
    401.02189   4.27824132E-002
    401.17228   4.26003356E-002
    401.32267   4.24190537E-002
    401.47306   4.22385642E-002
    401.62345   4.20588637E-002
    401.77384   4.18799489E-002
    401.92423   4.17018164E-002
    402.07462   4.15244630E-002
    402.22501   4.13478854E-002
    402.37540   4.11720803E-002
    402.52579   4.09970444E-002
    402.67618   4.08227744E-002
    402.82657   4.06492672E-002
    402.97697   4.04765194E-002
    403.12736   4.03045278E-002
    403.27775   4.01332893E-002
    403.42814   3.99628006E-002
    403.57853   3.97930586E-002
    403.72892   3.96240600E-002
    403.87931   3.94558017E-002
    404.02970   3.92882806E-002
    404.18009   3.91214934E-002
    404.33048   3.89554372E-002
    404.48087   3.87901086E-002
    404.63126   3.86255047E-002
    404.78165   3.84616224E-002
    404.93204   3.82984585E-002
    405.08243   3.81360100E-002
    405.23282   3.79742739E-002
    405.38321   3.78132470E-002
    405.53360   3.76529264E-002
    405.68399   3.74933089E-002
    405.83438   3.73343917E-002
    405.98477   3.71761717E-002
    406.13516   3.70186458E-002
    406.28556   3.68618112E-002
    406.43595   3.67056648E-002
    406.58634   3.65502037E-002
    406.73673   3.63954250E-002
    406.88712   3.62413256E-002
    407.03751   3.60879028E-002
    407.18790   3.59351535E-002
    407.33829   3.57830748E-002
    407.48868   3.56316639E-002
    407.63907   3.54809180E-002
    407.78946   3.53308340E-002
    407.93985   3.51814092E-002
    408.09024   3.50326407E-002
    408.24063   3.48845257E-002
    408.39102   3.47370613E-002
    408.54141   3.45902447E-002
    408.69180   3.44440732E-002
    408.84219   3.42985439E-002
    408.99258   3.41536541E-002
    409.14297   3.40094010E-002
    409.29336   3.38657818E-002
    409.44376   3.37227937E-002
    409.59415   3.35804341E-002
    409.74454   3.34387002E-002
    409.89493   3.32975892E-002
    410.04532   3.31570986E-002
    410.19571   3.30172255E-002
    410.34610   3.28779673E-002
    410.49649   3.27393213E-002
    410.64688   3.26012849E-002
    410.79727   3.24638554E-002
    410.94766   3.23270301E-002
    411.09805   3.21908064E-002
    411.24844   3.20551818E-002
    411.39883   3.19201535E-002
    411.54922   3.17857190E-002
    411.69961   3.16518757E-002
    411.85000   3.15186210E-002
    412.00039   3.13859524E-002
    412.15078   3.12538672E-002
    412.30117   3.11223629E-002
    412.45156   3.09914370E-002
    412.60195   3.08610870E-002
    412.75235   3.07313103E-002
    412.90274   3.06021044E-002
    413.05313   3.04734668E-002
    413.20352   3.03453950E-002
    413.35391   3.02178866E-002
    413.50430   3.00909391E-002
    413.65469   2.99645500E-002
    413.80508   2.98387168E-002
    413.95547   2.97134372E-002
    414.10586   2.95887086E-002
    414.25625   2.94645287E-002
    414.40664   2.93408951E-002
    414.55703   2.92178053E-002
    414.70742   2.90952570E-002
    414.85781   2.89732478E-002
    415.00820   2.88517753E-002
    415.15859   2.87308371E-002
    415.30898   2.86104309E-002
    415.45937   2.84905544E-002
    415.60976   2.83712052E-002
    415.76015   2.82523810E-002
    415.91054   2.81340794E-002
    416.06094   2.80162982E-002
    416.21133   2.78990351E-002
    416.36172   2.77822878E-002
    416.51211   2.76660540E-002
    416.66250   2.75503314E-002
    416.81289   2.74351178E-002
    416.96328   2.73204110E-002
    417.11367   2.72062086E-002
    417.26406   2.70925085E-002
    417.41445   2.69793084E-002
    417.56484   2.68666061E-002
    417.71523   2.67543995E-002
    417.86562   2.66426863E-002
    418.01601   2.65314644E-002
    418.16640   2.64207315E-002
    418.31679   2.63104855E-002
    418.46718   2.62007242E-002
    418.61757   2.60914456E-002
    418.76796   2.59826474E-002
    418.91835   2.58743275E-002
    419.06874   2.57664838E-002
    419.21914   2.56591142E-002
    419.36953   2.55522166E-002
    419.51992   2.54457889E-002
    419.67031   2.53398289E-002
    419.82070   2.52343347E-002
    419.97109   2.51293041E-002
    420.12148   2.50247351E-002
    420.27187   2.49206257E-002
    420.42226   2.48169737E-002
    420.57265   2.47137772E-002
    420.72304   2.46110341E-002
    420.87343   2.45087425E-002
    421.02382   2.44069002E-002
    421.17421   2.43055053E-002
    421.32460   2.42045559E-002
    421.47499   2.41040499E-002
    421.62538   2.40039853E-002
    421.77577   2.39043602E-002
    421.92616   2.38051726E-002
    422.07655   2.37064206E-002
    422.22694   2.36081022E-002
    422.37733   2.35102155E-002
    422.52773   2.34127585E-002
    422.67812   2.33157295E-002
    422.82851   2.32191263E-002
    422.97890   2.31229472E-002
    423.12929   2.30271903E-002
    423.27968   2.29318536E-002
    423.43007   2.28369352E-002
    423.58046   2.27424334E-002
    423.73085   2.26483463E-002
    423.88124   2.25546719E-002
    424.03163   2.24614085E-002
    424.18202   2.23685542E-002
    424.33241   2.22761071E-002
    424.48280   2.21840656E-002
    424.63319   2.20924277E-002
    424.78358   2.20011916E-002
    424.93397   2.19103555E-002
    425.08436   2.18199178E-002
    425.23475   2.17298764E-002
    425.38514   2.16402298E-002
    425.53553   2.15509761E-002
    425.68592   2.14621136E-002
    425.83632   2.13736404E-002
    425.98671   2.12855550E-002
    426.13710   2.11978555E-002
    426.28749   2.11105401E-002
    426.43788   2.10236073E-002
    426.58827   2.09370552E-002
    426.73866   2.08508821E-002
    426.88905   2.07650864E-002
    427.03944   2.06796664E-002
    427.18983   2.05946203E-002
    427.34022   2.05099466E-002
    427.49061   2.04256434E-002
    427.64100   2.03417092E-002
    427.79139   2.02581424E-002
    427.94178   2.01749411E-002
    428.09217   2.00921039E-002
    428.24256   2.00096291E-002
    428.39295   1.99275150E-002
    428.54334   1.98457601E-002
    428.69373   1.97643626E-002
    428.84412   1.96833211E-002
    428.99452   1.96026339E-002
    429.14491   1.95222994E-002
    429.29530   1.94423160E-002
    429.44569   1.93626822E-002
    429.59608   1.92833964E-002
    429.74647   1.92044570E-002
    429.89686   1.91258624E-002
    430.04725   1.90476111E-002
    430.19764   1.89697016E-002
    430.34803   1.88921324E-002
    430.49842   1.88149018E-002
    430.64881   1.87380084E-002
    430.79920   1.86614506E-002
    430.94959   1.85852270E-002
    431.09998   1.85093361E-002
    431.25037   1.84337762E-002
    431.40076   1.83585460E-002
    431.55115   1.82836440E-002
    431.70154   1.82090687E-002
    431.85193   1.81348185E-002
    432.00232   1.80608922E-002
    432.15271   1.79872881E-002
    432.30311   1.79140049E-002
    432.45350   1.78410410E-002
    432.60389   1.77683951E-002
    432.75428   1.76960658E-002
    432.90467   1.76240515E-002
    433.05506   1.75523509E-002
    433.20545   1.74809626E-002
    433.35584   1.74098851E-002
    433.50623   1.73391171E-002
    433.65662   1.72686571E-002
    433.80701   1.71985038E-002
    433.95740   1.71286558E-002
    434.10779   1.70591117E-002
    434.25818   1.69898702E-002
    434.40857   1.69209298E-002
    434.55896   1.68522893E-002
    434.70935   1.67839472E-002
    434.85974   1.67159022E-002
    435.01013   1.66481530E-002
    435.16052   1.65806983E-002
    435.31091   1.65135366E-002
    435.46131   1.64466668E-002
    435.61170   1.63800875E-002
    435.76209   1.63137973E-002
    435.91248   1.62477950E-002
    436.06287   1.61820792E-002
    436.21326   1.61166487E-002
    436.36365   1.60515022E-002
    436.51404   1.59866384E-002
    436.66443   1.59220561E-002
    436.81482   1.58577539E-002
    436.96521   1.57937306E-002
    437.11560   1.57299849E-002
    437.26599   1.56665156E-002
    437.41638   1.56033214E-002
    437.56677   1.55404011E-002
    437.71716   1.54777535E-002
    437.86755   1.54153773E-002
    438.01794   1.53532713E-002
    438.16833   1.52914343E-002
    438.31872   1.52298651E-002
    438.46911   1.51685624E-002
    438.61950   1.51075251E-002
    438.76990   1.50467519E-002
    438.92029   1.49862417E-002
    439.07068   1.49259933E-002
    439.22107   1.48660054E-002
    439.37146   1.48062770E-002
    439.52185   1.47468068E-002
    439.67224   1.46875937E-002
    439.82263   1.46286366E-002
    439.97302   1.45699342E-002
    440.12341   1.45114854E-002
    440.27380   1.44532891E-002
    440.42419   1.43953441E-002
    440.57458   1.43376493E-002
    440.72497   1.42802036E-002
    440.87536   1.42230058E-002
    441.02575   1.41660548E-002
    441.17614   1.41093496E-002
    441.32653   1.40528889E-002
    441.47692   1.39966718E-002
    441.62731   1.39406970E-002
    441.77770   1.38849636E-002
    441.92809   1.38294703E-002
    442.07849   1.37742162E-002
    442.22888   1.37192001E-002
    442.37927   1.36644211E-002
    442.52966   1.36098779E-002
    442.68005   1.35555695E-002
    442.83044   1.35014950E-002
    442.98083   1.34476531E-002
    443.13122   1.33940430E-002
    443.28161   1.33406634E-002
    443.43200   1.32875135E-002
    443.58239   1.32345921E-002
    443.73278   1.31818982E-002
    443.88317   1.31294309E-002
    444.03356   1.30771889E-002
    444.18395   1.30251715E-002
    444.33434   1.29733775E-002
    444.48473   1.29218059E-002
    444.63512   1.28704558E-002
    444.78551   1.28193261E-002
    444.93590   1.27684158E-002
    445.08629   1.27177240E-002
    445.23669   1.26672496E-002
    445.38708   1.26169917E-002
    445.53747   1.25669493E-002
    445.68786   1.25171215E-002
    445.83825   1.24675072E-002
    445.98864   1.24181055E-002
    446.13903   1.23689155E-002
    446.28942   1.23199362E-002
    446.43981   1.22711665E-002
    446.59020   1.22226057E-002
    446.74059   1.21742528E-002
    446.89098   1.21261067E-002
    447.04137   1.20781667E-002
    447.19176   1.20304317E-002
    447.34215   1.19829008E-002
    447.49254   1.19355731E-002
    447.64293   1.18884477E-002
    447.79332   1.18415237E-002
    447.94371   1.17948002E-002
    448.09410   1.17482763E-002
    448.24449   1.17019510E-002
    448.39488   1.16558235E-002
    448.54528   1.16098929E-002
    448.69567   1.15641583E-002
    448.84606   1.15186188E-002
    448.99645   1.14732735E-002
    449.14684   1.14281216E-002
    449.29723   1.13831622E-002
    449.44762   1.13383945E-002
    449.59801   1.12938175E-002
    449.74840   1.12494303E-002
    449.89879   1.12052323E-002
    450.04918   1.11612224E-002
    450.19957   1.11173999E-002
    450.34996   1.10737639E-002
    450.50035   1.10303136E-002
    450.65074   1.09870481E-002
    450.80113   1.09439666E-002
    450.95152   1.09010683E-002
    451.10191   1.08583523E-002
    451.25230   1.08158179E-002
    451.40269   1.07734642E-002
    451.55308   1.07312904E-002
    451.70347   1.06892956E-002
    451.85387   1.06474792E-002
    452.00426   1.06058402E-002
    452.15465   1.05643780E-002
    452.30504   1.05230916E-002
    452.45543   1.04819803E-002
    452.60582   1.04410434E-002
    452.75621   1.04002800E-002
    452.90660   1.03596893E-002
    453.05699   1.03192706E-002
    453.20738   1.02790231E-002
    453.35777   1.02389461E-002
    453.50816   1.01990387E-002
    453.65855   1.01593003E-002
    453.80894   1.01197299E-002
    453.95933   1.00803270E-002
    454.10972   1.00410908E-002
    454.26011   1.00020204E-002
    454.41050   9.96311516E-003
    454.56089   9.92437435E-003
    454.71128   9.88579721E-003
    454.86167   9.84738301E-003
    455.01207   9.80913102E-003
    455.16246   9.77104051E-003
    455.31285   9.73311076E-003
    455.46324   9.69534105E-003
    455.61363   9.65773065E-003
    455.76402   9.62027886E-003
    455.91441   9.58298497E-003
    456.06480   9.54584826E-003
    456.21519   9.50886803E-003
    456.36558   9.47204358E-003
    456.51597   9.43537422E-003
    456.66636   9.39885925E-003
    456.81675   9.36249797E-003
    456.96714   9.32628970E-003
    457.11753   9.29023376E-003
    457.26792   9.25432945E-003
    457.41831   9.21857612E-003
    457.56870   9.18297306E-003
    457.71909   9.14751963E-003
    457.86948   9.11221514E-003
    458.01987   9.07705893E-003
    458.17026   9.04205034E-003
    458.32066   9.00718870E-003
    458.47105   8.97247337E-003
    458.62144   8.93790367E-003
    458.77183   8.90347898E-003
    458.92222   8.86919863E-003
    459.07261   8.83506198E-003
    459.22300   8.80106839E-003
    459.37339   8.76721722E-003
    459.52378   8.73350783E-003
    459.67417   8.69993960E-003
    459.82456   8.66651188E-003
    459.97495   8.63322406E-003
    460.12534   8.60007551E-003
    460.27573   8.56706560E-003
    460.42612   8.53419373E-003
    460.57651   8.50145927E-003
    460.72690   8.46886160E-003
    460.87729   8.43640013E-003
    461.02768   8.40407424E-003
    461.17807   8.37188332E-003
    461.32846   8.33982678E-003
    461.47885   8.30790402E-003
    461.62925   8.27611444E-003
    461.77964   8.24445745E-003
    461.93003   8.21293246E-003
    462.08042   8.18153887E-003
    462.23081   8.15027611E-003
    462.38120   8.11914358E-003
    462.53159   8.08814072E-003
    462.68198   8.05726695E-003
    462.83237   8.02652168E-003
    462.98276   7.99590435E-003
    463.13315   7.96541439E-003
    463.28354   7.93505123E-003
    463.43393   7.90481431E-003
    463.58432   7.87470307E-003
    463.73471   7.84471695E-003
    463.88510   7.81485538E-003
    464.03549   7.78511783E-003
    464.18588   7.75550373E-003
    464.33627   7.72601255E-003
    464.48666   7.69664372E-003
    464.63705   7.66739672E-003
    464.78745   7.63827099E-003
    464.93784   7.60926601E-003
    465.08823   7.58038123E-003
    465.23862   7.55161612E-003
    465.38901   7.52297015E-003
    465.53940   7.49444279E-003
    465.68979   7.46603352E-003
    465.84018   7.43774181E-003
    465.99057   7.40956714E-003
    466.14096   7.38150899E-003
    466.29135   7.35356685E-003
    466.44174   7.32574020E-003
    466.59213   7.29802853E-003
    466.74252   7.27043133E-003
    466.89291   7.24294809E-003
    467.04330   7.21557832E-003
    467.19369   7.18832150E-003
    467.34408   7.16117714E-003
    467.49447   7.13414474E-003
    467.64486   7.10722380E-003
    467.79525   7.08041383E-003
    467.94564   7.05371435E-003
    468.09604   7.02712485E-003
    468.24643   7.00064487E-003
    468.39682   6.97427390E-003
    468.54721   6.94801148E-003
    468.69760   6.92185711E-003
    468.84799   6.89581033E-003
    468.99838   6.86987066E-003
    469.14877   6.84403763E-003
    469.29916   6.81831075E-003
    469.44955   6.79268958E-003
    469.59994   6.76717364E-003
    469.75033   6.74176246E-003
    469.90072   6.71645558E-003
    470.05111   6.69125255E-003
    470.20150   6.66615291E-003
    470.35189   6.64115620E-003
    470.50228   6.61626196E-003
    470.65267   6.59146975E-003
    470.80306   6.56677911E-003
    470.95345   6.54218961E-003
    471.10384   6.51770079E-003
    471.25423   6.49331221E-003
    471.40463   6.46902342E-003
    471.55502   6.44483400E-003
    471.70541   6.42074350E-003
    471.85580   6.39675149E-003
    472.00619   6.37285754E-003
    472.15658   6.34906121E-003
    472.30697   6.32536207E-003
    472.45736   6.30175970E-003
    472.60775   6.27825368E-003
    472.75814   6.25484357E-003
    472.90853   6.23152897E-003
    473.05892   6.20830944E-003
    473.20931   6.18518458E-003
    473.35970   6.16215396E-003
    473.51009   6.13921717E-003
    473.66048   6.11637381E-003
    473.81087   6.09362346E-003
    473.96126   6.07096571E-003
    474.11165   6.04840016E-003
    474.26204   6.02592641E-003
    474.41243   6.00354405E-003
    474.56283   5.98125268E-003
    474.71322   5.95905190E-003
    474.86361   5.93694132E-003
    475.01400   5.91492054E-003
    475.16439   5.89298917E-003
    475.31478   5.87114682E-003
    475.46517   5.84939310E-003
    475.61556   5.82772762E-003
    475.76595   5.80615000E-003
    475.91634   5.78465984E-003
    476.06673   5.76325678E-003
    476.21712   5.74194042E-003
    476.36751   5.72071039E-003
    476.51790   5.69956632E-003
    476.66829   5.67850783E-003
    476.81868   5.65753453E-003
    476.96907   5.63664608E-003
    477.11946   5.61584208E-003
    477.26985   5.59512218E-003
    477.42024   5.57448600E-003
    477.57063   5.55393319E-003
    477.72102   5.53346338E-003
    477.87142   5.51307620E-003
    478.02181   5.49277131E-003
    478.17220   5.47254833E-003
    478.32259   5.45240691E-003
    478.47298   5.43234670E-003
    478.62337   5.41236735E-003
    478.77376   5.39246850E-003
    478.92415   5.37264980E-003
    479.07454   5.35291090E-003
    479.22493   5.33325146E-003
    479.37532   5.31367114E-003
    479.52571   5.29416958E-003
    479.67610   5.27474644E-003
    479.82649   5.25540139E-003
    479.97688   5.23613409E-003
    480.12727   5.21694420E-003
    480.27766   5.19783137E-003
    480.42805   5.17879529E-003
    480.57844   5.15983561E-003
    480.72883   5.14095201E-003
    480.87922   5.12214415E-003
    481.02962   5.10341170E-003
    481.18001   5.08475435E-003
    481.33040   5.06617176E-003
    481.48079   5.04766361E-003
    481.63118   5.02922958E-003
    481.78157   5.01086934E-003
    481.93196   4.99258258E-003
    482.08235   4.97436898E-003
    482.23274   4.95622823E-003
    482.38313   4.93816000E-003
    482.53352   4.92016399E-003
    482.68391   4.90223988E-003
    482.83430   4.88438737E-003
    482.98469   4.86660613E-003
    483.13508   4.84889587E-003
    483.28547   4.83125628E-003
    483.43586   4.81368706E-003
    483.58625   4.79618789E-003
    483.73664   4.77875848E-003
    483.88703   4.76139853E-003
    484.03742   4.74410774E-003
    484.18781   4.72688581E-003
    484.33821   4.70973243E-003
    484.48860   4.69264733E-003
    484.63899   4.67563020E-003
    484.78938   4.65868075E-003
    484.93977   4.64179869E-003
    485.09016   4.62498373E-003
    485.24055   4.60823558E-003
    485.39094   4.59155395E-003
    485.54133   4.57493856E-003
    485.69172   4.55838912E-003
    485.84211   4.54190535E-003
    485.99250   4.52548697E-003
    486.14289   4.50913370E-003
    486.29328   4.49284525E-003
    486.44367   4.47662135E-003
    486.59406   4.46046172E-003
    486.74445   4.44436608E-003
    486.89484   4.42833417E-003
    487.04523   4.41236571E-003
    487.19562   4.39646042E-003
    487.34601   4.38061803E-003
    487.49640   4.36483829E-003
    487.64680   4.34912090E-003
    487.79719   4.33346562E-003
    487.94758   4.31787218E-003
    488.09797   4.30234030E-003
    488.24836   4.28686973E-003
    488.39875   4.27146020E-003
    488.54914   4.25611146E-003
    488.69953   4.24082324E-003
    488.84992   4.22559528E-003
    489.00031   4.21042733E-003
    489.15070   4.19531913E-003
    489.30109   4.18027043E-003
    489.45148   4.16528097E-003
    489.60187   4.15035049E-003
    489.75226   4.13547876E-003
    489.90265   4.12066551E-003
    490.05304   4.10591049E-003
    490.20343   4.09121347E-003
    490.35382   4.07657419E-003
    490.50421   4.06199240E-003
    490.65460   4.04746786E-003
    490.80500   4.03300033E-003
    490.95539   4.01858957E-003
    491.10578   4.00423533E-003
    491.25617   3.98993737E-003
    491.40656   3.97569545E-003
    491.55695   3.96150934E-003
    491.70734   3.94737879E-003
    491.85773   3.93330358E-003
    492.00812   3.91928346E-003
    492.15851   3.90531821E-003
    492.30890   3.89140758E-003
    492.45929   3.87755135E-003
    492.60968   3.86374929E-003
    492.76007   3.85000116E-003
    492.91046   3.83630674E-003
    493.06085   3.82266581E-003
    493.21124   3.80907812E-003
    493.36163   3.79554347E-003
    493.51202   3.78206161E-003
    493.66241   3.76863234E-003
    493.81280   3.75525542E-003
    493.96319   3.74193064E-003
    494.11359   3.72865777E-003
    494.26398   3.71543660E-003
    494.41437   3.70226691E-003
    494.56476   3.68914847E-003
    494.71515   3.67608108E-003
    494.86554   3.66306452E-003
    495.01593   3.65009856E-003
    495.16632   3.63718301E-003
    495.31671   3.62431764E-003
    495.46710   3.61150224E-003
    495.61749   3.59873661E-003
    495.76788   3.58602053E-003
    495.91827   3.57335379E-003
    496.06866   3.56073619E-003
    496.21905   3.54816752E-003
    496.36944   3.53564758E-003
    496.51983   3.52317615E-003
    496.67022   3.51075303E-003
    496.82061   3.49837803E-003
    496.97100   3.48605093E-003
    497.12139   3.47377154E-003
    497.27178   3.46153965E-003
    497.42218   3.44935507E-003
    497.57257   3.43721760E-003
    497.72296   3.42512704E-003
    497.87335   3.41308319E-003
    498.02374   3.40108586E-003
    498.17413   3.38913484E-003
    498.32452   3.37722996E-003
    498.47491   3.36537101E-003
    498.62530   3.35355779E-003
    498.77569   3.34179013E-003
    498.92608   3.33006782E-003
    499.07647   3.31839069E-003
    499.22686   3.30675853E-003
    499.37725   3.29517116E-003
    499.52764   3.28362839E-003
    499.67803   3.27213004E-003
    499.82842   3.26067592E-003
    499.97881   3.24926585E-003
    500.12920   3.23789964E-003
    500.27959   3.22657710E-003
    500.42998   3.21529806E-003
    500.58038   3.20406234E-003
    500.73077   3.19286974E-003
    500.88116   3.18172010E-003
    501.03155   3.17061324E-003
    501.18194   3.15954897E-003
    501.33233   3.14852711E-003
    501.48272   3.13754750E-003
    501.63311   3.12660995E-003
    501.78350   3.11571429E-003
    501.93389   3.10486034E-003
    502.08428   3.09404794E-003
    502.23467   3.08327691E-003
    502.38506   3.07254707E-003
    502.53545   3.06185825E-003
    502.68584   3.05121029E-003
    502.83623   3.04060301E-003
    502.98662   3.03003625E-003
    503.13701   3.01950983E-003
    503.28740   3.00902360E-003
    503.43779   2.99857737E-003
    503.58818   2.98817100E-003
    503.73857   2.97780430E-003
    503.88897   2.96747712E-003
    504.03936   2.95718929E-003
    504.18975   2.94694065E-003
    504.34014   2.93673103E-003
    504.49053   2.92656028E-003
    504.64092   2.91642824E-003
    504.79131   2.90633474E-003
    504.94170   2.89627962E-003
    505.09209   2.88626273E-003
    505.24248   2.87628390E-003
    505.39287   2.86634298E-003
    505.54326   2.85643982E-003
    505.69365   2.84657425E-003
    505.84404   2.83674613E-003
    505.99443   2.82695529E-003
    506.14482   2.81720159E-003
    506.29521   2.80748486E-003
    506.44560   2.79780496E-003
    506.59599   2.78816174E-003
    506.74638   2.77855503E-003
    506.89677   2.76898471E-003
    507.04716   2.75945060E-003
    507.19756   2.74995257E-003
    507.34795   2.74049047E-003
    507.49834   2.73106414E-003
    507.64873   2.72167344E-003
    507.79912   2.71231822E-003
    507.94951   2.70299835E-003
    508.09990   2.69371366E-003
    508.25029   2.68446402E-003
    508.40068   2.67524929E-003
    508.55107   2.66606932E-003
    508.70146   2.65692396E-003
    508.85185   2.64781308E-003
    509.00224   2.63873653E-003
    509.15263   2.62969417E-003
    509.30302   2.62068587E-003
    509.45341   2.61171148E-003
    509.60380   2.60277086E-003
    509.75419   2.59386388E-003
    509.90458   2.58499039E-003
    510.05497   2.57615027E-003
    510.20536   2.56734337E-003
    510.35576   2.55856955E-003
    510.50615   2.54982869E-003
    510.65654   2.54112065E-003
    510.80693   2.53244529E-003
    510.95732   2.52380248E-003
    511.10771   2.51519209E-003
    511.25810   2.50661398E-003
    511.40849   2.49806802E-003
    511.55888   2.48955408E-003
    511.70927   2.48107204E-003
    511.85966   2.47262175E-003
    512.01005   2.46420309E-003
    512.16044   2.45581594E-003
    512.31083   2.44746016E-003
