     64.64685   7.26085671E-047
     64.92043   7.09026764E-046
     65.19400   6.62664970E-045
     65.46757   5.93275018E-044
     65.74114   5.09230468E-043
     66.01471   4.19398010E-042
     66.28828   3.31696902E-041
     66.56185   2.52116423E-040
     66.83542   1.84306034E-039
     67.10900   1.29683075E-038
     67.38257   8.78924967E-038
     67.65614   5.74192454E-037
     67.92971   3.61831122E-036
     68.20328   2.20087835E-035
     68.47685   1.29306473E-034
     68.75042   7.34285086E-034
     69.02400   4.03282426E-033
     69.29757   2.14352207E-032
     69.57114   1.10328764E-031
     69.84471   5.50242367E-031
     70.11828   2.66060592E-030
     70.39185   1.24801461E-029
     70.66542   5.68221176E-029
     70.93899   2.51254966E-028
     71.21257   1.07956106E-027
     71.48614   4.50968277E-027
     71.75971   1.83247095E-026
     72.03328   7.24672775E-026
     72.30685   2.79047018E-025
     72.58042   1.04678093E-024
     72.85399   3.82723592E-024
     73.12756   1.36448718E-023
     73.40114   4.74578562E-023
     73.67471   1.61100463E-022
     73.94828   5.33982602E-022
     74.22185   1.72896754E-021
     74.49542   5.47091526E-021
     74.76899   1.69249293E-020
     75.04256   5.12111094E-020
     75.31613   1.51616042E-019
     75.58971   4.39379254E-019
     75.86328   1.24684876E-018
     76.13685   3.46601934E-018
     76.41042   9.44171962E-018
     76.68399   2.52133722E-017
     76.95756   6.60274058E-017
     77.23113   1.69621833E-016
     77.50471   4.27613415E-016
     77.77828   1.05822474E-015
     78.05185   2.57160165E-015
     78.32542   6.13858280E-015
     78.59899   1.43981915E-014
     78.87256   3.31938273E-014
     79.14613   7.52398396E-014
     79.41970   1.67729182E-013
     79.69328   3.67846195E-013
     79.96685   7.93862012E-013
     80.24042   1.68642403E-012
     80.51399   3.52737103E-012
     80.78756   7.26633572E-012
     81.06113   1.47460219E-011
     81.33470   2.94878003E-011
     81.60827   5.81204344E-011
     81.88185   1.12938785E-010
     82.15542   2.16417286E-010
     82.42899   4.09053547E-010
     82.70256   7.62799897E-010
     82.97613   1.40373232E-009
     83.24970   2.54976572E-009
     83.52327   4.57252236E-009
     83.79685   8.09741614E-009
     84.07042   1.41633462E-008
     84.34399   2.44740637E-008
     84.61756   4.17885625E-008
     84.89113   7.05193963E-008
     85.16470   1.17637723E-007
     85.43827   1.94024682E-007
     85.71184   3.16463496E-007
     85.98542   5.10539018E-007
     86.25899   8.14805300E-007
     86.53256   1.28670146E-006
     86.80613   2.01084599E-006
     87.07970   3.11052367E-006
     87.35327   4.76340107E-006
     87.62684   7.22276744E-006
     87.90041   1.08458987E-005
     88.17399   1.61314792E-005
     88.44756   2.37683818E-005
     88.72113   3.46984933E-005
     88.99470   5.01966578E-005
     89.26827   7.19711742E-005
     89.54184   1.02288601E-004
     89.81541   1.44126851E-004
     90.08898   2.01360645E-004
     90.36256   2.78983352E-004
     90.63613   3.83368911E-004
     90.90970   5.22576992E-004
     91.18327   7.06703678E-004
     91.45684   9.48278711E-004
     91.73041   1.26270875E-003
     92.00398   1.66876413E-003
     92.27756   2.18910417E-003
     92.55113   2.85083361E-003
     92.82470   3.68607942E-003
     93.09827   4.73257458E-003
     93.37184   6.03423178E-003
     93.64541   7.64168722E-003
     93.91898   9.61279165E-003
     94.19255   1.20130236E-002
     94.46613   1.49157976E-002
     94.73970   1.84026398E-002
     95.01327   2.25632030E-002
     95.28684   2.74950943E-002
     95.56041   3.33034913E-002
     95.83398   4.01005254E-002
     96.10755   4.80044186E-002
     96.38112   5.71383614E-002
     96.65470   6.76291323E-002
     96.92827   7.96054625E-002
     97.20184   9.31961624E-002
     97.47541   1.08528032E-001
     97.74898   1.25723590E-001
     98.02255   1.44898658E-001
     98.29612   1.66159855E-001
     98.56970   1.89602054E-001
     98.84327   2.15305860E-001
     99.11684   2.43335178E-001
     99.39041   2.73734928E-001
     99.66398   3.06528980E-001
     99.93755   3.41718366E-001
    100.21112   3.79279813E-001
    100.48469   4.19164675E-001
    100.75827   4.61298263E-001
    101.03184   5.05579638E-001
    101.30541   5.51881861E-001
    101.57898   6.00052713E-001
    101.85255   6.49915875E-001
    102.12612   7.01272552E-001
    102.39969   7.53903505E-001
    102.67326   8.07571445E-001
    102.94684   8.62023751E-001
    103.22041   9.16995439E-001
    103.49398   9.72212326E-001
    103.76755   1.02739432E+000
    104.04112   1.08225878E+000
    104.31469   1.13652382E+000
    104.58826   1.18991162E+000
    104.86184   1.24215150E+000
    105.13541   1.29298291E+000
    105.40898   1.34215810E+000
    105.68255   1.38944454E+000
    105.95612   1.43462707E+000
    106.22969   1.47750966E+000
    106.50326   1.51791687E+000
    106.77683   1.55569498E+000
    107.05041   1.59071274E+000
    107.32398   1.62286179E+000
    107.59755   1.65205682E+000
    107.87112   1.67823540E+000
    108.14469   1.70135753E+000
    108.41826   1.72140502E+000
    108.69183   1.73838058E+000
    108.96540   1.75230681E+000
    109.23898   1.76322502E+000
    109.51255   1.77119392E+000
    109.78612   1.77628828E+000
    110.05969   1.77859747E+000
    110.33326   1.77822400E+000
    110.60683   1.77528208E+000
    110.88040   1.76989611E+000
    111.15397   1.76219926E+000
    111.42755   1.75233204E+000
    111.70112   1.74044098E+000
    111.97469   1.72667724E+000
    112.24826   1.71119543E+000
    112.52183   1.69415234E+000
    112.79540   1.67570588E+000
    113.06897   1.65601396E+000
    113.34255   1.63523348E+000
    113.61612   1.61351945E+000
    113.88969   1.59102406E+000
    114.16326   1.56789590E+000
    114.43683   1.54427919E+000
    114.71040   1.52031314E+000
    114.98397   1.49613127E+000
    115.25754   1.47186090E+000
    115.53112   1.44762265E+000
    115.80469   1.42352998E+000
    116.07826   1.39968883E+000
    116.35183   1.37619734E+000
    116.62540   1.35314554E+000
    116.89897   1.33061526E+000
    117.17254   1.30867992E+000
    117.44611   1.28740452E+000
    117.71969   1.26684563E+000
    117.99326   1.24705145E+000
    118.26683   1.22806194E+000
    118.54040   1.20990897E+000
    118.81397   1.19261658E+000
    119.08754   1.17620125E+000
    119.36111   1.16067218E+000
    119.63469   1.14603174E+000
    119.90826   1.13227579E+000
    120.18183   1.11939418E+000
    120.45540   1.10737118E+000
    120.72897   1.09618597E+000
    121.00254   1.08581317E+000
    121.27611   1.07622335E+000
    121.54968   1.06738354E+000
    121.82326   1.05925778E+000
    122.09683   1.05180762E+000
    122.37040   1.04499268E+000
    122.64397   1.03877109E+000
    122.91754   1.03310005E+000
    123.19111   1.02793624E+000
    123.46468   1.02323628E+000
    123.73825   1.01895714E+000
    124.01183   1.01505653E+000
    124.28540   1.01149327E+000
    124.55897   1.00822752E+000
    124.83254   1.00522119E+000
    125.10611   1.00243805E+000
    125.37968   9.99844026E-001
    125.65325   9.97407333E-001
    125.92683   9.95098606E-001
    126.20040   9.92891000E-001
    126.47397   9.90760250E-001
    126.74754   9.88684699E-001
    127.02111   9.86645296E-001
    127.29468   9.84625563E-001
    127.56825   9.82611535E-001
    127.84182   9.80591683E-001
    128.11540   9.78556804E-001
    128.38897   9.76499903E-001
    128.66254   9.74416054E-001
    128.93611   9.72302247E-001
    129.20968   9.70157231E-001
    129.48325   9.67981341E-001
    129.75682   9.65776326E-001
    130.03039   9.63545175E-001
    130.30397   9.61291939E-001
    130.57754   9.59021561E-001
    130.85111   9.56739704E-001
    131.12468   9.54452594E-001
    131.39825   9.52166860E-001
    131.67182   9.49889396E-001
    131.94539   9.47627223E-001
    132.21896   9.45387372E-001
    132.49254   9.43176773E-001
    132.76611   9.41002161E-001
    133.03968   9.38869994E-001
    133.31325   9.36786390E-001
    133.58682   9.34757069E-001
    133.86039   9.32787320E-001
    134.13396   9.30881973E-001
    134.40754   9.29045387E-001
    134.68111   9.27281455E-001
    134.95468   9.25593615E-001
    135.22825   9.23984874E-001
    135.50182   9.22457844E-001
    135.77539   9.21014787E-001
    136.04896   9.19657666E-001
    136.32253   9.18388206E-001
    136.59611   9.17207960E-001
    136.86968   9.16118379E-001
    137.14325   9.15120888E-001
    137.41682   9.14216964E-001
    137.69039   9.13408215E-001
    137.96396   9.12696461E-001
    138.23753   9.12083813E-001
    138.51110   9.11572753E-001
    138.78468   9.11166210E-001
    139.05825   9.10867635E-001
    139.33182   9.10681069E-001
    139.60539   9.10611212E-001
    139.87896   9.10663481E-001
    140.15253   9.10844067E-001
    140.42610   9.11159981E-001
    140.69968   9.11619104E-001
    140.97325   9.12230216E-001
    141.24682   9.13003029E-001
    141.52039   9.13948207E-001
    141.79396   9.15077383E-001
    142.06753   9.16403168E-001
    142.34110   9.17939145E-001
    142.61467   9.19699871E-001
    142.88825   9.21700855E-001
    143.16182   9.23958544E-001
    143.43539   9.26490289E-001
    143.70896   9.29314318E-001
    143.98253   9.32449690E-001
    144.25610   9.35916251E-001
    144.52967   9.39734585E-001
    144.80324   9.43925954E-001
    145.07682   9.48512237E-001
    145.35039   9.53515867E-001
    145.62396   9.58959757E-001
    145.89753   9.64867230E-001
    146.17110   9.71261941E-001
    146.44467   9.78167797E-001
    146.71824   9.85608876E-001
    146.99181   9.93609345E-001
    147.26539   1.00219337E+000
    147.53896   1.01138504E+000
    147.81253   1.02120826E+000
    148.08610   1.03168669E+000
    148.35967   1.04284364E+000
    148.63324   1.05470197E+000
    148.90681   1.06728406E+000
    149.18039   1.08061165E+000
    149.45396   1.09470580E+000
    149.72753   1.10958680E+000
    150.00110   1.12527411E+000
    150.27467   1.14178624E+000
    150.54824   1.15914069E+000
    150.82181   1.17735391E+000
    151.09538   1.19644119E+000
    151.36896   1.21641660E+000
    151.64253   1.23729295E+000
    151.91610   1.25908171E+000
    152.18967   1.28179297E+000
    152.46324   1.30543537E+000
    152.73681   1.33001607E+000
    153.01038   1.35554068E+000
    153.28395   1.38201328E+000
    153.55753   1.40943631E+000
    153.83110   1.43781059E+000
    154.10467   1.46713529E+000
    154.37824   1.49740790E+000
    154.65181   1.52862419E+000
    154.92538   1.56077827E+000
    155.19895   1.59386251E+000
    155.47253   1.62786756E+000
    155.74610   1.66278238E+000
    156.01967   1.69859421E+000
    156.29324   1.73528862E+000
    156.56681   1.77284949E+000
    156.84038   1.81125904E+000
    157.11395   1.85049788E+000
    157.38752   1.89054501E+000
    157.66110   1.93137787E+000
    157.93467   1.97297237E+000
    158.20824   2.01530293E+000
    158.48181   2.05834252E+000
    158.75538   2.10206275E+000
    159.02895   2.14643385E+000
    159.30252   2.19142477E+000
    159.57609   2.23700325E+000
    159.84967   2.28313583E+000
    160.12324   2.32978797E+000
    160.39681   2.37692407E+000
    160.67038   2.42450755E+000
    160.94395   2.47250094E+000
    161.21752   2.52086592E+000
    161.49109   2.56956341E+000
    161.76467   2.61855363E+000
    162.03824   2.66779619E+000
    162.31181   2.71725015E+000
    162.58538   2.76687411E+000
    162.85895   2.81662625E+000
    163.13252   2.86646447E+000
    163.40609   2.91634640E+000
    163.67966   2.96622949E+000
    163.95324   3.01607114E+000
    164.22681   3.06582869E+000
    164.50038   3.11545953E+000
    164.77395   3.16492121E+000
    165.04752   3.21417142E+000
    165.32109   3.26316817E+000
    165.59466   3.31186974E+000
    165.86823   3.36023485E+000
    166.14181   3.40822266E+000
    166.41538   3.45579283E+000
    166.68895   3.50290563E+000
    166.96252   3.54952196E+000
    167.23609   3.59560338E+000
    167.50966   3.64111222E+000
    167.78323   3.68601160E+000
    168.05680   3.73026546E+000
    168.33038   3.77383865E+000
    168.60395   3.81669693E+000
    168.87752   3.85880703E+000
    169.15109   3.90013668E+000
    169.42466   3.94065465E+000
    169.69823   3.98033077E+000
    169.97180   4.01913597E+000
    170.24538   4.05704231E+000
    170.51895   4.09402299E+000
    170.79252   4.13005237E+000
    171.06609   4.16510600E+000
    171.33966   4.19916062E+000
    171.61323   4.23219421E+000
    171.88680   4.26418594E+000
    172.16037   4.29511623E+000
    172.43395   4.32496673E+000
    172.70752   4.35372033E+000
    172.98109   4.38136117E+000
    173.25466   4.40787461E+000
    173.52823   4.43324726E+000
    173.80180   4.45746696E+000
    174.07537   4.48052279E+000
    174.34894   4.50240501E+000
    174.62252   4.52310512E+000
    174.89609   4.54261578E+000
    175.16966   4.56093087E+000
    175.44323   4.57804540E+000
    175.71680   4.59395554E+000
    175.99037   4.60865858E+000
    176.26394   4.62215293E+000
    176.53752   4.63443809E+000
    176.81109   4.64551461E+000
    177.08466   4.65538410E+000
    177.35823   4.66404919E+000
    177.63180   4.67151351E+000
    177.90537   4.67778164E+000
    178.17894   4.68285913E+000
    178.45251   4.68675245E+000
    178.72609   4.68946894E+000
    178.99966   4.69101682E+000
    179.27323   4.69140515E+000
    179.54680   4.69064380E+000
    179.82037   4.68874342E+000
    180.09394   4.68571539E+000
    180.36751   4.68157185E+000
    180.64108   4.67632562E+000
    180.91466   4.66999017E+000
    181.18823   4.66257962E+000
    181.46180   4.65410871E+000
    181.73537   4.64459274E+000
    182.00894   4.63404757E+000
    182.28251   4.62248958E+000
    182.55608   4.60993564E+000
    182.82965   4.59640308E+000
    183.10323   4.58190969E+000
    183.37680   4.56647365E+000
    183.65037   4.55011353E+000
    183.92394   4.53284825E+000
    184.19751   4.51469707E+000
    184.47108   4.49567955E+000
    184.74465   4.47581552E+000
    185.01823   4.45512508E+000
    185.29180   4.43362854E+000
    185.56537   4.41134642E+000
    185.83894   4.38829942E+000
    186.11251   4.36450841E+000
    186.38608   4.33999438E+000
    186.65965   4.31477844E+000
    186.93322   4.28888178E+000
    187.20680   4.26232566E+000
    187.48037   4.23513141E+000
    187.75394   4.20732038E+000
    188.02751   4.17891390E+000
    188.30108   4.14993334E+000
    188.57465   4.12040001E+000
    188.84822   4.09033518E+000
    189.12179   4.05976007E+000
    189.39537   4.02869581E+000
    189.66894   3.99716344E+000
    189.94251   3.96518389E+000
    190.21608   3.93277797E+000
    190.48965   3.89996634E+000
    190.76322   3.86676951E+000
    191.03679   3.83320783E+000
    191.31037   3.79930148E+000
    191.58394   3.76507044E+000
    191.85751   3.73053448E+000
    192.13108   3.69571317E+000
    192.40465   3.66062586E+000
    192.67822   3.62529165E+000
    192.95179   3.58972941E+000
    193.22536   3.55395778E+000
    193.49894   3.51799509E+000
    193.77251   3.48185945E+000
    194.04608   3.44556868E+000
    194.31965   3.40914032E+000
    194.59322   3.37259161E+000
    194.86679   3.33593951E+000
    195.14036   3.29920069E+000
    195.41393   3.26239150E+000
    195.68751   3.22552798E+000
    195.96108   3.18862589E+000
    196.23465   3.15170062E+000
    196.50822   3.11476730E+000
    196.78179   3.07784069E+000
    197.05536   3.04093525E+000
    197.32893   3.00406512E+000
    197.60251   2.96724409E+000
    197.87608   2.93048564E+000
    198.14965   2.89380291E+000
    198.42322   2.85720870E+000
    198.69679   2.82071550E+000
    198.97036   2.78433546E+000
    199.24393   2.74808039E+000
    199.51750   2.71196177E+000
    199.79108   2.67599077E+000
    200.06465   2.64017822E+000
    200.33822   2.60453460E+000
    200.61179   2.56907010E+000
    200.88536   2.53379458E+000
    201.15893   2.49871755E+000
    201.43250   2.46384823E+000
    201.70607   2.42919552E+000
    201.97965   2.39476800E+000
    202.25322   2.36057393E+000
    202.52679   2.32662128E+000
    202.80036   2.29291772E+000
    203.07393   2.25947059E+000
    203.34750   2.22628696E+000
    203.62107   2.19337360E+000
    203.89464   2.16073698E+000
    204.16822   2.12838331E+000
    204.44179   2.09631849E+000
    204.71536   2.06454816E+000
    204.98893   2.03307769E+000
    205.26250   2.00191217E+000
    205.53607   1.97105643E+000
    205.80964   1.94051505E+000
    206.08322   1.91029236E+000
    206.35679   1.88039243E+000
    206.63036   1.85081907E+000
    206.90393   1.82157590E+000
    207.17750   1.79266625E+000
    207.45107   1.76409326E+000
    207.72464   1.73585983E+000
    207.99821   1.70796865E+000
    208.27179   1.68042218E+000
    208.54536   1.65322268E+000
    208.81893   1.62637221E+000
    209.09250   1.59987263E+000
    209.36607   1.57372561E+000
    209.63964   1.54793261E+000
    209.91321   1.52249493E+000
    210.18678   1.49741368E+000
    210.46036   1.47268980E+000
    210.73393   1.44832406E+000
    211.00750   1.42431707E+000
    211.28107   1.40066928E+000
    211.55464   1.37738096E+000
    211.82821   1.35445228E+000
    212.10178   1.33188322E+000
    212.37536   1.30967365E+000
    212.64893   1.28782328E+000
    212.92250   1.26633171E+000
    213.19607   1.24519840E+000
    213.46964   1.22442269E+000
    213.74321   1.20400381E+000
    214.01678   1.18394086E+000
    214.29035   1.16423286E+000
    214.56393   1.14487869E+000
    214.83750   1.12587714E+000
    215.11107   1.10722693E+000
    215.38464   1.08892664E+000
    215.65821   1.07097479E+000
    215.93178   1.05336981E+000
    216.20535   1.03611005E+000
    216.47892   1.01919377E+000
    216.75250   1.00261917E+000
    217.02607   9.86384360E-001
    217.29964   9.70487397E-001
    217.57321   9.54926267E-001
    217.84678   9.39698893E-001
    218.12035   9.24803140E-001
    218.39392   9.10236817E-001
    218.66750   8.95997680E-001
    218.94107   8.82083434E-001
    219.21464   8.68491737E-001
    219.48821   8.55220202E-001
    219.76178   8.42266398E-001
    220.03535   8.29627857E-001
    220.30892   8.17302071E-001
    220.58249   8.05286497E-001
    220.85607   7.93578561E-001
    221.12964   7.82175655E-001
    221.40321   7.71075147E-001
    221.67678   7.60274373E-001
    221.95035   7.49770648E-001
    222.22392   7.39561263E-001
    222.49749   7.29643488E-001
    222.77106   7.20014573E-001
    223.04464   7.10671752E-001
    223.31821   7.01612241E-001
    223.59178   6.92833243E-001
    223.86535   6.84331947E-001
    224.13892   6.76105531E-001
    224.41249   6.68151162E-001
    224.68606   6.60465999E-001
    224.95963   6.53047192E-001
    225.23321   6.45891885E-001
    225.50678   6.38997216E-001
    225.78035   6.32360320E-001
    226.05392   6.25978325E-001
    226.32749   6.19848361E-001
    226.60106   6.13967552E-001
    226.87463   6.08333024E-001
    227.14821   6.02941903E-001
    227.42178   5.97791314E-001
    227.69535   5.92878383E-001
    227.96892   5.88200242E-001
    228.24249   5.83754022E-001
    228.51606   5.79536858E-001
    228.78963   5.75545890E-001
    229.06320   5.71778261E-001
    229.33678   5.68231121E-001
    229.61035   5.64901623E-001
    229.88392   5.61786928E-001
    230.15749   5.58884200E-001
    230.43106   5.56190613E-001
    230.70463   5.53703346E-001
    230.97820   5.51419585E-001
    231.25177   5.49336525E-001
    231.52535   5.47451366E-001
    231.79892   5.45761320E-001
    232.07249   5.44263602E-001
    232.34606   5.42955440E-001
    232.61963   5.41834067E-001
    232.89320   5.40896728E-001
    233.16677   5.40140674E-001
    233.44035   5.39563167E-001
    233.71392   5.39161477E-001
    233.98749   5.38932883E-001
    234.26106   5.38874675E-001
    234.53463   5.38984150E-001
    234.80820   5.39258615E-001
    235.08177   5.39695389E-001
    235.35534   5.40291798E-001
    235.62892   5.41045177E-001
    235.90249   5.41952874E-001
    236.17606   5.43012245E-001
    236.44963   5.44220653E-001
    236.72320   5.45575476E-001
    236.99677   5.47074098E-001
    237.27034   5.48713914E-001
    237.54391   5.50492329E-001
    237.81749   5.52406757E-001
    238.09106   5.54454624E-001
    238.36463   5.56633364E-001
    238.63820   5.58940421E-001
    238.91177   5.61373250E-001
    239.18534   5.63929316E-001
    239.45891   5.66606092E-001
    239.73248   5.69401065E-001
    240.00606   5.72311727E-001
    240.27963   5.75335585E-001
    240.55320   5.78470154E-001
    240.82677   5.81712957E-001
    241.10034   5.85061532E-001
    241.37391   5.88513423E-001
    241.64748   5.92066187E-001
    241.92106   5.95717390E-001
    242.19463   5.99464610E-001
    242.46820   6.03305434E-001
    242.74177   6.07237459E-001
    243.01534   6.11258296E-001
    243.28891   6.15365563E-001
    243.56248   6.19556892E-001
    243.83605   6.23829924E-001
    244.10963   6.28182311E-001
    244.38320   6.32611717E-001
    244.65677   6.37115817E-001
    244.93034   6.41692299E-001
    245.20391   6.46338859E-001
    245.47748   6.51053208E-001
    245.75105   6.55833066E-001
    246.02462   6.60676169E-001
    246.29820   6.65580260E-001
    246.57177   6.70543098E-001
    246.84534   6.75562452E-001
    247.11891   6.80636106E-001
    247.39248   6.85761855E-001
    247.66605   6.90937507E-001
    247.93962   6.96160883E-001
    248.21320   7.01429818E-001
    248.48677   7.06742159E-001
    248.76034   7.12095768E-001
    249.03391   7.17488521E-001
    249.30748   7.22918306E-001
    249.58105   7.28383026E-001
    249.85462   7.33880600E-001
    250.12819   7.39408960E-001
    250.40177   7.44966053E-001
    250.67534   7.50549840E-001
    250.94891   7.56158298E-001
    251.22248   7.61789421E-001
    251.49605   7.67441217E-001
    251.76962   7.73111708E-001
    252.04319   7.78798936E-001
    252.31676   7.84500956E-001
    252.59034   7.90215840E-001
    252.86391   7.95941679E-001
    253.13748   8.01676577E-001
    253.41105   8.07418659E-001
    253.68462   8.13166064E-001
    253.95819   8.18916952E-001
    254.23176   8.24669496E-001
    254.50534   8.30421892E-001
    254.77891   8.36172350E-001
    255.05248   8.41919101E-001
    255.32605   8.47660394E-001
    255.59962   8.53394497E-001
    255.87319   8.59119695E-001
    256.14676   8.64834294E-001
    256.42033   8.70536619E-001
    256.69391   8.76225016E-001
    256.96748   8.81897848E-001
    257.24105   8.87553500E-001
    257.51462   8.93190375E-001
    257.78819   8.98806900E-001
    258.06176   9.04401519E-001
    258.33533   9.09972698E-001
    258.60890   9.15518925E-001
    258.88248   9.21038706E-001
    259.15605   9.26530571E-001
    259.42962   9.31993070E-001
    259.70319   9.37424776E-001
    259.97676   9.42824281E-001
    260.25033   9.48190201E-001
    260.52390   9.53521173E-001
    260.79747   9.58815856E-001
    261.07105   9.64072931E-001
    261.34462   9.69291103E-001
    261.61819   9.74469097E-001
    261.89176   9.79605662E-001
    262.16533   9.84699568E-001
    262.43890   9.89749611E-001
    262.71247   9.94754606E-001
    262.98605   9.99713393E-001
    263.25962   1.00462483E+000
    263.53319   1.00948782E+000
    263.80676   1.01430125E+000
    264.08033   1.01906406E+000
    264.35390   1.02377520E+000
    264.62747   1.02843367E+000
    264.90104   1.03303844E+000
    265.17462   1.03758856E+000
    265.44819   1.04208306E+000
    265.72176   1.04652103E+000
    265.99533   1.05090155E+000
    266.26890   1.05522374E+000
    266.54247   1.05948675E+000
    266.81604   1.06368974E+000
    267.08961   1.06783190E+000
    267.36319   1.07191244E+000
    267.63676   1.07593059E+000
    267.91033   1.07988562E+000
    268.18390   1.08377681E+000
    268.45747   1.08760345E+000
    268.73104   1.09136489E+000
    269.00461   1.09506046E+000
    269.27819   1.09868955E+000
    269.55176   1.10225155E+000
    269.82533   1.10574588E+000
    270.09890   1.10917198E+000
    270.37247   1.11252932E+000
    270.64604   1.11581739E+000
    270.91961   1.11903569E+000
    271.19318   1.12218376E+000
    271.46676   1.12526116E+000
    271.74033   1.12826746E+000
    272.01390   1.13120226E+000
    272.28747   1.13406518E+000
    272.56104   1.13685586E+000
    272.83461   1.13957398E+000
    273.10818   1.14221920E+000
    273.38175   1.14479125E+000
    273.65533   1.14728985E+000
    273.92890   1.14971474E+000
    274.20247   1.15206571E+000
    274.47604   1.15434253E+000
    274.74961   1.15654502E+000
    275.02318   1.15867301E+000
    275.29675   1.16072635E+000
    275.57032   1.16270491E+000
    275.84390   1.16460859E+000
    276.11747   1.16643728E+000
    276.39104   1.16819093E+000
    276.66461   1.16986949E+000
    276.93818   1.17147291E+000
    277.21175   1.17300118E+000
    277.48532   1.17445431E+000
    277.75890   1.17583232E+000
    278.03247   1.17713526E+000
    278.30604   1.17836317E+000
    278.57961   1.17951614E+000
    278.85318   1.18059426E+000
    279.12675   1.18159763E+000
    279.40032   1.18252639E+000
    279.67389   1.18338068E+000
    279.94747   1.18416066E+000
    280.22104   1.18486650E+000
    280.49461   1.18549839E+000
    280.76818   1.18605655E+000
    281.04175   1.18654119E+000
    281.31532   1.18695255E+000
    281.58889   1.18729089E+000
    281.86246   1.18755647E+000
    282.13604   1.18774957E+000
    282.40961   1.18787049E+000
    282.68318   1.18791954E+000
    282.95675   1.18789703E+000
    283.23032   1.18780330E+000
    283.50389   1.18763871E+000
    283.77746   1.18740361E+000
    284.05104   1.18709838E+000
    284.32461   1.18672340E+000
    284.59818   1.18627908E+000
    284.87175   1.18576581E+000
    285.14532   1.18518402E+000
    285.41889   1.18453415E+000
    285.69246   1.18381663E+000
    285.96603   1.18303192E+000
    286.23961   1.18218048E+000
    286.51318   1.18126279E+000
    286.78675   1.18027933E+000
    287.06032   1.17923060E+000
    287.33389   1.17811708E+000
    287.60746   1.17693931E+000
    287.88103   1.17569779E+000
    288.15460   1.17439306E+000
    288.42818   1.17302565E+000
    288.70175   1.17159610E+000
    288.97532   1.17010498E+000
    289.24889   1.16855283E+000
    289.52246   1.16694024E+000
    289.79603   1.16526776E+000
    290.06960   1.16353599E+000
    290.34318   1.16174550E+000
    290.61675   1.15989690E+000
    290.89032   1.15799078E+000
    291.16389   1.15602775E+000
    291.43746   1.15400841E+000
    291.71103   1.15193340E+000
    291.98460   1.14980331E+000
    292.25817   1.14761879E+000
    292.53175   1.14538046E+000
    292.80532   1.14308896E+000
    293.07889   1.14074493E+000
    293.35246   1.13834900E+000
    293.62603   1.13590182E+000
    293.89960   1.13340405E+000
    294.17317   1.13085634E+000
    294.44674   1.12825934E+000
    294.72032   1.12561371E+000
    294.99389   1.12292012E+000
    295.26746   1.12017922E+000
    295.54103   1.11739168E+000
    295.81460   1.11455818E+000
    296.08817   1.11167937E+000
    296.36174   1.10875594E+000
    296.63531   1.10578854E+000
    296.90889   1.10277786E+000
    297.18246   1.09972458E+000
    297.45603   1.09662935E+000
    297.72960   1.09349287E+000
    298.00317   1.09031581E+000
    298.27674   1.08709884E+000
    298.55031   1.08384265E+000
    298.82389   1.08054790E+000
    299.09746   1.07721527E+000
    299.37103   1.07384544E+000
    299.64460   1.07043908E+000
    299.91817   1.06699688E+000
    300.19174   1.06351949E+000
    300.46531   1.06000760E+000
    300.73888   1.05646187E+000
    301.01246   1.05288298E+000
    301.28603   1.04927159E+000
    301.55960   1.04562836E+000
    301.83317   1.04195398E+000
    302.10674   1.03824908E+000
    302.38031   1.03451434E+000
    302.65388   1.03075042E+000
    302.92745   1.02695797E+000
    303.20103   1.02313764E+000
    303.47460   1.01929009E+000
    303.74817   1.01541596E+000
    304.02174   1.01151590E+000
    304.29531   1.00759055E+000
    304.56888   1.00364055E+000
    304.84245   9.99666537E-001
    305.11603   9.95669143E-001
    305.38960   9.91648997E-001
    305.66317   9.87606726E-001
    305.93674   9.83542952E-001
    306.21031   9.79458295E-001
    306.48388   9.75353367E-001
    306.75745   9.71228782E-001
    307.03102   9.67085147E-001
    307.30460   9.62923063E-001
    307.57817   9.58743132E-001
    307.85174   9.54545946E-001
    308.12531   9.50332098E-001
    308.39888   9.46102173E-001
    308.67245   9.41856754E-001
    308.94602   9.37596418E-001
    309.21959   9.33321737E-001
    309.49317   9.29033280E-001
    309.76674   9.24731612E-001
    310.04031   9.20417289E-001
    310.31388   9.16090868E-001
    310.58745   9.11752898E-001
    310.86102   9.07403921E-001
    311.13459   9.03044480E-001
    311.40817   8.98675107E-001
    311.68174   8.94296333E-001
    311.95531   8.89908682E-001
    312.22888   8.85512673E-001
    312.50245   8.81108821E-001
    312.77602   8.76697635E-001
    313.04959   8.72279619E-001
    313.32316   8.67855271E-001
    313.59674   8.63425085E-001
    313.87031   8.58989549E-001
    314.14388   8.54549146E-001
    314.41745   8.50104353E-001
    314.69102   8.45655643E-001
    314.96459   8.41203481E-001
    315.23816   8.36748331E-001
    315.51173   8.32290646E-001
    315.78531   8.27830878E-001
    316.05888   8.23369472E-001
    316.33245   8.18906867E-001
    316.60602   8.14443498E-001
    316.87959   8.09979793E-001
    317.15316   8.05516176E-001
    317.42673   8.01053063E-001
    317.70030   7.96590867E-001
    317.97388   7.92129996E-001
    318.24745   7.87670850E-001
    318.52102   7.83213824E-001
    318.79459   7.78759310E-001
    319.06816   7.74307692E-001
    319.34173   7.69859349E-001
    319.61530   7.65414655E-001
    319.88888   7.60973979E-001
    320.16245   7.56537684E-001
    320.43602   7.52106127E-001
    320.70959   7.47679660E-001
    320.98316   7.43258631E-001
    321.25673   7.38843380E-001
    321.53030   7.34434243E-001
    321.80387   7.30031552E-001
    322.07745   7.25635631E-001
    322.35102   7.21246800E-001
    322.62459   7.16865375E-001
    322.89816   7.12491664E-001
    323.17173   7.08125972E-001
    323.44530   7.03768597E-001
    323.71887   6.99419834E-001
    323.99244   6.95079970E-001
    324.26602   6.90749290E-001
    324.53959   6.86428072E-001
    324.81316   6.82116588E-001
    325.08673   6.77815107E-001
    325.36030   6.73523892E-001
    325.63387   6.69243201E-001
    325.90744   6.64973287E-001
    326.18102   6.60714398E-001
    326.45459   6.56466778E-001
    326.72816   6.52230664E-001
    327.00173   6.48006291E-001
    327.27530   6.43793886E-001
    327.54887   6.39593674E-001
    327.82244   6.35405874E-001
    328.09601   6.31230701E-001
    328.36959   6.27068363E-001
    328.64316   6.22919066E-001
    328.91673   6.18783011E-001
    329.19030   6.14660394E-001
    329.46387   6.10551405E-001
    329.73744   6.06456233E-001
    330.01101   6.02375058E-001
    330.28458   5.98308061E-001
    330.55816   5.94255413E-001
    330.83173   5.90217284E-001
    331.10530   5.86193840E-001
    331.37887   5.82185242E-001
    331.65244   5.78191645E-001
    331.92601   5.74213203E-001
    332.19958   5.70250063E-001
    332.47315   5.66302370E-001
    332.74673   5.62370264E-001
    333.02030   5.58453881E-001
    333.29387   5.54553353E-001
    333.56744   5.50668808E-001
    333.84101   5.46800372E-001
    334.11458   5.42948164E-001
    334.38815   5.39112301E-001
    334.66173   5.35292896E-001
    334.93530   5.31490059E-001
    335.20887   5.27703895E-001
    335.48244   5.23934505E-001
    335.75601   5.20181989E-001
    336.02958   5.16446441E-001
    336.30315   5.12727953E-001
    336.57672   5.09026612E-001
    336.85030   5.05342503E-001
    337.12387   5.01675707E-001
    337.39744   4.98026302E-001
    337.67101   4.94394361E-001
    337.94458   4.90779958E-001
    338.21815   4.87183158E-001
    338.49172   4.83604028E-001
    338.76529   4.80042630E-001
    339.03887   4.76499020E-001
    339.31244   4.72973257E-001
    339.58601   4.69465391E-001
    339.85958   4.65975473E-001
    340.13315   4.62503549E-001
    340.40672   4.59049663E-001
    340.68029   4.55613857E-001
    340.95387   4.52196169E-001
    341.22744   4.48796634E-001
    341.50101   4.45415285E-001
    341.77458   4.42052152E-001
    342.04815   4.38707263E-001
    342.32172   4.35380643E-001
    342.59529   4.32072314E-001
    342.86886   4.28782295E-001
    343.14244   4.25510605E-001
    343.41601   4.22257259E-001
    343.68958   4.19022269E-001
    343.96315   4.15805645E-001
    344.23672   4.12607395E-001
    344.51029   4.09427525E-001
    344.78386   4.06266038E-001
    345.05743   4.03122936E-001
    345.33101   3.99998218E-001
    345.60458   3.96891881E-001
    345.87815   3.93803919E-001
    346.15172   3.90734325E-001
    346.42529   3.87683090E-001
    346.69886   3.84650204E-001
    346.97243   3.81635652E-001
    347.24601   3.78639421E-001
    347.51958   3.75661492E-001
    347.79315   3.72701847E-001
    348.06672   3.69760466E-001
    348.34029   3.66837327E-001
    348.61386   3.63932405E-001
    348.88743   3.61045674E-001
    349.16100   3.58177108E-001
    349.43458   3.55326678E-001
    349.70815   3.52494351E-001
    349.98172   3.49680098E-001
    350.25529   3.46883883E-001
    350.52886   3.44105671E-001
    350.80243   3.41345426E-001
    351.07600   3.38603110E-001
    351.34957   3.35878683E-001
    351.62315   3.33172104E-001
    351.89672   3.30483331E-001
    352.17029   3.27812320E-001
    352.44386   3.25159027E-001
    352.71743   3.22523405E-001
    352.99100   3.19905406E-001
    353.26457   3.17304983E-001
    353.53814   3.14722085E-001
    353.81172   3.12156662E-001
    354.08529   3.09608662E-001
    354.35886   3.07078031E-001
    354.63243   3.04564715E-001
    354.90600   3.02068659E-001
    355.17957   2.99589807E-001
    355.45314   2.97128101E-001
    355.72672   2.94683484E-001
    356.00029   2.92255896E-001
    356.27386   2.89845277E-001
    356.54743   2.87451567E-001
    356.82100   2.85074704E-001
    357.09457   2.82714624E-001
    357.36814   2.80371265E-001
    357.64171   2.78044563E-001
    357.91529   2.75734452E-001
    358.18886   2.73440867E-001
    358.46243   2.71163741E-001
    358.73600   2.68903007E-001
    359.00957   2.66658598E-001
    359.28314   2.64430445E-001
    359.55671   2.62218479E-001
    359.83028   2.60022630E-001
    360.10386   2.57842828E-001
    360.37743   2.55679002E-001
    360.65100   2.53531082E-001
    360.92457   2.51398993E-001
    361.19814   2.49282666E-001
    361.47171   2.47182026E-001
    361.74528   2.45097000E-001
    362.01886   2.43027514E-001
    362.29243   2.40973494E-001
    362.56600   2.38934866E-001
    362.83957   2.36911553E-001
    363.11314   2.34903482E-001
    363.38671   2.32910576E-001
    363.66028   2.30932758E-001
    363.93385   2.28969952E-001
    364.20743   2.27022083E-001
    364.48100   2.25089071E-001
    364.75457   2.23170840E-001
    365.02814   2.21267313E-001
    365.30171   2.19378411E-001
    365.57528   2.17504056E-001
    365.84885   2.15644171E-001
    366.12242   2.13798675E-001
    366.39600   2.11967492E-001
    366.66957   2.10150541E-001
    366.94314   2.08347743E-001
    367.21671   2.06559020E-001
    367.49028   2.04784292E-001
    367.76385   2.03023479E-001
    368.03742   2.01276503E-001
    368.31099   1.99543283E-001
    368.58457   1.97823739E-001
    368.85814   1.96117791E-001
    369.13171   1.94425361E-001
    369.40528   1.92746367E-001
    369.67885   1.91080730E-001
    369.95242   1.89428370E-001
    370.22599   1.87789206E-001
    370.49957   1.86163159E-001
    370.77314   1.84550149E-001
    371.04671   1.82950096E-001
    371.32028   1.81362920E-001
    371.59385   1.79788540E-001
    371.86742   1.78226877E-001
    372.14099   1.76677851E-001
    372.41456   1.75141383E-001
    372.68814   1.73617392E-001
    372.96171   1.72105800E-001
    373.23528   1.70606526E-001
    373.50885   1.69119491E-001
    373.78242   1.67644617E-001
    374.05599   1.66181823E-001
    374.32956   1.64731031E-001
    374.60313   1.63292162E-001
    374.87671   1.61865137E-001
    375.15028   1.60449878E-001
    375.42385   1.59046305E-001
    375.69742   1.57654342E-001
    375.97099   1.56273910E-001
    376.24456   1.54904930E-001
    376.51813   1.53547326E-001
    376.79171   1.52201019E-001
    377.06528   1.50865932E-001
    377.33885   1.49541989E-001
    377.61242   1.48229112E-001
    377.88599   1.46927225E-001
    378.15956   1.45636250E-001
    378.43313   1.44356113E-001
    378.70670   1.43086737E-001
    378.98028   1.41828046E-001
    379.25385   1.40579964E-001
    379.52742   1.39342417E-001
    379.80099   1.38115329E-001
    380.07456   1.36898626E-001
    380.34813   1.35692233E-001
    380.62170   1.34496075E-001
    380.89527   1.33310080E-001
    381.16885   1.32134173E-001
    381.44242   1.30968282E-001
    381.71599   1.29812332E-001
    381.98956   1.28666251E-001
    382.26313   1.27529967E-001
    382.53670   1.26403407E-001
    382.81027   1.25286499E-001
    383.08385   1.24179173E-001
    383.35742   1.23081356E-001
    383.63099   1.21992977E-001
    383.90456   1.20913966E-001
    384.17813   1.19844253E-001
    384.45170   1.18783768E-001
    384.72527   1.17732440E-001
    384.99884   1.16690201E-001
    385.27242   1.15656981E-001
    385.54599   1.14632711E-001
    385.81956   1.13617324E-001
    386.09313   1.12610751E-001
    386.36670   1.11612924E-001
    386.64027   1.10623776E-001
    386.91384   1.09643240E-001
    387.18741   1.08671249E-001
    387.46099   1.07707737E-001
    387.73456   1.06752638E-001
    388.00813   1.05805886E-001
    388.28170   1.04867416E-001
    388.55527   1.03937163E-001
    388.82884   1.03015061E-001
    389.10241   1.02101048E-001
    389.37598   1.01195059E-001
    389.64956   1.00297030E-001
    389.92313   9.94068977E-002
    390.19670   9.85246001E-002
    390.47027   9.76500744E-002
    390.74384   9.67832582E-002
    391.01741   9.59240899E-002
    391.29098   9.50725080E-002
    391.56456   9.42284514E-002
    391.83813   9.33918594E-002
    392.11170   9.25626718E-002
    392.38527   9.17408284E-002
    392.65884   9.09262696E-002
    392.93241   9.01189362E-002
    393.20598   8.93187693E-002
    393.47955   8.85257104E-002
    393.75313   8.77397011E-002
    394.02670   8.69606838E-002
    394.30027   8.61886010E-002
    394.57384   8.54233955E-002
    394.84741   8.46650106E-002
    395.12098   8.39133900E-002
    395.39455   8.31684776E-002
    395.66812   8.24302178E-002
    395.94170   8.16985554E-002
    396.21527   8.09734352E-002
    396.48884   8.02548029E-002
    396.76241   7.95426042E-002
    397.03598   7.88367852E-002
    397.30955   7.81372925E-002
    397.58312   7.74440728E-002
    397.85670   7.67570735E-002
    398.13027   7.60762421E-002
    398.40384   7.54015266E-002
    398.67741   7.47328752E-002
    398.95098   7.40702366E-002
    399.22455   7.34135597E-002
    399.49812   7.27627940E-002
    399.77169   7.21178892E-002
    400.04527   7.14787952E-002
    400.31884   7.08454626E-002
    400.59241   7.02178420E-002
    400.86598   6.95958846E-002
    401.13955   6.89795418E-002
    401.41312   6.83687654E-002
    401.68669   6.77635076E-002
    401.96026   6.71637208E-002
    402.23384   6.65693579E-002
    402.50741   6.59803721E-002
    402.78098   6.53967168E-002
    403.05455   6.48183459E-002
    403.32812   6.42452137E-002
    403.60169   6.36772746E-002
    403.87526   6.31144834E-002
    404.14884   6.25567955E-002
    404.42241   6.20041663E-002
    404.69598   6.14565517E-002
    404.96955   6.09139079E-002
    405.24312   6.03761915E-002
    405.51669   5.98433591E-002
    405.79026   5.93153681E-002
    406.06383   5.87921760E-002
    406.33741   5.82737405E-002
    406.61098   5.77600199E-002
    406.88455   5.72509725E-002
    407.15812   5.67465572E-002
    407.43169   5.62467331E-002
    407.70526   5.57514596E-002
    407.97883   5.52606965E-002
    408.25240   5.47744037E-002
    408.52598   5.42925417E-002
    408.79955   5.38150711E-002
    409.07312   5.33419529E-002
    409.34669   5.28731484E-002
    409.62026   5.24086192E-002
    409.89383   5.19483271E-002
    410.16740   5.14922345E-002
    410.44097   5.10403037E-002
    410.71455   5.05924976E-002
    410.98812   5.01487793E-002
    411.26169   4.97091121E-002
    411.53526   4.92734598E-002
    411.80883   4.88417863E-002
    412.08240   4.84140560E-002
    412.35597   4.79902332E-002
    412.62955   4.75702830E-002
    412.90312   4.71541704E-002
    413.17669   4.67418609E-002
    413.45026   4.63333201E-002
    413.72383   4.59285140E-002
    413.99740   4.55274089E-002
    414.27097   4.51299714E-002
    414.54454   4.47361681E-002
    414.81812   4.43459663E-002
    415.09169   4.39593333E-002
    415.36526   4.35762367E-002
    415.63883   4.31966443E-002
    415.91240   4.28205245E-002
    416.18597   4.24478456E-002
    416.45954   4.20785762E-002
    416.73311   4.17126854E-002
    417.00669   4.13501424E-002
    417.28026   4.09909167E-002
    417.55383   4.06349779E-002
    417.82740   4.02822962E-002
    418.10097   3.99328416E-002
    418.37454   3.95865848E-002
    418.64811   3.92434965E-002
    418.92169   3.89035477E-002
    419.19526   3.85667095E-002
    419.46883   3.82329536E-002
    419.74240   3.79022516E-002
    420.01597   3.75745755E-002
    420.28954   3.72498976E-002
    420.56311   3.69281902E-002
    420.83668   3.66094262E-002
    421.11026   3.62935783E-002
    421.38383   3.59806199E-002
    421.65740   3.56705242E-002
    421.93097   3.53632648E-002
    422.20454   3.50588158E-002
    422.47811   3.47571511E-002
    422.75168   3.44582450E-002
    423.02525   3.41620721E-002
    423.29883   3.38686071E-002
    423.57240   3.35778251E-002
    423.84597   3.32897011E-002
    424.11954   3.30042107E-002
    424.39311   3.27213294E-002
    424.66668   3.24410330E-002
    424.94025   3.21632977E-002
    425.21382   3.18880998E-002
    425.48740   3.16154156E-002
    425.76097   3.13452219E-002
    426.03454   3.10774955E-002
    426.30811   3.08122136E-002
    426.58168   3.05493535E-002
    426.85525   3.02888927E-002
    427.12882   3.00308088E-002
    427.40240   2.97750797E-002
    427.67597   2.95216837E-002
    427.94954   2.92705989E-002
    428.22311   2.90218039E-002
    428.49668   2.87752773E-002
    428.77025   2.85309980E-002
    429.04382   2.82889450E-002
    429.31739   2.80490977E-002
    429.59097   2.78114355E-002
    429.86454   2.75759380E-002
    430.13811   2.73425849E-002
    430.41168   2.71113563E-002
    430.68525   2.68822324E-002
    430.95882   2.66551935E-002
    431.23239   2.64302201E-002
    431.50596   2.62072930E-002
    431.77954   2.59863930E-002
    432.05311   2.57675012E-002
    432.32668   2.55505987E-002
    432.60025   2.53356671E-002
    432.87382   2.51226878E-002
    433.14739   2.49116427E-002
    433.42096   2.47025135E-002
    433.69454   2.44952824E-002
    433.96811   2.42899317E-002
    434.24168   2.40864436E-002
    434.51525   2.38848008E-002
    434.78882   2.36849860E-002
    435.06239   2.34869820E-002
    435.33596   2.32907719E-002
    435.60953   2.30963389E-002
    435.88311   2.29036662E-002
    436.15668   2.27127376E-002
    436.43025   2.25235364E-002
    436.70382   2.23360467E-002
    436.97739   2.21502523E-002
    437.25096   2.19661372E-002
    437.52453   2.17836859E-002
    437.79810   2.16028826E-002
    438.07168   2.14237119E-002
    438.34525   2.12461584E-002
    438.61882   2.10702071E-002
    438.89239   2.08958428E-002
    439.16596   2.07230507E-002
    439.43953   2.05518160E-002
    439.71310   2.03821241E-002
    439.98668   2.02139605E-002
    440.26025   2.00473108E-002
    440.53382   1.98821609E-002
    440.80739   1.97184966E-002
    441.08096   1.95563040E-002
    441.35453   1.93955693E-002
    441.62810   1.92362788E-002
    441.90167   1.90784189E-002
    442.17525   1.89219763E-002
    442.44882   1.87669375E-002
    442.72239   1.86132894E-002
    442.99596   1.84610189E-002
    443.26953   1.83101132E-002
    443.54310   1.81605593E-002
    443.81667   1.80123446E-002
    444.09024   1.78654565E-002
    444.36382   1.77198826E-002
    444.63739   1.75756104E-002
    444.91096   1.74326279E-002
    445.18453   1.72909228E-002
    445.45810   1.71504832E-002
    445.73167   1.70112972E-002
    446.00524   1.68733531E-002
    446.27881   1.67366390E-002
    446.55239   1.66011437E-002
    446.82596   1.64668554E-002
    447.09953   1.63337631E-002
    447.37310   1.62018553E-002
    447.64667   1.60711211E-002
    447.92024   1.59415493E-002
    448.19381   1.58131291E-002
    448.46739   1.56858497E-002
    448.74096   1.55597004E-002
    449.01453   1.54346706E-002
    449.28810   1.53107497E-002
    449.56167   1.51879274E-002
    449.83524   1.50661934E-002
    450.10881   1.49455374E-002
    450.38238   1.48259494E-002
    450.65596   1.47074194E-002
    450.92953   1.45899373E-002
    451.20310   1.44734935E-002
    451.47667   1.43580782E-002
    451.75024   1.42436818E-002
    452.02381   1.41302946E-002
    452.29738   1.40179073E-002
    452.57095   1.39065105E-002
    452.84453   1.37960950E-002
    453.11810   1.36866514E-002
    453.39167   1.35781708E-002
    453.66524   1.34706441E-002
    453.93881   1.33640625E-002
    454.21238   1.32584170E-002
    454.48595   1.31536989E-002
    454.75953   1.30498996E-002
    455.03310   1.29470104E-002
    455.30667   1.28450229E-002
    455.58024   1.27439286E-002
    455.85381   1.26437192E-002
    456.12738   1.25443864E-002
    456.40095   1.24459221E-002
    456.67452   1.23483180E-002
    456.94810   1.22515663E-002
    457.22167   1.21556590E-002
    457.49524   1.20605881E-002
    457.76881   1.19663458E-002
    458.04238   1.18729246E-002
    458.31595   1.17803166E-002
    458.58952   1.16885143E-002
    458.86309   1.15975103E-002
    459.13667   1.15072970E-002
    459.41024   1.14178672E-002
    459.68381   1.13292134E-002
    459.95738   1.12413286E-002
    460.23095   1.11542056E-002
    460.50452   1.10678372E-002
    460.77809   1.09822164E-002
    461.05167   1.08973364E-002
    461.32524   1.08131902E-002
    461.59881   1.07297710E-002
    461.87238   1.06470720E-002
    462.14595   1.05650866E-002
    462.41952   1.04838082E-002
    462.69309   1.04032302E-002
    462.96666   1.03233460E-002
    463.24024   1.02441494E-002
    463.51381   1.01656338E-002
    463.78738   1.00877930E-002
    464.06095   1.00106208E-002
    464.33452   9.93411089E-003
    464.60809   9.85825722E-003
    464.88166   9.78305370E-003
    465.15523   9.70849432E-003
    465.42881   9.63457312E-003
    465.70238   9.56128421E-003
    465.97595   9.48862175E-003
    466.24952   9.41657996E-003
    466.52309   9.34515310E-003
    466.79666   9.27433550E-003
    467.07023   9.20412155E-003
    467.34380   9.13450567E-003
    467.61738   9.06548236E-003
    467.89095   8.99704616E-003
    468.16452   8.92919167E-003
    468.43809   8.86191352E-003
    468.71166   8.79520641E-003
    468.98523   8.72906511E-003
    469.25880   8.66348439E-003
    469.53238   8.59845912E-003
    469.80595   8.53398419E-003
    470.07952   8.47005455E-003
    470.35309   8.40666519E-003
    470.62666   8.34381116E-003
    470.90023   8.28148755E-003
    471.17380   8.21968949E-003
    471.44737   8.15841219E-003
    471.72095   8.09765085E-003
    471.99452   8.03740077E-003
    472.26809   7.97765727E-003
    472.54166   7.91841570E-003
    472.81523   7.85967150E-003
    473.08880   7.80142011E-003
    473.36237   7.74365702E-003
    473.63594   7.68637780E-003
    473.90952   7.62957801E-003
    474.18309   7.57325329E-003
    474.45666   7.51739931E-003
    474.73023   7.46201179E-003
    475.00380   7.40708646E-003
    475.27737   7.35261914E-003
    475.55094   7.29860564E-003
    475.82452   7.24504185E-003
    476.09809   7.19192368E-003
    476.37166   7.13924707E-003
    476.64523   7.08700803E-003
    476.91880   7.03520259E-003
    477.19237   6.98382680E-003
    477.46594   6.93287678E-003
    477.73951   6.88234866E-003
    478.01309   6.83223863E-003
    478.28666   6.78254291E-003
    478.56023   6.73325774E-003
    478.83380   6.68437942E-003
    479.10737   6.63590427E-003
    479.38094   6.58782864E-003
    479.65451   6.54014893E-003
    479.92808   6.49286158E-003
    480.20166   6.44596304E-003
    480.47523   6.39944980E-003
    480.74880   6.35331841E-003
    481.02237   6.30756541E-003
    481.29594   6.26218742E-003
    481.56951   6.21718105E-003
    481.84308   6.17254296E-003
    482.11665   6.12826985E-003
    482.39023   6.08435845E-003
    482.66380   6.04080550E-003
    482.93737   5.99760780E-003
    483.21094   5.95476215E-003
    483.48451   5.91226542E-003
    483.75808   5.87011447E-003
    484.03165   5.82830621E-003
    484.30523   5.78683757E-003
    484.57880   5.74570553E-003
    484.85237   5.70490708E-003
    485.12594   5.66443924E-003
    485.39951   5.62429907E-003
    485.67308   5.58448363E-003
    485.94665   5.54499004E-003
    486.22022   5.50581544E-003
    486.49380   5.46695698E-003
    486.76737   5.42841186E-003
    487.04094   5.39017728E-003
    487.31451   5.35225050E-003
    487.58808   5.31462878E-003
    487.86165   5.27730942E-003
    488.13522   5.24028973E-003
    488.40879   5.20356705E-003
    488.68237   5.16713877E-003
    488.95594   5.13100227E-003
    489.22951   5.09515498E-003
    489.50308   5.05959434E-003
    489.77665   5.02431782E-003
    490.05022   4.98932290E-003
    490.32379   4.95460712E-003
    490.59737   4.92016800E-003
    490.87094   4.88600311E-003
    491.14451   4.85211004E-003
    491.41808   4.81848639E-003
    491.69165   4.78512980E-003
    491.96522   4.75203792E-003
    492.23879   4.71920843E-003
    492.51236   4.68663902E-003
    492.78594   4.65432741E-003
    493.05951   4.62227135E-003
    493.33308   4.59046859E-003
    493.60665   4.55891693E-003
    493.88022   4.52761416E-003
    494.15379   4.49655811E-003
    494.42736   4.46574663E-003
    494.70093   4.43517758E-003
    494.97451   4.40484884E-003
    495.24808   4.37475833E-003
    495.52165   4.34490396E-003
    495.79522   4.31528369E-003
    496.06879   4.28589548E-003
    496.34236   4.25673730E-003
    496.61593   4.22780717E-003
    496.88951   4.19910310E-003
    497.16308   4.17062313E-003
    497.43665   4.14236532E-003
    497.71022   4.11432774E-003
    497.98379   4.08650850E-003
    498.25736   4.05890570E-003
    498.53093   4.03151747E-003
    498.80450   4.00434195E-003
    499.07808   3.97737732E-003
    499.35165   3.95062175E-003
    499.62522   3.92407345E-003
    499.89879   3.89773062E-003
    500.17236   3.87159149E-003
    500.44593   3.84565433E-003
    500.71950   3.81991738E-003
    500.99307   3.79437894E-003
    501.26665   3.76903729E-003
    501.54022   3.74389076E-003
    501.81379   3.71893766E-003
    502.08736   3.69417635E-003
    502.36093   3.66960518E-003
    502.63450   3.64522253E-003
    502.90807   3.62102678E-003
    503.18164   3.59701634E-003
    503.45522   3.57318963E-003
    503.72879   3.54954508E-003
    504.00236   3.52608115E-003
    504.27593   3.50279628E-003
    504.54950   3.47968897E-003
    504.82307   3.45675770E-003
    505.09664   3.43400098E-003
    505.37022   3.41141733E-003
    505.64379   3.38900527E-003
    505.91736   3.36676335E-003
    506.19093   3.34469014E-003
    506.46450   3.32278421E-003
    506.73807   3.30104413E-003
    507.01164   3.27946852E-003
    507.28521   3.25805598E-003
    507.55879   3.23680513E-003
    507.83236   3.21571462E-003
    508.10593   3.19478310E-003
    508.37950   3.17400922E-003
    508.65307   3.15339166E-003
    508.92664   3.13292910E-003
    509.20021   3.11262025E-003
    509.47378   3.09246382E-003
    509.74736   3.07245852E-003
    510.02093   3.05260309E-003
    510.29450   3.03289628E-003
    510.56807   3.01333685E-003
    510.84164   2.99392356E-003
    511.11521   2.97465519E-003
    511.38878   2.95553053E-003
    511.66236   2.93654839E-003
    511.93593   2.91770757E-003
    512.20950   2.89900691E-003
    512.48307   2.88044523E-003
    512.75664   2.86202138E-003
    513.03021   2.84373422E-003
    513.30378   2.82558261E-003
    513.57735   2.80756542E-003
    513.85093   2.78968155E-003
    514.12450   2.77192989E-003
    514.39807   2.75430934E-003
    514.67164   2.73681883E-003
    514.94521   2.71945727E-003
    515.21878   2.70222361E-003
    515.49235   2.68511679E-003
    515.76592   2.66813577E-003
    516.03950   2.65127950E-003
    516.31307   2.63454697E-003
    516.58664   2.61793715E-003
    516.86021   2.60144904E-003
    517.13378   2.58508164E-003
    517.40735   2.56883396E-003
    517.68092   2.55270502E-003
    517.95449   2.53669385E-003
    518.22807   2.52079948E-003
    518.50164   2.50502096E-003
    518.77521   2.48935735E-003
    519.04878   2.47380770E-003
    519.32235   2.45837109E-003
    519.59592   2.44304659E-003
    519.86949   2.42783330E-003
    520.14307   2.41273031E-003
    520.41664   2.39773671E-003
    520.69021   2.38285164E-003
    520.96378   2.36807420E-003
    521.23735   2.35340352E-003
    521.51092   2.33883874E-003
    521.78449   2.32437900E-003
    522.05806   2.31002345E-003
    522.33164   2.29577124E-003
    522.60521   2.28162156E-003
    522.87878   2.26757356E-003
    523.15235   2.25362643E-003
    523.42592   2.23977936E-003
    523.69949   2.22603154E-003
    523.97306   2.21238217E-003
    524.24663   2.19883047E-003
    524.52021   2.18537564E-003
    524.79378   2.17201692E-003
    525.06735   2.15875353E-003
    525.34092   2.14558470E-003
    525.61449   2.13250969E-003
    525.88806   2.11952775E-003
    526.16163   2.10663812E-003
    526.43521   2.09384008E-003
    526.70878   2.08113289E-003
    526.98235   2.06851582E-003
    527.25592   2.05598817E-003
    527.52949   2.04354923E-003
    527.80306   2.03119828E-003
    528.07663   2.01893462E-003
    528.35020   2.00675757E-003
    528.62378   1.99466644E-003
    528.89735   1.98266055E-003
    529.17092   1.97073923E-003
    529.44449   1.95890180E-003
    529.71806   1.94714760E-003
    529.99163   1.93547598E-003
    530.26520   1.92388628E-003
    530.53877   1.91237786E-003
    530.81235   1.90095009E-003
    531.08592   1.88960232E-003
    531.35949   1.87833392E-003
    531.63306   1.86714428E-003
    531.90663   1.85603278E-003
    532.18020   1.84499880E-003
    532.45377   1.83404174E-003
    532.72735   1.82316099E-003
    533.00092   1.81235596E-003
    533.27449   1.80162605E-003
    533.54806   1.79097069E-003
    533.82163   1.78038928E-003
    534.09520   1.76988126E-003
    534.36877   1.75944604E-003
    534.64234   1.74908308E-003
    534.91592   1.73879179E-003
    535.18949   1.72857163E-003
    535.46306   1.71842205E-003
    535.73663   1.70834250E-003
    536.01020   1.69833243E-003
    536.28377   1.68839130E-003
    536.55734   1.67851860E-003
    536.83091   1.66871378E-003
    537.10449   1.65897632E-003
    537.37806   1.64930570E-003
    537.65163   1.63970141E-003
    537.92520   1.63016294E-003
    538.19877   1.62068978E-003
    538.47234   1.61128142E-003
    538.74591   1.60193738E-003
    539.01948   1.59265715E-003
    539.29306   1.58344026E-003
    539.56663   1.57428620E-003
    539.84020   1.56519451E-003
    540.11377   1.55616470E-003
    540.38734   1.54719631E-003
    540.66091   1.53828886E-003
    540.93448   1.52944189E-003
    541.20806   1.52065494E-003
    541.48163   1.51192755E-003
    541.75520   1.50325926E-003
    542.02877   1.49464964E-003
    542.30234   1.48609822E-003
    542.57591   1.47760458E-003
    542.84948   1.46916828E-003
    543.12305   1.46078887E-003
    543.39663   1.45246593E-003
    543.67020   1.44419904E-003
    543.94377   1.43598776E-003
    544.21734   1.42783168E-003
    544.49091   1.41973038E-003
    544.76448   1.41168345E-003
    545.03805   1.40369049E-003
    545.31162   1.39575107E-003
    545.58520   1.38786481E-003
    545.85877   1.38003130E-003
    546.13234   1.37225015E-003
    546.40591   1.36452096E-003
    546.67948   1.35684335E-003
    546.95305   1.34921692E-003
    547.22662   1.34164130E-003
    547.50020   1.33411611E-003
    547.77377   1.32664097E-003
    548.04734   1.31921550E-003
    548.32091   1.31183934E-003
    548.59448   1.30451213E-003
    548.86805   1.29723348E-003
    549.14162   1.29000305E-003
    549.41519   1.28282048E-003
    549.68877   1.27568541E-003
    549.96234   1.26859748E-003
    550.23591   1.26155636E-003
    550.50948   1.25456169E-003
    550.78305   1.24761313E-003
    551.05662   1.24071034E-003
    551.33019   1.23385298E-003
    551.60376   1.22704072E-003
    551.87734   1.22027322E-003
    552.15091   1.21355015E-003
    552.42448   1.20687119E-003
    552.69805   1.20023602E-003
    552.97162   1.19364431E-003
    553.24519   1.18709574E-003
    553.51876   1.18058999E-003
    553.79234   1.17412676E-003
    554.06591   1.16770573E-003
    554.33948   1.16132659E-003
    554.61305   1.15498904E-003
    554.88662   1.14869277E-003
    555.16019   1.14243749E-003
    555.43376   1.13622289E-003
    555.70733   1.13004867E-003
    555.98091   1.12391455E-003
    556.25448   1.11782023E-003
    556.52805   1.11176542E-003
    556.80162   1.10574984E-003
    557.07519   1.09977319E-003
    557.34876   1.09383521E-003
    557.62233   1.08793561E-003
    557.89590   1.08207411E-003
    558.16948   1.07625043E-003
    558.44305   1.07046431E-003
    558.71662   1.06471547E-003
    558.99019   1.05900364E-003
    559.26376   1.05332856E-003
    559.53733   1.04768997E-003
    559.81090   1.04208759E-003
    560.08447   1.03652117E-003
    560.35805   1.03099046E-003
    560.63162   1.02549519E-003
    560.90519   1.02003511E-003
    561.17876   1.01460997E-003
    561.45233   1.00921952E-003
    561.72590   1.00386352E-003
    561.99947   9.98541706E-004
    562.27305   9.93253846E-004
    562.54662   9.87999697E-004
    562.82019   9.82779017E-004
    563.09376   9.77591568E-004
    563.36733   9.72437114E-004
    563.64090   9.67315420E-004
    563.91447   9.62226254E-004
    564.18804   9.57169385E-004
    564.46162   9.52144584E-004
    564.73519   9.47151624E-004
    565.00876   9.42190280E-004
    565.28233   9.37260327E-004
    565.55590   9.32361545E-004
    565.82947   9.27493713E-004
    566.10304   9.22656613E-004
    566.37661   9.17850028E-004
    566.65019   9.13073743E-004
    566.92376   9.08327546E-004
    567.19733   9.03611224E-004
    567.47090   8.98924568E-004
    567.74447   8.94267370E-004
    568.01804   8.89639423E-004
    568.29161   8.85040521E-004
    568.56519   8.80470462E-004
    568.83876   8.75929045E-004
    569.11233   8.71416068E-004
    569.38590   8.66931332E-004
    569.65947   8.62474642E-004
    569.93304   8.58045802E-004
    570.20661   8.53644616E-004
    570.48018   8.49270894E-004
    570.75376   8.44924443E-004
    571.02733   8.40605075E-004
    571.30090   8.36312601E-004
    571.57447   8.32046835E-004
    571.84804   8.27807591E-004
    572.12161   8.23594685E-004
    572.39518   8.19407937E-004
    572.66875   8.15247163E-004
    572.94233   8.11112186E-004
    573.21590   8.07002827E-004
    573.48947   8.02918908E-004
    573.76304   7.98860256E-004
    574.03661   7.94826695E-004
    574.31018   7.90818053E-004
    574.58375   7.86834159E-004
    574.85732   7.82874842E-004
    575.13090   7.78939934E-004
    575.40447   7.75029267E-004
    575.67804   7.71142676E-004
    575.95161   7.67279995E-004
    576.22518   7.63441060E-004
    576.49875   7.59625710E-004
    576.77232   7.55833783E-004
    577.04590   7.52065119E-004
    577.31947   7.48319559E-004
    577.59304   7.44596946E-004
    577.86661   7.40897124E-004
    578.14018   7.37219937E-004
    578.41375   7.33565232E-004
    578.68732   7.29932856E-004
    578.96089   7.26322657E-004
    579.23447   7.22734484E-004
    579.50804   7.19168189E-004
    579.78161   7.15623623E-004
    580.05518   7.12100639E-004
    580.32875   7.08599091E-004
    580.60232   7.05118834E-004
    580.87589   7.01659725E-004
    581.14946   6.98221621E-004
    581.42304   6.94804380E-004
    581.69661   6.91407861E-004
    581.97018   6.88031925E-004
    582.24375   6.84676435E-004
    582.51732   6.81341251E-004
    582.79089   6.78026238E-004
    583.06446   6.74731261E-004
    583.33804   6.71456185E-004
    583.61161   6.68200876E-004
    583.88518   6.64965203E-004
    584.15875   6.61749034E-004
    584.43232   6.58552239E-004
    584.70589   6.55374688E-004
    584.97946   6.52216253E-004
    585.25303   6.49076806E-004
    585.52661   6.45956221E-004
    585.80018   6.42854373E-004
    586.07375   6.39771135E-004
    586.34732   6.36706386E-004
    586.62089   6.33660001E-004
    586.89446   6.30631859E-004
    587.16803   6.27621839E-004
    587.44160   6.24629822E-004
    587.71518   6.21655686E-004
    587.98875   6.18699315E-004
    588.26232   6.15760591E-004
    588.53589   6.12839396E-004
    588.80946   6.09935616E-004
    589.08303   6.07049136E-004
    589.35660   6.04179840E-004
    589.63018   6.01327617E-004
    589.90375   5.98492354E-004
    590.17732   5.95673938E-004
    590.45089   5.92872260E-004
    590.72446   5.90087210E-004
    590.99803   5.87318677E-004
    591.27160   5.84566555E-004
    591.54517   5.81830734E-004
    591.81875   5.79111110E-004
    592.09232   5.76407575E-004
    592.36589   5.73720024E-004
    592.63946   5.71048353E-004
    592.91303   5.68392458E-004
    593.18660   5.65752236E-004
    593.46017   5.63127585E-004
    593.73374   5.60518404E-004
    594.00732   5.57924591E-004
    594.28089   5.55346048E-004
    594.55446   5.52782673E-004
    594.82803   5.50234370E-004
    595.10160   5.47701040E-004
    595.37517   5.45182586E-004
    595.64874   5.42678911E-004
    595.92231   5.40189920E-004
    596.19589   5.37715518E-004
    596.46946   5.35255610E-004
    596.74303   5.32810102E-004
    597.01660   5.30378903E-004
    597.29017   5.27961918E-004
    597.56374   5.25559057E-004
    597.83731   5.23170229E-004
    598.11089   5.20795342E-004
    598.38446   5.18434308E-004
    598.65803   5.16087037E-004
    598.93160   5.13753442E-004
    599.20517   5.11433433E-004
    599.47874   5.09126924E-004
    599.75231   5.06833828E-004
    600.02588   5.04554059E-004
    600.29946   5.02287532E-004
    600.57303   5.00034162E-004
    600.84660   4.97793865E-004
    601.12017   4.95566558E-004
    601.39374   4.93352157E-004
    601.66731   4.91150580E-004
    601.94088   4.88961746E-004
    602.21445   4.86785572E-004
    602.48803   4.84621979E-004
    602.76160   4.82470886E-004
    603.03517   4.80332214E-004
    603.30874   4.78205884E-004
    603.58231   4.76091818E-004
    603.85588   4.73989937E-004
    604.12945   4.71900165E-004
    604.40303   4.69822424E-004
    604.67660   4.67756639E-004
    604.95017   4.65702733E-004
    605.22374   4.63660632E-004
    605.49731   4.61630261E-004
    605.77088   4.59611546E-004
    606.04445   4.57604414E-004
    606.31802   4.55608790E-004
    606.59160   4.53624604E-004
    606.86517   4.51651782E-004
    607.13874   4.49690253E-004
    607.41231   4.47739946E-004
    607.68588   4.45800791E-004
    607.95945   4.43872717E-004
    608.23302   4.41955655E-004
    608.50659   4.40049536E-004
    608.78017   4.38154291E-004
    609.05374   4.36269852E-004
    609.32731   4.34396152E-004
    609.60088   4.32533122E-004
    609.87445   4.30680698E-004
    610.14802   4.28838811E-004
    610.42159   4.27007397E-004
    610.69516   4.25186389E-004
    610.96874   4.23375724E-004
    611.24231   4.21575337E-004
    611.51588   4.19785163E-004
    611.78945   4.18005139E-004
    612.06302   4.16235202E-004
    612.33659   4.14475290E-004
    612.61016   4.12725339E-004
    612.88374   4.10985288E-004
    613.15731   4.09255076E-004
    613.43088   4.07534642E-004
    613.70445   4.05823925E-004
    613.97802   4.04122864E-004
    614.25159   4.02431401E-004
    614.52516   4.00749476E-004
    614.79873   3.99077029E-004
    615.07231   3.97414003E-004
    615.34588   3.95760339E-004
    615.61945   3.94115979E-004
    615.89302   3.92480866E-004
    616.16659   3.90854943E-004
    616.44016   3.89238154E-004
    616.71373   3.87630442E-004
    616.98730   3.86031751E-004
    617.26088   3.84442026E-004
    617.53445   3.82861213E-004
    617.80802   3.81289255E-004
    618.08159   3.79726100E-004
    618.35516   3.78171692E-004
    618.62873   3.76625979E-004
    618.90230   3.75088907E-004
    619.17588   3.73560423E-004
    619.44945   3.72040475E-004
    619.72302   3.70529011E-004
    619.99659   3.69025978E-004
    620.27016   3.67531325E-004
    620.54373   3.66045002E-004
    620.81730   3.64566957E-004
    621.09087   3.63097140E-004
    621.36445   3.61635501E-004
    621.63802   3.60181991E-004
    621.91159   3.58736558E-004
    622.18516   3.57299156E-004
    622.45873   3.55869734E-004
    622.73230   3.54448244E-004
    623.00587   3.53034639E-004
    623.27944   3.51628870E-004
    623.55302   3.50230891E-004
    623.82659   3.48840652E-004
    624.10016   3.47458109E-004
    624.37373   3.46083214E-004
    624.64730   3.44715922E-004
    624.92087   3.43356185E-004
    625.19444   3.42003959E-004
    625.46802   3.40659199E-004
    625.74159   3.39321859E-004
    626.01516   3.37991894E-004
    626.28873   3.36669260E-004
    626.56230   3.35353913E-004
    626.83587   3.34045810E-004
    627.10944   3.32744906E-004
    627.38301   3.31451158E-004
    627.65659   3.30164523E-004
    627.93016   3.28884959E-004
    628.20373   3.27612424E-004
    628.47730   3.26346874E-004
    628.75087   3.25088269E-004
    629.02444   3.23836566E-004
    629.29801   3.22591724E-004
    629.57158   3.21353703E-004
    629.84516   3.20122461E-004
    630.11873   3.18897958E-004
    630.39230   3.17680154E-004
    630.66587   3.16469008E-004
    630.93944   3.15264482E-004
    631.21301   3.14066535E-004
    631.48658   3.12875129E-004
    631.76015   3.11690223E-004
    632.03373   3.10511781E-004
    632.30730   3.09339763E-004
    632.58087   3.08174130E-004
    632.85444   3.07014846E-004
    633.12801   3.05861873E-004
    633.40158   3.04715172E-004
    633.67515   3.03574707E-004
    633.94873   3.02440441E-004
    634.22230   3.01312337E-004
    634.49587   3.00190358E-004
    634.76944   2.99074469E-004
    635.04301   2.97964633E-004
    635.31658   2.96860814E-004
    635.59015   2.95762977E-004
    635.86372   2.94671087E-004
    636.13730   2.93585109E-004
    636.41087   2.92505007E-004
    636.68444   2.91430747E-004
    636.95801   2.90362294E-004
    637.23158   2.89299615E-004
    637.50515   2.88242675E-004
    637.77872   2.87191441E-004
    638.05229   2.86145879E-004
    638.32587   2.85105955E-004
    638.59944   2.84071637E-004
    638.87301   2.83042892E-004
    639.14658   2.82019686E-004
    639.42015   2.81001988E-004
    639.69372   2.79989765E-004
    639.96729   2.78982985E-004
    640.24087   2.77981616E-004
    640.51444   2.76985627E-004
    640.78801   2.75994986E-004
    641.06158   2.75009661E-004
    641.33515   2.74029622E-004
    641.60872   2.73054838E-004
    641.88229   2.72085279E-004
    642.15586   2.71120912E-004
    642.42944   2.70161710E-004
    642.70301   2.69207640E-004
    642.97658   2.68258674E-004
    643.25015   2.67314781E-004
    643.52372   2.66375933E-004
    643.79729   2.65442099E-004
    644.07086   2.64513251E-004
    644.34443   2.63589359E-004
    644.61801   2.62670396E-004
    644.89158   2.61756331E-004
    645.16515   2.60847138E-004
    645.43872   2.59942786E-004
    645.71229   2.59043250E-004
    645.98586   2.58148500E-004
    646.25943   2.57258508E-004
    646.53301   2.56373248E-004
    646.80658   2.55492692E-004
    647.08015   2.54616813E-004
    647.35372   2.53745584E-004
    647.62729   2.52878977E-004
    647.90086   2.52016966E-004
    648.17443   2.51159525E-004
    648.44800   2.50306627E-004
    648.72158   2.49458247E-004
    648.99515   2.48614357E-004
    649.26872   2.47774932E-004
    649.54229   2.46939947E-004
    649.81586   2.46109376E-004
    650.08943   2.45283193E-004
    650.36300   2.44461374E-004
    650.63657   2.43643892E-004
    650.91015   2.42830724E-004
    651.18372   2.42021845E-004
    651.45729   2.41217229E-004
    651.73086   2.40416853E-004
    652.00443   2.39620692E-004
    652.27800   2.38828722E-004
    652.55157   2.38040918E-004
    652.82514   2.37257258E-004
    653.09872   2.36477718E-004
    653.37229   2.35702273E-004
    653.64586   2.34930900E-004
    653.91943   2.34163577E-004
    654.19300   2.33400280E-004
    654.46657   2.32640985E-004
    654.74014   2.31885671E-004
    655.01372   2.31134314E-004
    655.28729   2.30386893E-004
    655.56086   2.29643383E-004
    655.83443   2.28903764E-004
    656.10800   2.28168013E-004
    656.38157   2.27436108E-004
    656.65514   2.26708027E-004
    656.92871   2.25983749E-004
    657.20229   2.25263251E-004
    657.47586   2.24546513E-004
    657.74943   2.23833512E-004
    658.02300   2.23124228E-004
    658.29657   2.22418640E-004
    658.57014   2.21716727E-004
    658.84371   2.21018467E-004
    659.11728   2.20323841E-004
    659.39086   2.19632827E-004
    659.66443   2.18945405E-004
    659.93800   2.18261555E-004
    660.21157   2.17581256E-004
    660.48514   2.16904489E-004
    660.75871   2.16231234E-004
    661.03228   2.15561470E-004
    661.30586   2.14895178E-004
    661.57943   2.14232339E-004
    661.85300   2.13572932E-004
    662.12657   2.12916939E-004
    662.40014   2.12264341E-004
    662.67371   2.11615117E-004
    662.94728   2.10969250E-004
    663.22085   2.10326720E-004
    663.49443   2.09687508E-004
    663.76800   2.09051596E-004
    664.04157   2.08418966E-004
    664.31514   2.07789598E-004
    664.58871   2.07163474E-004
    664.86228   2.06540577E-004
    665.13585   2.05920888E-004
    665.40942   2.05304389E-004
    665.68300   2.04691063E-004
    665.95657   2.04080890E-004
    666.23014   2.03473855E-004
    666.50371   2.02869939E-004
    666.77728   2.02269124E-004
    667.05085   2.01671394E-004
    667.32442   2.01076731E-004
    667.59799   2.00485117E-004
    667.87157   1.99896537E-004
    668.14514   1.99310972E-004
    668.41871   1.98728407E-004
    668.69228   1.98148824E-004
    668.96585   1.97572207E-004
    669.23942   1.96998538E-004
    669.51299   1.96427803E-004
    669.78657   1.95859983E-004
    670.06014   1.95295064E-004
    670.33371   1.94733029E-004
    670.60728   1.94173861E-004
    670.88085   1.93617546E-004
    671.15442   1.93064066E-004
    671.42799   1.92513407E-004
    671.70156   1.91965552E-004
    671.97514   1.91420486E-004
    672.24871   1.90878193E-004
    672.52228   1.90338659E-004
    672.79585   1.89801867E-004
    673.06942   1.89267802E-004
    673.34299   1.88736450E-004
    673.61656   1.88207796E-004
    673.89013   1.87681824E-004
    674.16371   1.87158519E-004
    674.43728   1.86637867E-004
    674.71085   1.86119853E-004
    674.98442   1.85604462E-004
    675.25799   1.85091680E-004
    675.53156   1.84581493E-004
    675.80513   1.84073886E-004
    676.07871   1.83568844E-004
    676.35228   1.83066355E-004
    676.62585   1.82566403E-004
    676.89942   1.82068974E-004
    677.17299   1.81574055E-004
    677.44656   1.81081632E-004
    677.72013   1.80591691E-004
    677.99370   1.80104218E-004
    678.26728   1.79619200E-004
    678.54085   1.79136623E-004
    678.81442   1.78656474E-004
    679.08799   1.78178739E-004
    679.36156   1.77703405E-004
    679.63513   1.77230459E-004
    679.90870   1.76759888E-004
    680.18227   1.76291679E-004
    680.45585   1.75825818E-004
    680.72942   1.75362293E-004
    681.00299   1.74901091E-004
    681.27656   1.74442199E-004
    681.55013   1.73985605E-004
    681.82370   1.73531295E-004
    682.09727   1.73079258E-004
    682.37085   1.72629481E-004
    682.64442   1.72181951E-004
    682.91799   1.71736657E-004
    683.19156   1.71293585E-004
    683.46513   1.70852724E-004
    683.73870   1.70414062E-004
    684.01227   1.69977587E-004
    684.28584   1.69543286E-004
    684.55942   1.69111148E-004
    684.83299   1.68681161E-004
    685.10656   1.68253313E-004
    685.38013   1.67827593E-004
    685.65370   1.67403989E-004
    685.92727   1.66982489E-004
    686.20084   1.66563081E-004
    686.47441   1.66145756E-004
    686.74799   1.65730500E-004
    687.02156   1.65317303E-004
    687.29513   1.64906153E-004
    687.56870   1.64497041E-004
    687.84227   1.64089953E-004
    688.11584   1.63684879E-004
    688.38941   1.63281809E-004
    688.66298   1.62880732E-004
    688.93656   1.62481635E-004
    689.21013   1.62084510E-004
    689.48370   1.61689345E-004
    689.75727   1.61296129E-004
    690.03084   1.60904852E-004
    690.30441   1.60515503E-004
    690.57798   1.60128072E-004
    690.85156   1.59742548E-004
    691.12513   1.59358922E-004
    691.39870   1.58977182E-004
    691.67227   1.58597319E-004
    691.94584   1.58219322E-004
    692.21941   1.57843181E-004
    692.49298   1.57468886E-004
    692.76655   1.57096428E-004
    693.04013   1.56725795E-004
    693.31370   1.56356979E-004
    693.58727   1.55989970E-004
    693.86084   1.55624757E-004
    694.13441   1.55261331E-004
    694.40798   1.54899683E-004
    694.68155   1.54539802E-004
    694.95512   1.54181679E-004
    695.22870   1.53825305E-004
    695.50227   1.53470671E-004
    695.77584   1.53117766E-004
    696.04941   1.52766581E-004
    696.32298   1.52417108E-004
    696.59655   1.52069336E-004
    696.87012   1.51723258E-004
    697.14370   1.51378863E-004
    697.41727   1.51036142E-004
    697.69084   1.50695087E-004
    697.96441   1.50355689E-004
    698.23798   1.50017938E-004
    698.51155   1.49681826E-004
    698.78512   1.49347344E-004
    699.05869   1.49014483E-004
    699.33227   1.48683235E-004
    699.60584   1.48353590E-004
    699.87941   1.48025540E-004
    700.15298   1.47699077E-004
    700.42655   1.47374192E-004
    700.70012   1.47050877E-004
    700.97369   1.46729123E-004
    701.24726   1.46408921E-004
    701.52084   1.46090264E-004
    701.79441   1.45773143E-004
    702.06798   1.45457549E-004
    702.34155   1.45143476E-004
    702.61512   1.44830914E-004
    702.88869   1.44519855E-004
    703.16226   1.44210291E-004
    703.43583   1.43902215E-004
    703.70941   1.43595619E-004
    703.98298   1.43290493E-004
    704.25655   1.42986832E-004
    704.53012   1.42684626E-004
    704.80369   1.42383867E-004
    705.07726   1.42084549E-004
    705.35083   1.41786664E-004
    705.62441   1.41490203E-004
    705.89798   1.41195160E-004
    706.17155   1.40901526E-004
    706.44512   1.40609294E-004
    706.71869   1.40318456E-004
    706.99226   1.40029006E-004
    707.26583   1.39740936E-004
    707.53940   1.39454238E-004
    707.81298   1.39168905E-004
    708.08655   1.38884929E-004
    708.36012   1.38602304E-004
    708.63369   1.38321023E-004
    708.90726   1.38041077E-004
    709.18083   1.37762461E-004
    709.45440   1.37485166E-004
    709.72797   1.37209186E-004
    710.00155   1.36934514E-004
    710.27512   1.36661143E-004
    710.54869   1.36389066E-004
    710.82226   1.36118276E-004
    711.09583   1.35848767E-004
    711.36940   1.35580530E-004
    711.64297   1.35313561E-004
    711.91655   1.35047851E-004
    712.19012   1.34783394E-004
    712.46369   1.34520184E-004
    712.73726   1.34258214E-004
    713.01083   1.33997477E-004
    713.28440   1.33737967E-004
    713.55797   1.33479677E-004
    713.83154   1.33222601E-004
    714.10512   1.32966732E-004
    714.37869   1.32712064E-004
    714.65226   1.32458590E-004
    714.92583   1.32206305E-004
    715.19940   1.31955202E-004
    715.47297   1.31705274E-004
    715.74654   1.31456515E-004
    716.02011   1.31208920E-004
    716.29369   1.30962482E-004
    716.56726   1.30717195E-004
    716.84083   1.30473052E-004
    717.11440   1.30230048E-004
    717.38797   1.29988177E-004
    717.66154   1.29747433E-004
    717.93511   1.29507809E-004
    718.20869   1.29269300E-004
    718.48226   1.29031900E-004
    718.75583   1.28795603E-004
    719.02940   1.28560403E-004
    719.30297   1.28326294E-004
    719.57654   1.28093271E-004
    719.85011   1.27861328E-004
    720.12368   1.27630459E-004
    720.39726   1.27400659E-004
    720.67083   1.27171921E-004
    720.94440   1.26944241E-004
    721.21797   1.26717612E-004
    721.49154   1.26492030E-004
    721.76511   1.26267488E-004
    722.03868   1.26043981E-004
    722.31225   1.25821503E-004
    722.58583   1.25600050E-004
    722.85940   1.25379616E-004
    723.13297   1.25160195E-004
    723.40654   1.24941782E-004
    723.68011   1.24724371E-004
    723.95368   1.24507959E-004
    724.22725   1.24292538E-004
    724.50082   1.24078105E-004
    724.77440   1.23864653E-004
    725.04797   1.23652177E-004
    725.32154   1.23440674E-004
    725.59511   1.23230136E-004
    725.86868   1.23020560E-004
    726.14225   1.22811940E-004
    726.41582   1.22604271E-004
    726.68940   1.22397548E-004
    726.96297   1.22191767E-004
    727.23654   1.21986921E-004
    727.51011   1.21783007E-004
    727.78368   1.21580020E-004
    728.05725   1.21377954E-004
    728.33082   1.21176804E-004
    728.60439   1.20976567E-004
    728.87797   1.20777237E-004
    729.15154   1.20578808E-004
    729.42511   1.20381278E-004
    729.69868   1.20184640E-004
    729.97225   1.19988891E-004
    730.24582   1.19794025E-004
    730.51939   1.19600038E-004
    730.79296   1.19406925E-004
    731.06654   1.19214682E-004
    731.34011   1.19023304E-004
    731.61368   1.18832786E-004
    731.88725   1.18643125E-004
    732.16082   1.18454315E-004
    732.43439   1.18266352E-004
    732.70796   1.18079232E-004
    732.98154   1.17892950E-004
    733.25511   1.17707502E-004
    733.52868   1.17522884E-004
    733.80225   1.17339090E-004
    734.07582   1.17156118E-004
    734.34939   1.16973962E-004
    734.62296   1.16792618E-004
    734.89653   1.16612082E-004
    735.17011   1.16432350E-004
    735.44368   1.16253418E-004
    735.71725   1.16075281E-004
    735.99082   1.15897935E-004
    736.26439   1.15721376E-004
    736.53796   1.15545600E-004
    736.81153   1.15370603E-004
    737.08510   1.15196381E-004
    737.35868   1.15022929E-004
    737.63225   1.14850245E-004
    737.90582   1.14678323E-004
    738.17939   1.14507159E-004
    738.45296   1.14336751E-004
    738.72653   1.14167093E-004
    739.00010   1.13998182E-004
    739.27368   1.13830014E-004
    739.54725   1.13662585E-004
    739.82082   1.13495892E-004
    740.09439   1.13329929E-004
    740.36796   1.13164695E-004
    740.64153   1.13000184E-004
    740.91510   1.12836393E-004
    741.18867   1.12673319E-004
    741.46225   1.12510957E-004
    741.73582   1.12349303E-004
    742.00939   1.12188355E-004
    742.28296   1.12028109E-004
    742.55653   1.11868560E-004
    742.83010   1.11709705E-004
    743.10367   1.11551541E-004
    743.37724   1.11394063E-004
    743.65082   1.11237269E-004
    743.92439   1.11081155E-004
    744.19796   1.10925717E-004
    744.47153   1.10770952E-004
    744.74510   1.10616855E-004
    745.01867   1.10463425E-004
    745.29224   1.10310657E-004
    745.56581   1.10158548E-004
    745.83939   1.10007094E-004
    746.11296   1.09856292E-004
    746.38653   1.09706138E-004
    746.66010   1.09556630E-004
    746.93367   1.09407763E-004
    747.20724   1.09259536E-004
    747.48081   1.09111943E-004
    747.75439   1.08964982E-004
    748.02796   1.08818650E-004
    748.30153   1.08672943E-004
    748.57510   1.08527858E-004
    748.84867   1.08383392E-004
    749.12224   1.08239541E-004
    749.39581   1.08096303E-004
    749.66938   1.07953674E-004
    749.94296   1.07811651E-004
    750.21653   1.07670231E-004
    750.49010   1.07529411E-004
    750.76367   1.07389188E-004
    751.03724   1.07249558E-004
    751.31081   1.07110519E-004
    751.58438   1.06972067E-004
    751.85795   1.06834199E-004
    752.13153   1.06696913E-004
    752.40510   1.06560205E-004
    752.67867   1.06424072E-004
    752.95224   1.06288512E-004
    753.22581   1.06153521E-004
    753.49938   1.06019096E-004
    753.77295   1.05885235E-004
    754.04653   1.05751934E-004
    754.32010   1.05619191E-004
    754.59367   1.05487003E-004
    754.86724   1.05355367E-004
    755.14081   1.05224279E-004
    755.41438   1.05093738E-004
    755.68795   1.04963740E-004
    755.96152   1.04834282E-004
    756.23510   1.04705363E-004
    756.50867   1.04576978E-004
    756.78224   1.04449125E-004
    757.05581   1.04321802E-004
    757.32938   1.04195005E-004
    757.60295   1.04068732E-004
    757.87652   1.03942981E-004
    758.15009   1.03817747E-004
    758.42367   1.03693030E-004
    758.69724   1.03568826E-004
    758.97081   1.03445132E-004
    759.24438   1.03321946E-004
    759.51795   1.03199265E-004
    759.79152   1.03077087E-004
    760.06509   1.02955409E-004
    760.33866   1.02834228E-004
    760.61224   1.02713542E-004
    760.88581   1.02593349E-004
    761.15938   1.02473645E-004
    761.43295   1.02354428E-004
    761.70652   1.02235696E-004
    761.98009   1.02117446E-004
    762.25366   1.01999675E-004
    762.52724   1.01882382E-004
    762.80081   1.01765564E-004
    763.07438   1.01649217E-004
    763.34795   1.01533341E-004
    763.62152   1.01417932E-004
    763.89509   1.01302988E-004
    764.16866   1.01188506E-004
    764.44223   1.01074485E-004
    764.71581   1.00960921E-004
    764.98938   1.00847813E-004
    765.26295   1.00735158E-004
    765.53652   1.00622953E-004
    765.81009   1.00511197E-004
    766.08366   1.00399887E-004
    766.35723   1.00289021E-004
    766.63080   1.00178596E-004
    766.90438   1.00068611E-004
    767.17795   9.99590618E-005
    767.45152   9.98499478E-005
    767.72509   9.97412662E-005
    767.99866   9.96330148E-005
    768.27223   9.95251913E-005
    768.54580   9.94177936E-005
    768.81938   9.93108195E-005
    769.09295   9.92042667E-005
    769.36652   9.90981331E-005
    769.64009   9.89924165E-005
    769.91366   9.88871147E-005
    770.18723   9.87822258E-005
    770.46080   9.86777474E-005
    770.73437   9.85736774E-005
    771.00795   9.84700139E-005
    771.28152   9.83667546E-005
    771.55509   9.82638975E-005
    771.82866   9.81614405E-005
    772.10223   9.80593816E-005
    772.37580   9.79577186E-005
    772.64937   9.78564496E-005
    772.92294   9.77555725E-005
    773.19652   9.76550853E-005
    773.47009   9.75549860E-005
    773.74366   9.74552726E-005
    774.01723   9.73559430E-005
    774.29080   9.72569954E-005
    774.56437   9.71584277E-005
    774.83794   9.70602380E-005
    775.11152   9.69624243E-005
    775.38509   9.68649847E-005
    775.65866   9.67679172E-005
    775.93223   9.66712200E-005
    776.20580   9.65748911E-005
    776.47937   9.64789287E-005
    776.75294   9.63833308E-005
    777.02651   9.62880956E-005
    777.30009   9.61932212E-005
    777.57366   9.60987057E-005
    777.84723   9.60045473E-005
    778.12080   9.59107441E-005
    778.39437   9.58172944E-005
    778.66794   9.57241962E-005
    778.94151   9.56314479E-005
    779.21508   9.55390475E-005
    779.48866   9.54469933E-005
    779.76223   9.53552835E-005
    780.03580   9.52639163E-005
    780.30937   9.51728900E-005
    780.58294   9.50822028E-005
    780.85651   9.49918529E-005
    781.13008   9.49018387E-005
    781.40365   9.48121584E-005
    781.67723   9.47228102E-005
    781.95080   9.46337925E-005
    782.22437   9.45451036E-005
    782.49794   9.44567417E-005
    782.77151   9.43687052E-005
    783.04508   9.42809925E-005
    783.31865   9.41936017E-005
    783.59223   9.41065314E-005
    783.86580   9.40197798E-005
    784.13937   9.39333452E-005
    784.41294   9.38472261E-005
    784.68651   9.37614209E-005
    784.96008   9.36759279E-005
    785.23365   9.35907455E-005
    785.50722   9.35058721E-005
    785.78080   9.34213061E-005
    786.05437   9.33370460E-005
    786.32794   9.32530901E-005
    786.60151   9.31694369E-005
    786.87508   9.30860849E-005
    787.14865   9.30030324E-005
    787.42222   9.29202780E-005
    787.69579   9.28378201E-005
    787.96937   9.27556573E-005
    788.24294   9.26737878E-005
    788.51651   9.25922104E-005
    788.79008   9.25109234E-005
    789.06365   9.24299253E-005
    789.33722   9.23492148E-005
    789.61079   9.22687902E-005
    789.88437   9.21886502E-005
    790.15794   9.21087932E-005
    790.43151   9.20292179E-005
    790.70508   9.19499227E-005
    790.97865   9.18709062E-005
    791.25222   9.17921670E-005
    791.52579   9.17137036E-005
    791.79936   9.16355147E-005
    792.07294   9.15575989E-005
    792.34651   9.14799546E-005
    792.62008   9.14025806E-005
    792.89365   9.13254754E-005
    793.16722   9.12486376E-005
    793.44079   9.11720660E-005
    793.71436   9.10957590E-005
    793.98793   9.10197154E-005
    794.26151   9.09439338E-005
    794.53508   9.08684128E-005
    794.80865   9.07931512E-005
    795.08222   9.07181475E-005
    795.35579   9.06434005E-005
    795.62936   9.05689088E-005
    795.90293   9.04946711E-005
    796.17650   9.04206861E-005
    796.45008   9.03469525E-005
    796.72365   9.02734691E-005
    796.99722   9.02002344E-005
    797.27079   9.01272474E-005
    797.54436   9.00545066E-005
    797.81793   8.99820108E-005
    798.09150   8.99097588E-005
    798.36508   8.98377492E-005
    798.63865   8.97659810E-005
    798.91222   8.96944527E-005
    799.18579   8.96231632E-005
    799.45936   8.95521113E-005
    799.73293   8.94812957E-005
    800.00650   8.94107153E-005
    800.28007   8.93403687E-005
    800.55365   8.92702548E-005
    800.82722   8.92003725E-005
    801.10079   8.91307205E-005
    801.37436   8.90612976E-005
    801.64793   8.89921027E-005
    801.92150   8.89231346E-005
    802.19507   8.88543921E-005
    802.46864   8.87858740E-005
    802.74222   8.87175793E-005
    803.01579   8.86495068E-005
    803.28936   8.85816552E-005
    803.56293   8.85140236E-005
    803.83650   8.84466107E-005
    804.11007   8.83794154E-005
    804.38364   8.83124367E-005
    804.65722   8.82456734E-005
    804.93079   8.81791243E-005
    805.20436   8.81127885E-005
    805.47793   8.80466647E-005
    805.75150   8.79807520E-005
    806.02507   8.79150492E-005
    806.29864   8.78495552E-005
    806.57221   8.77842691E-005
    806.84579   8.77191896E-005
    807.11936   8.76543158E-005
    807.39293   8.75896465E-005
    807.66650   8.75251808E-005
    807.94007   8.74609176E-005
    808.21364   8.73968559E-005
    808.48721   8.73329946E-005
    808.76078   8.72693326E-005
    809.03436   8.72058691E-005
    809.30793   8.71426029E-005
    809.58150   8.70795330E-005
    809.85507   8.70166584E-005
    810.12864   8.69539782E-005
    810.40221   8.68914913E-005
    810.67578   8.68291967E-005
    810.94936   8.67670935E-005
    811.22293   8.67051806E-005
    811.49650   8.66434571E-005
    811.77007   8.65819220E-005
    812.04364   8.65205744E-005
    812.31721   8.64594133E-005
    812.59078   8.63984377E-005
    812.86435   8.63376466E-005
    813.13793   8.62770392E-005
    813.41150   8.62166144E-005
    813.68507   8.61563714E-005
    813.95864   8.60963093E-005
    814.23221   8.60364269E-005
    814.50578   8.59767236E-005
    814.77935   8.59171983E-005
    815.05292   8.58578501E-005
    815.32650   8.57986782E-005
    815.60007   8.57396815E-005
    815.87364   8.56808593E-005
    816.14721   8.56222105E-005
    816.42078   8.55637345E-005
    816.69435   8.55054301E-005
    816.96792   8.54472966E-005
    817.24149   8.53893331E-005
    817.51507   8.53315387E-005
    817.78864   8.52739125E-005
    818.06221   8.52164538E-005
    818.33578   8.51591615E-005
    818.60935   8.51020349E-005
    818.88292   8.50450731E-005
    819.15649   8.49882753E-005
    819.43007   8.49316406E-005
    819.70364   8.48751682E-005
    819.97721   8.48188573E-005
    820.25078   8.47627070E-005
    820.52435   8.47067165E-005
    820.79792   8.46508849E-005
    821.07149   8.45952116E-005
    821.34506   8.45396956E-005
    821.61864   8.44843361E-005
    821.89221   8.44291324E-005
    822.16578   8.43740837E-005
    822.43935   8.43191891E-005
    822.71292   8.42644478E-005
    822.98649   8.42098591E-005
    823.26006   8.41554223E-005
    823.53363   8.41011364E-005
    823.80721   8.40470008E-005
    824.08078   8.39930146E-005
    824.35435   8.39391772E-005
    824.62792   8.38854876E-005
    824.90149   8.38319453E-005
    825.17506   8.37785494E-005
    825.44863   8.37252991E-005
    825.72221   8.36721938E-005
    825.99578   8.36192327E-005
    826.26935   8.35664150E-005
    826.54292   8.35137400E-005
    826.81649   8.34612070E-005
    827.09006   8.34088152E-005
    827.36363   8.33565640E-005
    827.63720   8.33044526E-005
    827.91078   8.32524802E-005
    828.18435   8.32006462E-005
    828.45792   8.31489499E-005
    828.73149   8.30973906E-005
    829.00506   8.30459674E-005
    829.27863   8.29946799E-005
    829.55220   8.29435272E-005
    829.82577   8.28925087E-005
    830.09935   8.28416237E-005
    830.37292   8.27908714E-005
    830.64649   8.27402513E-005
    830.92006   8.26897626E-005
    831.19363   8.26394047E-005
    831.46720   8.25891769E-005
    831.74077   8.25390785E-005
    832.01435   8.24891089E-005
    832.28792   8.24392673E-005
    832.56149   8.23895533E-005
    832.83506   8.23399660E-005
    833.10863   8.22905048E-005
    833.38220   8.22411692E-005
    833.65577   8.21919584E-005
    833.92934   8.21428719E-005
    834.20292   8.20939089E-005
    834.47649   8.20450689E-005
    834.75006   8.19963511E-005
    835.02363   8.19477551E-005
    835.29720   8.18992802E-005
    835.57077   8.18509256E-005
    835.84434   8.18026910E-005
    836.11791   8.17545755E-005
    836.39149   8.17065786E-005
    836.66506   8.16586997E-005
    836.93863   8.16109383E-005
    837.21220   8.15632936E-005
    837.48577   8.15157651E-005
    837.75934   8.14683522E-005
    838.03291   8.14210543E-005
    838.30648   8.13738709E-005
    838.58006   8.13268012E-005
    838.85363   8.12798448E-005
    839.12720   8.12330011E-005
    839.40077   8.11862695E-005
    839.67434   8.11396494E-005
    839.94791   8.10931402E-005
    840.22148   8.10467415E-005
    840.49506   8.10004525E-005
    840.76863   8.09542728E-005
    841.04220   8.09082018E-005
    841.31577   8.08622389E-005
    841.58934   8.08163836E-005
    841.86291   8.07706353E-005
    842.13648   8.07249935E-005
    842.41005   8.06794577E-005
    842.68363   8.06340273E-005
    842.95720   8.05887017E-005
    843.23077   8.05434804E-005
    843.50434   8.04983630E-005
    843.77791   8.04533488E-005
    844.05148   8.04084373E-005
    844.32505   8.03636280E-005
    844.59862   8.03189204E-005
    844.87220   8.02743140E-005
    845.14577   8.02298082E-005
    845.41934   8.01854026E-005
    845.69291   8.01410966E-005
    845.96648   8.00968896E-005
    846.24005   8.00527813E-005
    846.51362   8.00087711E-005
    846.78720   7.99648585E-005
    847.06077   7.99210430E-005
    847.33434   7.98773240E-005
    847.60791   7.98337012E-005
    847.88148   7.97901740E-005
    848.15505   7.97467420E-005
    848.42862   7.97034046E-005
    848.70219   7.96601613E-005
    848.97577   7.96170117E-005
    849.24934   7.95739554E-005
    849.52291   7.95309917E-005
    849.79648   7.94881203E-005
    850.07005   7.94453407E-005
    850.34362   7.94026524E-005
    850.61719   7.93600549E-005
    850.89076   7.93175478E-005
    851.16434   7.92751307E-005
    851.43791   7.92328030E-005
    851.71148   7.91905643E-005
    851.98505   7.91484141E-005
    852.25862   7.91063521E-005
    852.53219   7.90643777E-005
    852.80576   7.90224905E-005
    853.07933   7.89806900E-005
    853.35291   7.89389759E-005
    853.62648   7.88973477E-005
    853.90005   7.88558048E-005
    854.17362   7.88143470E-005
    854.44719   7.87729738E-005
    854.72076   7.87316847E-005
    854.99433   7.86904793E-005
    855.26791   7.86493572E-005
    855.54148   7.86083179E-005
    855.81505   7.85673611E-005
    856.08862   7.85264863E-005
    856.36219   7.84856931E-005
    856.63576   7.84449811E-005
    856.90933   7.84043498E-005
    857.18290   7.83637989E-005
    857.45648   7.83233279E-005
    857.73005   7.82829365E-005
    858.00362   7.82426242E-005
    858.27719   7.82023907E-005
    858.55076   7.81622355E-005
    858.82433   7.81221582E-005
    859.09790   7.80821584E-005
    859.37147   7.80422358E-005
    859.64505   7.80023900E-005
    859.91862   7.79626205E-005
    860.19219   7.79229270E-005
    860.46576   7.78833091E-005
    860.73933   7.78437663E-005
    861.01290   7.78042984E-005
    861.28647   7.77649049E-005
    861.56005   7.77255855E-005
    861.83362   7.76863398E-005
    862.10719   7.76471674E-005
    862.38076   7.76080679E-005
    862.65433   7.75690410E-005
    862.92790   7.75300862E-005
    863.20147   7.74912034E-005
    863.47504   7.74523919E-005
    863.74862   7.74136516E-005
    864.02219   7.73749821E-005
    864.29576   7.73363829E-005
    864.56933   7.72978537E-005
    864.84290   7.72593942E-005
    865.11647   7.72210041E-005
    865.39004   7.71826829E-005
    865.66361   7.71444303E-005
    865.93719   7.71062460E-005
    866.21076   7.70681296E-005
    866.48433   7.70300808E-005
    866.75790   7.69920993E-005
    867.03147   7.69541846E-005
    867.30504   7.69163365E-005
    867.57861   7.68785546E-005
    867.85219   7.68408386E-005
    868.12576   7.68031882E-005
    868.39933   7.67656029E-005
    868.67290   7.67280826E-005
    868.94647   7.66906268E-005
    869.22004   7.66532353E-005
    869.49361   7.66159077E-005
    869.76718   7.65786437E-005
    870.04076   7.65414429E-005
    870.31433   7.65043051E-005
    870.58790   7.64672299E-005
    870.86147   7.64302170E-005
    871.13504   7.63932662E-005
    871.40861   7.63563770E-005
    871.68218   7.63195492E-005
    871.95575   7.62827824E-005
    872.22933   7.62460764E-005
    872.50290   7.62094309E-005
    872.77647   7.61728455E-005
    873.05004   7.61363200E-005
    873.32361   7.60998540E-005
    873.59718   7.60634472E-005
    873.87075   7.60270994E-005
    874.14432   7.59908102E-005
    874.41790   7.59545794E-005
    874.69147   7.59184066E-005
    874.96504   7.58822916E-005
    875.23861   7.58462340E-005
    875.51218   7.58102337E-005
    875.78575   7.57742902E-005
    876.05932   7.57384034E-005
    876.33290   7.57025729E-005
    876.60647   7.56667984E-005
    876.88004   7.56310797E-005
    877.15361   7.55954165E-005
    877.42718   7.55598084E-005
    877.70075   7.55242553E-005
    877.97432   7.54887569E-005
    878.24789   7.54533128E-005
    878.52147   7.54179228E-005
    878.79504   7.53825867E-005
    879.06861   7.53473041E-005
    879.34218   7.53120748E-005
    879.61575   7.52768986E-005
    879.88932   7.52417751E-005
    880.16289   7.52067041E-005
    880.43646   7.51716853E-005
    880.71004   7.51367185E-005
    880.98361   7.51018034E-005
    881.25718   7.50669398E-005
    881.53075   7.50321274E-005
    881.80432   7.49973659E-005
    882.07789   7.49626551E-005
    882.35146   7.49279947E-005
    882.62504   7.48933845E-005
    882.89861   7.48588242E-005
    883.17218   7.48243137E-005
    883.44575   7.47898525E-005
    883.71932   7.47554406E-005
    883.99289   7.47210776E-005
    884.26646   7.46867633E-005
    884.54003   7.46524974E-005
    884.81361   7.46182798E-005
    885.08718   7.45841101E-005
