     62.50555   6.80615689E-052
     62.64423   2.52273471E-051
     62.78290   9.22866339E-051
     62.92157   3.33244137E-050
     63.06024   1.18795749E-049
     63.19891   4.18130120E-049
     63.33759   1.45328563E-048
     63.47626   4.98856482E-048
     63.61493   1.69137863E-047
     63.75360   5.66502012E-047
     63.89227   1.87461305E-046
     64.03095   6.12949803E-046
     64.16962   1.98058815E-045
     64.30829   6.32516291E-045
     64.44696   1.99668335E-044
     64.58564   6.23099897E-044
     64.72431   1.92250570E-043
     64.86298   5.86528261E-043
     65.00165   1.76958286E-042
     65.14032   5.28034433E-042
     65.27900   1.55851552E-041
     65.41767   4.55056340E-041
     65.55634   1.31453278E-040
     65.69501   3.75730457E-040
     65.83368   1.06273771E-039
     65.97236   2.97485599E-039
     66.11103   8.24215737E-039
     66.24970   2.26045247E-038
     66.38837   6.13724258E-038
     66.52704   1.64974967E-037
     66.66572   4.39109243E-037
     66.80439   1.15738889E-036
     66.94306   3.02120503E-036
     67.08173   7.81118139E-036
     67.22040   2.00046010E-035
     67.35908   5.07528294E-035
     67.49775   1.27569811E-034
     67.63642   3.17711180E-034
     67.77509   7.84067070E-034
     67.91377   1.91755939E-033
     68.05244   4.64790938E-033
     68.19111   1.11665137E-032
     68.32978   2.65929279E-032
     68.46845   6.27827555E-032
     68.60713   1.46952476E-031
     68.74580   3.41045253E-031
     68.88447   7.84840712E-031
     69.02314   1.79110440E-030
     69.16181   4.05382697E-030
     69.30049   9.10016186E-030
     69.43916   2.02631485E-029
     69.57783   4.47581944E-029
     69.71650   9.80797976E-029
     69.85517   2.13236292E-028
     69.99385   4.59991770E-028
     70.13252   9.84643115E-028
     70.27119   2.09160464E-027
     70.40986   4.40944643E-027
     70.54853   9.22621766E-027
     70.68721   1.91615023E-026
     70.82588   3.95032108E-026
     70.96455   8.08467636E-026
     71.10322   1.64267018E-025
     71.24189   3.31379295E-025
     71.38057   6.63769169E-025
     71.51924   1.32024530E-024
     71.65791   2.60775542E-024
     71.79658   5.11543148E-024
     71.93526   9.96618838E-024
     72.07393   1.92856923E-023
     72.21260   3.70704889E-023
     72.35127   7.07840917E-023
     72.48994   1.34271649E-022
     72.62862   2.53046911E-022
     72.76729   4.73818808E-022
     72.90596   8.81544582E-022
     73.04463   1.62975723E-021
     73.18330   2.99415206E-021
     73.32198   5.46666511E-021
     73.46065   9.91959370E-021
     73.59932   1.78901075E-020
     73.73799   3.20703919E-020
     73.87666   5.71468338E-020
     74.01534   1.01228024E-019
     74.15401   1.78259985E-019
     74.29268   3.12086572E-019
     74.43135   5.43235029E-019
     74.57002   9.40188693E-019
     74.70870   1.61800452E-018
     74.84737   2.76888247E-018
     74.98604   4.71207079E-018
     75.12471   7.97487276E-018
     75.26339   1.34233941E-017
     75.40206   2.24723905E-017
     75.54073   3.74201962E-017
     75.67940   6.19803460E-017
     75.81807   1.02120787E-016
     75.95675   1.67381475E-016
     76.09542   2.72931937E-016
     76.23409   4.42767257E-016
     76.37276   7.14646126E-016
     76.51143   1.14768058E-015
     76.65011   1.83394071E-015
     76.78878   2.91610701E-015
     76.92745   4.61418460E-015
     77.06612   7.26572674E-015
     77.20479   1.13860947E-014
     77.34347   1.77582852E-014
     77.48214   2.75661704E-014
     77.62081   4.25911644E-014
     77.75948   6.55010956E-014
     77.89815   1.00272471E-013
     78.03683   1.52804773E-013
     78.17550   2.31809883E-013
     78.31417   3.50093780E-013
     78.45284   5.26394919E-013
     78.59151   7.88008831E-013
     78.73019   1.17451798E-012
     78.86886   1.74306814E-012
     79.00753   2.57579873E-012
     79.14620   3.79025949E-012
     79.28488   5.55394860E-012
     79.42355   8.10451324E-012
     79.56222   1.17776949E-011
     79.70089   1.70458204E-011
     79.83956   2.45705894E-011
     79.97824   3.52751568E-011
     80.11691   5.04421456E-011
     80.25558   7.18463532E-011
     80.39425   1.01933679E-010
     80.53292   1.44061368E-010
     80.67160   2.02819241E-010
     80.81027   2.84457471E-010
     80.94894   3.97453890E-010
     81.08761   5.53263324E-010
     81.22628   7.67303368E-010
     81.36496   1.06024603E-009
     81.50363   1.45970346E-009
     81.64230   2.00241928E-009
     81.78097   2.73710614E-009
     81.91964   3.72810565E-009
     82.05832   5.06009091E-009
     82.19699   6.84408543E-009
     82.33566   9.22513757E-009
     82.47433   1.23920689E-008
     82.61301   1.65898102E-008
     82.75168   2.21349534E-008
     82.89035   2.94352858E-008
     83.02902   3.90142341E-008
     83.16769   5.15413412E-008
     83.30637   6.78701252E-008
     83.44504   8.90849378E-008
     83.58371   1.16558751E-007
     83.72238   1.52024168E-007
     83.86105   1.97660361E-007
     83.99973   2.56199150E-007
     84.13840   3.31053958E-007
     84.27707   4.26476022E-007
     84.41574   5.47742986E-007
     84.55441   7.01385743E-007
     84.69309   8.95460382E-007
     84.83176   1.13987304E-006
     84.97043   1.44676662E-006
     85.10910   1.83097960E-006
     85.24777   2.31058842E-006
     85.38645   2.90754658E-006
     85.52512   3.64843503E-006
     85.66379   4.56534026E-006
     85.80246   5.69687834E-006
     85.94114   7.08938504E-006
     86.07981   8.79829439E-006
     86.21848   1.08897299E-005
     86.35715   1.34423353E-005
     86.49582   1.65493731E-005
     86.63450   2.03211233E-005
     86.77317   2.48876138E-005
     86.91184   3.04017196E-005
     87.05051   3.70426681E-005
     87.18918   4.50199896E-005
     87.32786   5.45779544E-005
     87.46653   6.60005398E-005
     87.60520   7.96169706E-005
     87.74387   9.58078774E-005
     87.88254   1.15012118E-004
     88.02122   1.37734305E-004
     88.15989   1.64553088E-004
     88.29856   1.96130224E-004
     88.43723   2.33220485E-004
     88.57590   2.76682429E-004
     88.71458   3.27490079E-004
     88.85325   3.86745521E-004
     88.99192   4.55692457E-004
     89.13059   5.35730718E-004
     89.26926   6.28431736E-004
     89.40794   7.35554990E-004
     89.54661   8.59065384E-004
     89.68528   1.00115155E-003
     89.82395   1.16424503E-003
     89.96263   1.35104027E-003
     90.10130   1.56451538E-003
     90.23997   1.80795353E-003
     90.37864   2.08496497E-003
     90.51731   2.39950942E-003
     90.65599   2.75591886E-003
     90.79466   3.15892032E-003
     90.93333   3.61365885E-003
     91.07200   4.12572009E-003
     91.21067   4.70115256E-003
     91.34935   5.34648921E-003
     91.48802   6.06876811E-003
     91.62669   6.87555205E-003
     91.76536   7.77494665E-003
     91.90403   8.77561686E-003
     92.04271   9.88680143E-003
     92.18138   1.11183251E-002
     92.32005   1.24806085E-002
     92.45872   1.39846746E-002
     92.59739   1.56421526E-002
     92.73607   1.74652783E-002
     92.87474   1.94668902E-002
     93.01341   2.16604226E-002
     93.15208   2.40598935E-002
     93.29076   2.66798886E-002
     93.42943   2.95355407E-002
     93.56810   3.26425038E-002
     93.70677   3.60169229E-002
     93.84544   3.96753981E-002
     93.98412   4.36349440E-002
     94.12279   4.79129439E-002
     94.26146   5.25270981E-002
     94.40013   5.74953688E-002
     94.53880   6.28359178E-002
     94.67748   6.85670414E-002
     94.81615   7.47070995E-002
     94.95482   8.12744403E-002
     95.09349   8.82873218E-002
     95.23216   9.57638286E-002
     95.37084   1.03721786E-001
     95.50951   1.12178671E-001
     95.64818   1.21151521E-001
     95.78685   1.30656840E-001
     95.92552   1.40710503E-001
     96.06420   1.51327665E-001
     96.20287   1.62522657E-001
     96.34154   1.74308901E-001
     96.48021   1.86698808E-001
     96.61889   1.99703687E-001
     96.75756   2.13333659E-001
     96.89623   2.27597566E-001
     97.03490   2.42502887E-001
     97.17357   2.58055665E-001
     97.31225   2.74260424E-001
     97.45092   2.91120109E-001
     97.58959   3.08636017E-001
     97.72826   3.26807743E-001
     97.86693   3.45633133E-001
     98.00561   3.65108238E-001
     98.14428   3.85227286E-001
     98.28295   4.05982649E-001
     98.42162   4.27364832E-001
     98.56029   4.49362460E-001
     98.69897   4.71962281E-001
     98.83764   4.95149172E-001
     98.97631   5.18906158E-001
     99.11498   5.43214439E-001
     99.25365   5.68053425E-001
     99.39233   5.93400776E-001
     99.53100   6.19232459E-001
     99.66967   6.45522804E-001
     99.80834   6.72244575E-001
     99.94701   6.99369039E-001
    100.08569   7.26866055E-001
    100.22436   7.54704156E-001
    100.36303   7.82850645E-001
    100.50170   8.11271694E-001
    100.64038   8.39932449E-001
    100.77905   8.68797134E-001
    100.91772   8.97829166E-001
    101.05639   9.26991270E-001
    101.19506   9.56245591E-001
    101.33374   9.85553816E-001
    101.47241   1.01487729E+000
    101.61108   1.04417714E+000
    101.74975   1.07341438E+000
    101.88842   1.10255006E+000
    102.02710   1.13154534E+000
    102.16577   1.16036164E+000
    102.30444   1.18896073E+000
    102.44311   1.21730486E+000
    102.58178   1.24535684E+000
    102.72046   1.27308015E+000
    102.85913   1.30043905E+000
    102.99780   1.32739867E+000
    103.13647   1.35392505E+000
    103.27514   1.37998532E+000
    103.41382   1.40554766E+000
    103.55249   1.43058147E+000
    103.69116   1.45505736E+000
    103.82983   1.47894727E+000
    103.96851   1.50222446E+000
    104.10718   1.52486362E+000
    104.24585   1.54684086E+000
    104.38452   1.56813377E+000
    104.52319   1.58872145E+000
    104.66187   1.60858452E+000
    104.80054   1.62770513E+000
    104.93921   1.64606699E+000
    105.07788   1.66365539E+000
    105.21655   1.68045715E+000
    105.35523   1.69646067E+000
    105.49390   1.71165587E+000
    105.63257   1.72603424E+000
    105.77124   1.73958875E+000
    105.90991   1.75231389E+000
    106.04859   1.76420562E+000
    106.18726   1.77526132E+000
    106.32593   1.78547979E+000
    106.46460   1.79486123E+000
    106.60327   1.80340714E+000
    106.74195   1.81112035E+000
    106.88062   1.81800494E+000
    107.01929   1.82406619E+000
    107.15796   1.82931057E+000
    107.29664   1.83374567E+000
    107.43531   1.83738017E+000
    107.57398   1.84022376E+000
    107.71265   1.84228712E+000
    107.85132   1.84358189E+000
    107.99000   1.84412056E+000
    108.12867   1.84391648E+000
    108.26734   1.84298379E+000
    108.40601   1.84133735E+000
    108.54468   1.83899275E+000
    108.68336   1.83596620E+000
    108.82203   1.83227450E+000
    108.96070   1.82793504E+000
    109.09937   1.82296569E+000
    109.23804   1.81738478E+000
    109.37672   1.81121109E+000
    109.51539   1.80446376E+000
    109.65406   1.79716226E+000
    109.79273   1.78932639E+000
    109.93140   1.78097617E+000
    110.07008   1.77213188E+000
    110.20875   1.76281396E+000
    110.34742   1.75304301E+000
    110.48609   1.74283976E+000
    110.62476   1.73222501E+000
    110.76344   1.72121961E+000
    110.90211   1.70984446E+000
    111.04078   1.69812043E+000
    111.17945   1.68606838E+000
    111.31813   1.67370908E+000
    111.45680   1.66106325E+000
    111.59547   1.64815149E+000
    111.73414   1.63499427E+000
    111.87281   1.62161192E+000
    112.01149   1.60802458E+000
    112.15016   1.59425220E+000
    112.28883   1.58031454E+000
    112.42750   1.56623113E+000
    112.56617   1.55202123E+000
    112.70485   1.53770388E+000
    112.84352   1.52329781E+000
    112.98219   1.50882149E+000
    113.12086   1.49429309E+000
    113.25953   1.47973045E+000
    113.39821   1.46515111E+000
    113.53688   1.45057226E+000
    113.67555   1.43601076E+000
    113.81422   1.42148312E+000
    113.95289   1.40700549E+000
    114.09157   1.39259364E+000
    114.23024   1.37826299E+000
    114.36891   1.36402858E+000
    114.50758   1.34990503E+000
    114.64626   1.33590663E+000
    114.78493   1.32204722E+000
    114.92360   1.30834028E+000
    115.06227   1.29479888E+000
    115.20094   1.28143567E+000
    115.33962   1.26826291E+000
    115.47829   1.25529245E+000
    115.61696   1.24253573E+000
    115.75563   1.23000376E+000
    115.89430   1.21770716E+000
    116.03298   1.20565612E+000
    116.17165   1.19386043E+000
    116.31032   1.18232944E+000
    116.44899   1.17107211E+000
    116.58766   1.16009697E+000
    116.72634   1.14941214E+000
    116.86501   1.13902531E+000
    117.00368   1.12894378E+000
    117.14235   1.11917442E+000
    117.28102   1.10972369E+000
    117.41970   1.10059764E+000
    117.55837   1.09180192E+000
    117.69704   1.08334173E+000
    117.83571   1.07522191E+000
    117.97439   1.06744687E+000
    118.11306   1.06002062E+000
    118.25173   1.05294675E+000
    118.39040   1.04622847E+000
    118.52907   1.03986858E+000
    118.66775   1.03386946E+000
    118.80642   1.02823314E+000
    118.94509   1.02296121E+000
    119.08376   1.01805489E+000
    119.22243   1.01351499E+000
    119.36111   1.00934195E+000
    119.49978   1.00553583E+000
    119.63845   1.00209626E+000
    119.77712   9.99022551E-001
    119.91579   9.96313585E-001
    120.05447   9.93967891E-001
    120.19314   9.91983620E-001
    120.33181   9.90358555E-001
    120.47048   9.89090111E-001
    120.60915   9.88175339E-001
    120.74783   9.87610936E-001
    120.88650   9.87393239E-001
    121.02517   9.87518240E-001
    121.16384   9.87981584E-001
    121.30251   9.88778574E-001
    121.44119   9.89904181E-001
    121.57986   9.91353047E-001
    121.71853   9.93119489E-001
    121.85720   9.95197508E-001
    121.99588   9.97580798E-001
    122.13455   1.00026275E+000
    122.27322   1.00323645E+000
    122.41189   1.00649471E+000
    122.55056   1.01003007E+000
    122.68924   1.01383477E+000
    122.82791   1.01790082E+000
    122.96658   1.02221996E+000
    123.10525   1.02678370E+000
    123.24392   1.03158332E+000
    123.38260   1.03660987E+000
    123.52127   1.04185420E+000
    123.65994   1.04730696E+000
    123.79861   1.05295861E+000
    123.93728   1.05879946E+000
    124.07596   1.06481964E+000
    124.21463   1.07100913E+000
    124.35330   1.07735780E+000
    124.49197   1.08385538E+000
    124.63064   1.09049152E+000
    124.76932   1.09725576E+000
    124.90799   1.10413756E+000
    125.04666   1.11112636E+000
    125.18533   1.11821151E+000
    125.32401   1.12538237E+000
    125.46268   1.13262826E+000
    125.60135   1.13993852E+000
    125.74002   1.14730250E+000
    125.87869   1.15470960E+000
    126.01737   1.16214926E+000
    126.15604   1.16961099E+000
    126.29471   1.17708441E+000
    126.43338   1.18455920E+000
    126.57205   1.19202519E+000
    126.71073   1.19947233E+000
    126.84940   1.20689074E+000
    126.98807   1.21427067E+000
    127.12674   1.22160259E+000
    127.26541   1.22887714E+000
    127.40409   1.23608520E+000
    127.54276   1.24321785E+000
    127.68143   1.25026644E+000
    127.82010   1.25722254E+000
    127.95877   1.26407804E+000
    128.09745   1.27082507E+000
    128.23612   1.27745608E+000
    128.37479   1.28396382E+000
    128.51346   1.29034137E+000
    128.65214   1.29658214E+000
    128.79081   1.30267989E+000
    128.92948   1.30862872E+000
    129.06815   1.31442311E+000
    129.20682   1.32005791E+000
    129.34550   1.32552834E+000
    129.48417   1.33083002E+000
    129.62284   1.33595896E+000
    129.76151   1.34091160E+000
    129.90018   1.34568475E+000
    130.03886   1.35027567E+000
    130.17753   1.35468200E+000
    130.31620   1.35890184E+000
    130.45487   1.36293370E+000
    130.59354   1.36677651E+000
    130.73222   1.37042963E+000
    130.87089   1.37389287E+000
    131.00956   1.37716644E+000
    131.14823   1.38025100E+000
    131.28690   1.38314763E+000
    131.42558   1.38585783E+000
    131.56425   1.38838352E+000
    131.70292   1.39072705E+000
    131.84159   1.39289117E+000
    131.98026   1.39487906E+000
    132.11894   1.39669426E+000
    132.25761   1.39834076E+000
    132.39628   1.39982291E+000
    132.53495   1.40114543E+000
    132.67363   1.40231343E+000
    132.81230   1.40333239E+000
    132.95097   1.40420814E+000
    133.08964   1.40494684E+000
    133.22831   1.40555501E+000
    133.36699   1.40603947E+000
    133.50566   1.40640738E+000
    133.64433   1.40666617E+000
    133.78300   1.40682357E+000
    133.92167   1.40688761E+000
    134.06035   1.40686654E+000
    134.19902   1.40676890E+000
    134.33769   1.40660344E+000
    134.47636   1.40637915E+000
    134.61503   1.40610520E+000
    134.75371   1.40579099E+000
    134.89238   1.40544608E+000
    135.03105   1.40508020E+000
    135.16972   1.40470322E+000
    135.30839   1.40432516E+000
    135.44707   1.40395615E+000
    135.58574   1.40360643E+000
    135.72441   1.40328633E+000
    135.86308   1.40300626E+000
    136.00176   1.40277667E+000
    136.14043   1.40260807E+000
    136.27910   1.40251102E+000
    136.41777   1.40249604E+000
    136.55644   1.40257372E+000
    136.69512   1.40275457E+000
    136.83379   1.40304912E+000
    136.97246   1.40346783E+000
    137.11113   1.40402112E+000
    137.24980   1.40471933E+000
    137.38848   1.40557271E+000
    137.52715   1.40659142E+000
    137.66582   1.40778551E+000
    137.80449   1.40916491E+000
    137.94316   1.41073941E+000
    138.08184   1.41251864E+000
    138.22051   1.41451209E+000
    138.35918   1.41672906E+000
    138.49785   1.41917869E+000
    138.63652   1.42186991E+000
    138.77520   1.42481145E+000
    138.91387   1.42801182E+000
    139.05254   1.43147932E+000
    139.19121   1.43522200E+000
    139.32989   1.43924769E+000
    139.46856   1.44356396E+000
    139.60723   1.44817811E+000
    139.74590   1.45309719E+000
    139.88457   1.45832797E+000
    140.02325   1.46387696E+000
    140.16192   1.46975034E+000
    140.30059   1.47595406E+000
    140.43926   1.48249371E+000
    140.57793   1.48937463E+000
    140.71661   1.49660181E+000
    140.85528   1.50417997E+000
    140.99395   1.51211349E+000
    141.13262   1.52040644E+000
    141.27129   1.52906257E+000
    141.40997   1.53808529E+000
    141.54864   1.54747772E+000
    141.68731   1.55724262E+000
    141.82598   1.56738245E+000
    141.96465   1.57789931E+000
    142.10333   1.58879499E+000
    142.24200   1.60007095E+000
    142.38067   1.61172833E+000
    142.51934   1.62376790E+000
    142.65801   1.63619016E+000
    142.79669   1.64899525E+000
    142.93536   1.66218298E+000
    143.07403   1.67575285E+000
    143.21270   1.68970405E+000
    143.35138   1.70403543E+000
    143.49005   1.71874554E+000
    143.62872   1.73383262E+000
    143.76739   1.74929459E+000
    143.90606   1.76512908E+000
    144.04474   1.78133341E+000
    144.18341   1.79790461E+000
    144.32208   1.81483942E+000
    144.46075   1.83213430E+000
    144.59942   1.84978540E+000
    144.73810   1.86778864E+000
    144.87677   1.88613964E+000
    145.01544   1.90483376E+000
    145.15411   1.92386611E+000
    145.29278   1.94323154E+000
    145.43146   1.96292466E+000
    145.57013   1.98293984E+000
    145.70880   2.00327122E+000
    145.84747   2.02391271E+000
    145.98614   2.04485799E+000
    146.12482   2.06610056E+000
    146.26349   2.08763368E+000
    146.40216   2.10945044E+000
    146.54083   2.13154373E+000
    146.67951   2.15390624E+000
    146.81818   2.17653051E+000
    146.95685   2.19940890E+000
    147.09552   2.22253362E+000
    147.23419   2.24589671E+000
    147.37287   2.26949008E+000
    147.51154   2.29330550E+000
    147.65021   2.31733461E+000
    147.78888   2.34156891E+000
    147.92755   2.36599982E+000
    148.06623   2.39061863E+000
    148.20490   2.41541654E+000
    148.34357   2.44038465E+000
    148.48224   2.46551399E+000
    148.62091   2.49079551E+000
    148.75959   2.51622008E+000
    148.89826   2.54177854E+000
    149.03693   2.56746163E+000
    149.17560   2.59326010E+000
    149.31427   2.61916461E+000
    149.45295   2.64516582E+000
    149.59162   2.67125436E+000
    149.73029   2.69742084E+000
    149.86896   2.72365587E+000
    150.00763   2.74995005E+000
    150.14631   2.77629397E+000
    150.28498   2.80267826E+000
    150.42365   2.82909354E+000
    150.56232   2.85553049E+000
    150.70100   2.88197977E+000
    150.83967   2.90843213E+000
    150.97834   2.93487832E+000
    151.11701   2.96130916E+000
    151.25568   2.98771553E+000
    151.39436   3.01408836E+000
    151.53303   3.04041864E+000
    151.67170   3.06669745E+000
    151.81037   3.09291593E+000
    151.94904   3.11906531E+000
    152.08772   3.14513691E+000
    152.22639   3.17112214E+000
    152.36506   3.19701250E+000
    152.50373   3.22279960E+000
    152.64240   3.24847515E+000
    152.78108   3.27403098E+000
    152.91975   3.29945902E+000
    153.05842   3.32475132E+000
    153.19709   3.34990007E+000
    153.33576   3.37489756E+000
    153.47444   3.39973623E+000
    153.61311   3.42440864E+000
    153.75178   3.44890750E+000
    153.89045   3.47322563E+000
    154.02913   3.49735602E+000
    154.16780   3.52129178E+000
    154.30647   3.54502620E+000
    154.44514   3.56855269E+000
    154.58381   3.59186482E+000
    154.72249   3.61495631E+000
    154.86116   3.63782104E+000
    154.99983   3.66045305E+000
    155.13850   3.68284653E+000
    155.27717   3.70499583E+000
    155.41585   3.72689547E+000
    155.55452   3.74854012E+000
    155.69319   3.76992464E+000
    155.83186   3.79104401E+000
    155.97053   3.81189342E+000
    156.10921   3.83246819E+000
    156.24788   3.85276384E+000
    156.38655   3.87277602E+000
    156.52522   3.89250059E+000
    156.66389   3.91193353E+000
    156.80257   3.93107101E+000
    156.94124   3.94990938E+000
    157.07991   3.96844514E+000
    157.21858   3.98667495E+000
    157.35726   4.00459566E+000
    157.49593   4.02220424E+000
    157.63460   4.03949788E+000
    157.77327   4.05647390E+000
    157.91194   4.07312978E+000
    158.05062   4.08946317E+000
    158.18929   4.10547189E+000
    158.32796   4.12115390E+000
    158.46663   4.13650733E+000
    158.60530   4.15153047E+000
    158.74398   4.16622174E+000
    158.88265   4.18057975E+000
    159.02132   4.19460322E+000
    159.15999   4.20829106E+000
    159.29866   4.22164231E+000
    159.43734   4.23465614E+000
    159.57601   4.24733190E+000
    159.71468   4.25966904E+000
    159.85335   4.27166718E+000
    159.99202   4.28332608E+000
    160.13070   4.29464562E+000
    160.26937   4.30562581E+000
    160.40804   4.31626680E+000
    160.54671   4.32656888E+000
    160.68538   4.33653245E+000
    160.82406   4.34615804E+000
    160.96273   4.35544629E+000
    161.10140   4.36439799E+000
    161.24007   4.37301400E+000
    161.37875   4.38129535E+000
    161.51742   4.38924313E+000
    161.65609   4.39685857E+000
    161.79476   4.40414299E+000
    161.93343   4.41109782E+000
    162.07211   4.41772460E+000
    162.21078   4.42402495E+000
    162.34945   4.43000060E+000
    162.48812   4.43565337E+000
    162.62679   4.44098515E+000
    162.76547   4.44599796E+000
    162.90414   4.45069385E+000
    163.04281   4.45507500E+000
    163.18148   4.45914365E+000
    163.32015   4.46290211E+000
    163.45883   4.46635277E+000
    163.59750   4.46949809E+000
    163.73617   4.47234061E+000
    163.87484   4.47488291E+000
    164.01351   4.47712765E+000
    164.15219   4.47907756E+000
    164.29086   4.48073540E+000
    164.42953   4.48210401E+000
    164.56820   4.48318626E+000
    164.70688   4.48398510E+000
    164.84555   4.48450350E+000
    164.98422   4.48474448E+000
    165.12289   4.48471111E+000
    165.26156   4.48440649E+000
    165.40024   4.48383377E+000
    165.53891   4.48299613E+000
    165.67758   4.48189677E+000
    165.81625   4.48053893E+000
    165.95492   4.47892588E+000
    166.09360   4.47706090E+000
    166.23227   4.47494733E+000
    166.37094   4.47258848E+000
    166.50961   4.46998771E+000
    166.64828   4.46714840E+000
    166.78696   4.46407393E+000
    166.92563   4.46076768E+000
    167.06430   4.45723307E+000
    167.20297   4.45347351E+000
    167.34164   4.44949242E+000
    167.48032   4.44529322E+000
    167.61899   4.44087934E+000
    167.75766   4.43625420E+000
    167.89633   4.43142123E+000
    168.03501   4.42638384E+000
    168.17368   4.42114546E+000
    168.31235   4.41570948E+000
    168.45102   4.41007930E+000
    168.58969   4.40425833E+000
    168.72837   4.39824992E+000
    168.86704   4.39205746E+000
    169.00571   4.38568428E+000
    169.14438   4.37913372E+000
    169.28305   4.37240910E+000
    169.42173   4.36551371E+000
    169.56040   4.35845082E+000
    169.69907   4.35122370E+000
    169.83774   4.34383558E+000
    169.97641   4.33628965E+000
    170.11509   4.32858912E+000
    170.25376   4.32073712E+000
    170.39243   4.31273680E+000
    170.53110   4.30459126E+000
    170.66977   4.29630356E+000
    170.80845   4.28787675E+000
    170.94712   4.27931385E+000
    171.08579   4.27061782E+000
    171.22446   4.26179163E+000
    171.36313   4.25283817E+000
    171.50181   4.24376034E+000
    171.64048   4.23456098E+000
    171.77915   4.22524290E+000
    171.91782   4.21580887E+000
    172.05650   4.20626164E+000
    172.19517   4.19660389E+000
    172.33384   4.18683831E+000
    172.47251   4.17696750E+000
    172.61118   4.16699407E+000
    172.74986   4.15692055E+000
    172.88853   4.14674946E+000
    173.02720   4.13648328E+000
    173.16587   4.12612442E+000
    173.30454   4.11567529E+000
    173.44322   4.10513823E+000
    173.58189   4.09451556E+000
    173.72056   4.08380955E+000
    173.85923   4.07302243E+000
    173.99790   4.06215639E+000
    174.13658   4.05121359E+000
    174.27525   4.04019613E+000
    174.41392   4.02910608E+000
    174.55259   4.01794548E+000
    174.69126   4.00671632E+000
    174.82994   3.99542053E+000
    174.96861   3.98406005E+000
    175.10728   3.97263673E+000
    175.24595   3.96115241E+000
    175.38463   3.94960887E+000
    175.52330   3.93800788E+000
    175.66197   3.92635114E+000
    175.80064   3.91464033E+000
    175.93931   3.90287709E+000
    176.07799   3.89106302E+000
    176.21666   3.87919967E+000
    176.35533   3.86728858E+000
    176.49400   3.85533123E+000
    176.63267   3.84332907E+000
    176.77135   3.83128352E+000
    176.91002   3.81919595E+000
    177.04869   3.80706772E+000
    177.18736   3.79490012E+000
    177.32603   3.78269445E+000
    177.46471   3.77045193E+000
    177.60338   3.75817378E+000
    177.74205   3.74586118E+000
    177.88072   3.73351527E+000
    178.01939   3.72113716E+000
    178.15807   3.70872793E+000
    178.29674   3.69628863E+000
    178.43541   3.68382030E+000
    178.57408   3.67132391E+000
    178.71276   3.65880043E+000
    178.85143   3.64625079E+000
    178.99010   3.63367591E+000
    179.12877   3.62107666E+000
    179.26744   3.60845391E+000
    179.40612   3.59580846E+000
    179.54479   3.58314114E+000
    179.68346   3.57045271E+000
    179.82213   3.55774394E+000
    179.96080   3.54501555E+000
    180.09948   3.53226826E+000
    180.23815   3.51950274E+000
    180.37682   3.50671968E+000
    180.51549   3.49391970E+000
    180.65416   3.48110344E+000
    180.79284   3.46827149E+000
    180.93151   3.45542446E+000
    181.07018   3.44256290E+000
    181.20885   3.42968736E+000
    181.34752   3.41679839E+000
    181.48620   3.40389648E+000
    181.62487   3.39098216E+000
    181.76354   3.37805590E+000
    181.90221   3.36511817E+000
    182.04088   3.35216943E+000
    182.17956   3.33921012E+000
    182.31823   3.32624069E+000
    182.45690   3.31326153E+000
    182.59557   3.30027307E+000
    182.73425   3.28727570E+000
    182.87292   3.27426981E+000
    183.01159   3.26125576E+000
    183.15026   3.24823392E+000
    183.28893   3.23520467E+000
    183.42761   3.22216833E+000
    183.56628   3.20912526E+000
    183.70495   3.19607578E+000
    183.84362   3.18302023E+000
    183.98229   3.16995892E+000
    184.12097   3.15689218E+000
    184.25964   3.14382030E+000
    184.39831   3.13074359E+000
    184.53698   3.11766237E+000
    184.67565   3.10457691E+000
    184.81433   3.09148751E+000
    184.95300   3.07839447E+000
    185.09167   3.06529806E+000
    185.23034   3.05219859E+000
    185.36901   3.03909631E+000
    185.50769   3.02599153E+000
    185.64636   3.01288451E+000
    185.78503   2.99977555E+000
    185.92370   2.98666491E+000
    186.06238   2.97355287E+000
    186.20105   2.96043972E+000
    186.33972   2.94732574E+000
    186.47839   2.93421120E+000
    186.61706   2.92109639E+000
    186.75574   2.90798158E+000
    186.89441   2.89486708E+000
    187.03308   2.88175316E+000
    187.17175   2.86864011E+000
    187.31042   2.85552823E+000
    187.44910   2.84241781E+000
    187.58777   2.82930915E+000
    187.72644   2.81620254E+000
    187.86511   2.80309831E+000
    188.00378   2.78999674E+000
    188.14246   2.77689816E+000
    188.28113   2.76380288E+000
    188.41980   2.75071123E+000
    188.55847   2.73762352E+000
    188.69714   2.72454008E+000
    188.83582   2.71146126E+000
    188.97449   2.69838738E+000
    189.11316   2.68531879E+000
    189.25183   2.67225585E+000
    189.39051   2.65919889E+000
    189.52918   2.64614828E+000
    189.66785   2.63310439E+000
    189.80652   2.62006758E+000
    189.94519   2.60703822E+000
    190.08387   2.59401670E+000
    190.22254   2.58100340E+000
    190.36121   2.56799871E+000
    190.49988   2.55500302E+000
    190.63855   2.54201674E+000
    190.77723   2.52904027E+000
    190.91590   2.51607403E+000
    191.05457   2.50311842E+000
    191.19324   2.49017388E+000
    191.33191   2.47724083E+000
    191.47059   2.46431970E+000
    191.60926   2.45141093E+000
    191.74793   2.43851497E+000
    191.88660   2.42563226E+000
    192.02527   2.41276327E+000
    192.16395   2.39990844E+000
    192.30262   2.38706824E+000
    192.44129   2.37424314E+000
    192.57996   2.36143362E+000
    192.71863   2.34864015E+000
    192.85731   2.33586322E+000
    192.99598   2.32310331E+000
    193.13465   2.31036092E+000
    193.27332   2.29763653E+000
    193.41200   2.28493067E+000
    193.55067   2.27224382E+000
    193.68934   2.25957649E+000
    193.82801   2.24692921E+000
    193.96668   2.23430248E+000
    194.10536   2.22169683E+000
    194.24403   2.20911277E+000
    194.38270   2.19655084E+000
    194.52137   2.18401157E+000
    194.66004   2.17149548E+000
    194.79872   2.15900311E+000
    194.93739   2.14653501E+000
    195.07606   2.13409170E+000
    195.21473   2.12167374E+000
    195.35340   2.10928167E+000
    195.49208   2.09691604E+000
    195.63075   2.08457739E+000
    195.76942   2.07226628E+000
    195.90809   2.05998326E+000
    196.04676   2.04772887E+000
    196.18544   2.03550369E+000
    196.32411   2.02330826E+000
    196.46278   2.01114314E+000
    196.60145   1.99900888E+000
    196.74013   1.98690605E+000
    196.87880   1.97483521E+000
    197.01747   1.96279690E+000
    197.15614   1.95079170E+000
    197.29481   1.93882015E+000
    197.43349   1.92688281E+000
    197.57216   1.91498025E+000
    197.71083   1.90311302E+000
    197.84950   1.89128167E+000
    197.98817   1.87948676E+000
    198.12685   1.86772884E+000
    198.26552   1.85600846E+000
    198.40419   1.84432618E+000
    198.54286   1.83268253E+000
    198.68153   1.82107808E+000
    198.82021   1.80951335E+000
    198.95888   1.79798890E+000
    199.09755   1.78650526E+000
    199.23622   1.77506297E+000
    199.37489   1.76366256E+000
    199.51357   1.75230457E+000
    199.65224   1.74098952E+000
    199.79091   1.72971793E+000
    199.92958   1.71849034E+000
    200.06826   1.70730725E+000
    200.20693   1.69616918E+000
    200.34560   1.68507664E+000
    200.48427   1.67403014E+000
    200.62294   1.66303017E+000
    200.76162   1.65207724E+000
    200.90029   1.64117184E+000
    201.03896   1.63031446E+000
    201.17763   1.61950558E+000
    201.31630   1.60874567E+000
    201.45498   1.59803523E+000
    201.59365   1.58737471E+000
    201.73232   1.57676457E+000
    201.87099   1.56620528E+000
    202.00966   1.55569729E+000
    202.14834   1.54524105E+000
    202.28701   1.53483699E+000
    202.42568   1.52448556E+000
    202.56435   1.51418718E+000
    202.70302   1.50394227E+000
    202.84170   1.49375127E+000
    202.98037   1.48361457E+000
    203.11904   1.47353258E+000
    203.25771   1.46350570E+000
    203.39638   1.45353433E+000
    203.53506   1.44361885E+000
    203.67373   1.43375963E+000
    203.81240   1.42395706E+000
    203.95107   1.41421149E+000
    204.08975   1.40452328E+000
    204.22842   1.39489280E+000
    204.36709   1.38532037E+000
    204.50576   1.37580634E+000
    204.64443   1.36635104E+000
    204.78311   1.35695480E+000
    204.92178   1.34761792E+000
    205.06045   1.33834072E+000
    205.19912   1.32912349E+000
    205.33779   1.31996654E+000
    205.47647   1.31087015E+000
    205.61514   1.30183459E+000
    205.75381   1.29286013E+000
    205.89248   1.28394705E+000
    206.03115   1.27509560E+000
    206.16983   1.26630602E+000
    206.30850   1.25757855E+000
    206.44717   1.24891344E+000
    206.58584   1.24031090E+000
    206.72451   1.23177114E+000
    206.86319   1.22329439E+000
    207.00186   1.21488084E+000
    207.14053   1.20653069E+000
    207.27920   1.19824412E+000
    207.41788   1.19002131E+000
    207.55655   1.18186243E+000
    207.69522   1.17376765E+000
    207.83389   1.16573711E+000
    207.97256   1.15777097E+000
    208.11124   1.14986936E+000
    208.24991   1.14203243E+000
    208.38858   1.13426028E+000
    208.52725   1.12655304E+000
    208.66592   1.11891082E+000
    208.80460   1.11133371E+000
    208.94327   1.10382181E+000
    209.08194   1.09637520E+000
    209.22061   1.08899396E+000
    209.35928   1.08167817E+000
    209.49796   1.07442788E+000
    209.63663   1.06724314E+000
    209.77530   1.06012402E+000
    209.91397   1.05307053E+000
    210.05264   1.04608273E+000
    210.19132   1.03916062E+000
    210.32999   1.03230424E+000
    210.46866   1.02551358E+000
    210.60733   1.01878866E+000
    210.74600   1.01212946E+000
    210.88468   1.00553598E+000
    211.02335   9.99008192E-001
    211.16202   9.92546078E-001
    211.30069   9.86149601E-001
    211.43937   9.79818722E-001
    211.57804   9.73553394E-001
    211.71671   9.67353562E-001
    211.85538   9.61219166E-001
    211.99405   9.55150138E-001
    212.13273   9.49146405E-001
    212.27140   9.43207885E-001
    212.41007   9.37334490E-001
    212.54874   9.31526127E-001
    212.68741   9.25782695E-001
    212.82609   9.20104088E-001
    212.96476   9.14490192E-001
    213.10343   9.08940888E-001
    213.24210   9.03456049E-001
    213.38077   8.98035545E-001
    213.51945   8.92679238E-001
    213.65812   8.87386983E-001
    213.79679   8.82158631E-001
    213.93546   8.76994027E-001
    214.07413   8.71893008E-001
    214.21281   8.66855409E-001
    214.35148   8.61881056E-001
    214.49015   8.56969771E-001
    214.62882   8.52121371E-001
    214.76750   8.47335667E-001
    214.90617   8.42612464E-001
    215.04484   8.37951563E-001
    215.18351   8.33352759E-001
    215.32218   8.28815843E-001
    215.46086   8.24340599E-001
    215.59953   8.19926808E-001
    215.73820   8.15574246E-001
    215.87687   8.11282683E-001
    216.01554   8.07051885E-001
    216.15422   8.02881614E-001
    216.29289   7.98771626E-001
    216.43156   7.94721675E-001
    216.57023   7.90731508E-001
    216.70890   7.86800869E-001
    216.84758   7.82929499E-001
    216.98625   7.79117132E-001
    217.12492   7.75363500E-001
    217.26359   7.71668330E-001
    217.40226   7.68031348E-001
    217.54094   7.64452271E-001
    217.67961   7.60930818E-001
    217.81828   7.57466699E-001
    217.95695   7.54059625E-001
    218.09563   7.50709301E-001
    218.23430   7.47415429E-001
    218.37297   7.44177708E-001
    218.51164   7.40995834E-001
    218.65031   7.37869499E-001
    218.78899   7.34798393E-001
    218.92766   7.31782202E-001
    219.06633   7.28820610E-001
    219.20500   7.25913297E-001
    219.34367   7.23059942E-001
    219.48235   7.20260220E-001
    219.62102   7.17513803E-001
    219.75969   7.14820362E-001
    219.89836   7.12179564E-001
    220.03703   7.09591075E-001
    220.17571   7.07054558E-001
    220.31438   7.04569674E-001
    220.45305   7.02136081E-001
    220.59172   6.99753435E-001
    220.73039   6.97421393E-001
    220.86907   6.95139606E-001
    221.00774   6.92907724E-001
    221.14641   6.90725398E-001
    221.28508   6.88592275E-001
    221.42375   6.86508000E-001
    221.56243   6.84472217E-001
    221.70110   6.82484568E-001
    221.83977   6.80544696E-001
    221.97844   6.78652240E-001
    222.11712   6.76806839E-001
    222.25579   6.75008129E-001
    222.39446   6.73255747E-001
    222.53313   6.71549329E-001
    222.67180   6.69888507E-001
    222.81048   6.68272915E-001
    222.94915   6.66702185E-001
    223.08782   6.65175949E-001
    223.22649   6.63693837E-001
    223.36516   6.62255479E-001
    223.50384   6.60860503E-001
    223.64251   6.59508540E-001
    223.78118   6.58199215E-001
    223.91985   6.56932158E-001
    224.05852   6.55706995E-001
    224.19720   6.54523353E-001
    224.33587   6.53380858E-001
    224.47454   6.52279137E-001
    224.61321   6.51217816E-001
    224.75188   6.50196520E-001
    224.89056   6.49214875E-001
    225.02923   6.48272508E-001
    225.16790   6.47369044E-001
    225.30657   6.46504108E-001
    225.44525   6.45677327E-001
    225.58392   6.44888327E-001
    225.72259   6.44136735E-001
    225.86126   6.43422176E-001
    225.99993   6.42744279E-001
    226.13861   6.42102670E-001
    226.27728   6.41496977E-001
    226.41595   6.40926828E-001
    226.55462   6.40391853E-001
    226.69329   6.39891680E-001
    226.83197   6.39425939E-001
    226.97064   6.38994261E-001
    227.10931   6.38596277E-001
    227.24798   6.38231619E-001
    227.38665   6.37899919E-001
    227.52533   6.37600812E-001
    227.66400   6.37333931E-001
    227.80267   6.37098912E-001
    227.94134   6.36895390E-001
    228.08001   6.36723004E-001
    228.21869   6.36581390E-001
    228.35736   6.36470188E-001
    228.49603   6.36389038E-001
    228.63470   6.36337582E-001
    228.77338   6.36315462E-001
    228.91205   6.36322321E-001
    229.05072   6.36357804E-001
    229.18939   6.36421557E-001
    229.32806   6.36513227E-001
    229.46674   6.36632463E-001
    229.60541   6.36778914E-001
    229.74408   6.36952232E-001
    229.88275   6.37152070E-001
    230.02142   6.37378081E-001
    230.16010   6.37629920E-001
    230.29877   6.37907244E-001
    230.43744   6.38209712E-001
    230.57611   6.38536984E-001
    230.71478   6.38888720E-001
    230.85346   6.39264584E-001
    230.99213   6.39664240E-001
    231.13080   6.40087354E-001
    231.26947   6.40533594E-001
    231.40814   6.41002629E-001
    231.54682   6.41494130E-001
    231.68549   6.42007770E-001
    231.82416   6.42543223E-001
    231.96283   6.43100164E-001
    232.10150   6.43678273E-001
    232.24018   6.44277228E-001
    232.37885   6.44896710E-001
    232.51752   6.45536404E-001
    232.65619   6.46195993E-001
    232.79487   6.46875164E-001
    232.93354   6.47573607E-001
    233.07221   6.48291010E-001
    233.21088   6.49027068E-001
    233.34955   6.49781473E-001
    233.48823   6.50553921E-001
    233.62690   6.51344112E-001
    233.76557   6.52151743E-001
    233.90424   6.52976518E-001
    234.04291   6.53818140E-001
    234.18159   6.54676314E-001
    234.32026   6.55550748E-001
    234.45893   6.56441152E-001
    234.59760   6.57347237E-001
    234.73627   6.58268716E-001
    234.87495   6.59205305E-001
    235.01362   6.60156722E-001
    235.15229   6.61122685E-001
    235.29096   6.62102916E-001
    235.42963   6.63097139E-001
    235.56831   6.64105080E-001
    235.70698   6.65126465E-001
    235.84565   6.66161024E-001
    235.98432   6.67208488E-001
    236.12300   6.68268592E-001
    236.26167   6.69341071E-001
    236.40034   6.70425663E-001
    236.53901   6.71522106E-001
    236.67768   6.72630144E-001
    236.81636   6.73749520E-001
    236.95503   6.74879979E-001
    237.09370   6.76021269E-001
    237.23237   6.77173141E-001
    237.37104   6.78335347E-001
    237.50972   6.79507640E-001
    237.64839   6.80689776E-001
    237.78706   6.81881514E-001
    237.92573   6.83082615E-001
    238.06440   6.84292839E-001
    238.20308   6.85511952E-001
    238.34175   6.86739720E-001
    238.48042   6.87975910E-001
    238.61909   6.89220295E-001
    238.75776   6.90472646E-001
    238.89644   6.91732737E-001
    239.03511   6.93000345E-001
    239.17378   6.94275249E-001
    239.31245   6.95557229E-001
    239.45113   6.96846068E-001
    239.58980   6.98141551E-001
    239.72847   6.99443464E-001
    239.86714   7.00751595E-001
    240.00581   7.02065736E-001
    240.14449   7.03385679E-001
    240.28316   7.04711219E-001
    240.42183   7.06042151E-001
    240.56050   7.07378276E-001
    240.69917   7.08719394E-001
    240.83785   7.10065306E-001
    240.97652   7.11415818E-001
    241.11519   7.12770736E-001
    241.25386   7.14129868E-001
    241.39253   7.15493025E-001
    241.53121   7.16860019E-001
    241.66988   7.18230664E-001
    241.80855   7.19604776E-001
    241.94722   7.20982174E-001
    242.08589   7.22362677E-001
    242.22457   7.23746107E-001
    242.36324   7.25132288E-001
    242.50191   7.26521045E-001
    242.64058   7.27912206E-001
    242.77925   7.29305600E-001
    242.91793   7.30701058E-001
    243.05660   7.32098413E-001
    243.19527   7.33497501E-001
    243.33394   7.34898157E-001
    243.47262   7.36300220E-001
    243.61129   7.37703531E-001
    243.74996   7.39107932E-001
    243.88863   7.40513265E-001
    244.02730   7.41919378E-001
    244.16598   7.43326116E-001
    244.30465   7.44733331E-001
    244.44332   7.46140871E-001
    244.58199   7.47548590E-001
    244.72066   7.48956343E-001
    244.85934   7.50363984E-001
    244.99801   7.51771373E-001
    245.13668   7.53178368E-001
    245.27535   7.54584830E-001
    245.41402   7.55990623E-001
    245.55270   7.57395610E-001
    245.69137   7.58799658E-001
    245.83004   7.60202635E-001
    245.96871   7.61604409E-001
    246.10738   7.63004852E-001
    246.24606   7.64403836E-001
    246.38473   7.65801236E-001
    246.52340   7.67196926E-001
    246.66207   7.68590785E-001
    246.80075   7.69982692E-001
    246.93942   7.71372526E-001
    247.07809   7.72760169E-001
    247.21676   7.74145505E-001
    247.35543   7.75528420E-001
    247.49411   7.76908798E-001
    247.63278   7.78286529E-001
    247.77145   7.79661502E-001
    247.91012   7.81033607E-001
    248.04879   7.82402737E-001
    248.18747   7.83768786E-001
    248.32614   7.85131649E-001
    248.46481   7.86491222E-001
    248.60348   7.87847404E-001
    248.74215   7.89200094E-001
    248.88083   7.90549192E-001
    249.01950   7.91894602E-001
    249.15817   7.93236226E-001
    249.29684   7.94573970E-001
    249.43551   7.95907739E-001
    249.57419   7.97237441E-001
    249.71286   7.98562985E-001
    249.85153   7.99884282E-001
    249.99020   8.01201242E-001
    250.12888   8.02513779E-001
    250.26755   8.03821806E-001
    250.40622   8.05125238E-001
    250.54489   8.06423993E-001
    250.68356   8.07717988E-001
    250.82224   8.09007142E-001
    250.96091   8.10291374E-001
    251.09958   8.11570607E-001
    251.23825   8.12844763E-001
    251.37692   8.14113766E-001
    251.51560   8.15377541E-001
    251.65427   8.16636013E-001
    251.79294   8.17889110E-001
    251.93161   8.19136760E-001
    252.07028   8.20378892E-001
    252.20896   8.21615438E-001
    252.34763   8.22846329E-001
    252.48630   8.24071498E-001
    252.62497   8.25290878E-001
    252.76364   8.26504404E-001
    252.90232   8.27712012E-001
    253.04099   8.28913640E-001
    253.17966   8.30109225E-001
    253.31833   8.31298707E-001
    253.45700   8.32482025E-001
    253.59568   8.33659120E-001
    253.73435   8.34829935E-001
    253.87302   8.35994413E-001
    254.01169   8.37152497E-001
    254.15037   8.38304133E-001
    254.28904   8.39449266E-001
    254.42771   8.40587844E-001
    254.56638   8.41719814E-001
    254.70505   8.42845125E-001
    254.84373   8.43963726E-001
    254.98240   8.45075569E-001
    255.12107   8.46180604E-001
    255.25974   8.47278783E-001
    255.39841   8.48370061E-001
    255.53709   8.49454391E-001
    255.67576   8.50531727E-001
    255.81443   8.51602026E-001
    255.95310   8.52665245E-001
    256.09177   8.53721340E-001
    256.23045   8.54770269E-001
    256.36912   8.55811993E-001
    256.50779   8.56846470E-001
    256.64646   8.57873661E-001
    256.78513   8.58893528E-001
    256.92381   8.59906033E-001
    257.06248   8.60911138E-001
    257.20115   8.61908808E-001
    257.33982   8.62899006E-001
    257.47850   8.63881698E-001
    257.61717   8.64856849E-001
    257.75584   8.65824427E-001
    257.89451   8.66784399E-001
    258.03318   8.67736732E-001
    258.17186   8.68681395E-001
    258.31053   8.69618357E-001
    258.44920   8.70547590E-001
    258.58787   8.71469062E-001
    258.72654   8.72382747E-001
    258.86522   8.73288615E-001
    259.00389   8.74186639E-001
    259.14256   8.75076793E-001
    259.28123   8.75959051E-001
    259.41990   8.76833387E-001
    259.55858   8.77699777E-001
    259.69725   8.78558195E-001
    259.83592   8.79408619E-001
    259.97459   8.80251026E-001
    260.11326   8.81085392E-001
    260.25194   8.81911697E-001
    260.39061   8.82729919E-001
    260.52928   8.83540036E-001
    260.66795   8.84342030E-001
    260.80663   8.85135880E-001
    260.94530   8.85921568E-001
    261.08397   8.86699074E-001
    261.22264   8.87468381E-001
    261.36131   8.88229471E-001
    261.49999   8.88982328E-001
    261.63866   8.89726934E-001
    261.77733   8.90463274E-001
    261.91600   8.91191333E-001
    262.05467   8.91911095E-001
    262.19335   8.92622546E-001
    262.33202   8.93325672E-001
    262.47069   8.94020459E-001
    262.60936   8.94706895E-001
    262.74803   8.95384967E-001
    262.88671   8.96054662E-001
    263.02538   8.96715970E-001
    263.16405   8.97368878E-001
    263.30272   8.98013376E-001
    263.44139   8.98649454E-001
    263.58007   8.99277102E-001
    263.71874   8.99896310E-001
    263.85741   9.00507069E-001
    263.99608   9.01109370E-001
    264.13475   9.01703205E-001
    264.27343   9.02288567E-001
    264.41210   9.02865448E-001
    264.55077   9.03433841E-001
    264.68944   9.03993738E-001
    264.82812   9.04545135E-001
    264.96679   9.05088024E-001
    265.10546   9.05622401E-001
    265.24413   9.06148260E-001
    265.38280   9.06665596E-001
    265.52148   9.07174406E-001
    265.66015   9.07674684E-001
    265.79882   9.08166428E-001
    265.93749   9.08649633E-001
    266.07616   9.09124297E-001
    266.21484   9.09590417E-001
    266.35351   9.10047991E-001
    266.49218   9.10497016E-001
    266.63085   9.10937492E-001
    266.76952   9.11369416E-001
    266.90820   9.11792788E-001
    267.04687   9.12207606E-001
    267.18554   9.12613871E-001
    267.32421   9.13011582E-001
    267.46288   9.13400740E-001
    267.60156   9.13781345E-001
    267.74023   9.14153397E-001
    267.87890   9.14516899E-001
    268.01757   9.14871850E-001
    268.15625   9.15218254E-001
    268.29492   9.15556111E-001
    268.43359   9.15885425E-001
    268.57226   9.16206197E-001
    268.71093   9.16518431E-001
    268.84961   9.16822129E-001
    268.98828   9.17117295E-001
    269.12695   9.17403932E-001
    269.26562   9.17682045E-001
    269.40429   9.17951637E-001
    269.54297   9.18212713E-001
    269.68164   9.18465278E-001
    269.82031   9.18709336E-001
    269.95898   9.18944892E-001
    270.09765   9.19171952E-001
    270.23633   9.19390522E-001
    270.37500   9.19600607E-001
    270.51367   9.19802214E-001
    270.65234   9.19995349E-001
    270.79101   9.20180018E-001
    270.92969   9.20356228E-001
    271.06836   9.20523987E-001
    271.20703   9.20683301E-001
    271.34570   9.20834179E-001
    271.48438   9.20976627E-001
    271.62305   9.21110654E-001
    271.76172   9.21236268E-001
    271.90039   9.21353478E-001
    272.03906   9.21462291E-001
    272.17774   9.21562717E-001
    272.31641   9.21654765E-001
    272.45508   9.21738444E-001
    272.59375   9.21813763E-001
    272.73242   9.21880733E-001
    272.87110   9.21939362E-001
    273.00977   9.21989661E-001
    273.14844   9.22031640E-001
    273.28711   9.22065310E-001
    273.42578   9.22090681E-001
    273.56446   9.22107764E-001
    273.70313   9.22116571E-001
    273.84180   9.22117111E-001
    273.98047   9.22109397E-001
    274.11914   9.22093441E-001
    274.25782   9.22069253E-001
    274.39649   9.22036846E-001
    274.53516   9.21996233E-001
    274.67383   9.21947425E-001
    274.81250   9.21890435E-001
    274.95118   9.21825275E-001
    275.08985   9.21751959E-001
    275.22852   9.21670499E-001
    275.36719   9.21580908E-001
    275.50587   9.21483201E-001
    275.64454   9.21377390E-001
    275.78321   9.21263490E-001
    275.92188   9.21141513E-001
    276.06055   9.21011475E-001
    276.19923   9.20873389E-001
    276.33790   9.20727270E-001
    276.47657   9.20573132E-001
    276.61524   9.20410989E-001
    276.75391   9.20240858E-001
    276.89259   9.20062752E-001
    277.03126   9.19876688E-001
    277.16993   9.19682679E-001
    277.30860   9.19480742E-001
    277.44727   9.19270893E-001
    277.58595   9.19053147E-001
    277.72462   9.18827520E-001
    277.86329   9.18594028E-001
    278.00196   9.18352688E-001
    278.14063   9.18103516E-001
    278.27931   9.17846528E-001
    278.41798   9.17581741E-001
    278.55665   9.17309172E-001
    278.69532   9.17028839E-001
    278.83400   9.16740757E-001
    278.97267   9.16444944E-001
    279.11134   9.16141419E-001
    279.25001   9.15830197E-001
    279.38868   9.15511298E-001
    279.52736   9.15184738E-001
    279.66603   9.14850537E-001
    279.80470   9.14508711E-001
    279.94337   9.14159280E-001
    280.08204   9.13802261E-001
    280.22072   9.13437673E-001
    280.35939   9.13065536E-001
    280.49806   9.12685866E-001
    280.63673   9.12298685E-001
    280.77540   9.11904010E-001
    280.91408   9.11501860E-001
    281.05275   9.11092256E-001
    281.19142   9.10675217E-001
    281.33009   9.10250761E-001
    281.46876   9.09818910E-001
    281.60744   9.09379682E-001
    281.74611   9.08933098E-001
    281.88478   9.08479178E-001
    282.02345   9.08017941E-001
    282.16212   9.07549409E-001
    282.30080   9.07073602E-001
    282.43947   9.06590540E-001
    282.57814   9.06100245E-001
    282.71681   9.05602736E-001
    282.85549   9.05098035E-001
    282.99416   9.04586164E-001
    283.13283   9.04067142E-001
    283.27150   9.03540992E-001
    283.41017   9.03007735E-001
    283.54885   9.02467393E-001
    283.68752   9.01919986E-001
    283.82619   9.01365538E-001
    283.96486   9.00804069E-001
    284.10353   9.00235602E-001
    284.24221   8.99660160E-001
    284.38088   8.99077763E-001
    284.51955   8.98488435E-001
    284.65822   8.97892198E-001
    284.79689   8.97289075E-001
    284.93557   8.96679088E-001
    285.07424   8.96062260E-001
    285.21291   8.95438614E-001
    285.35158   8.94808173E-001
    285.49025   8.94170960E-001
    285.62893   8.93526998E-001
    285.76760   8.92876311E-001
    285.90627   8.92218923E-001
    286.04494   8.91554855E-001
    286.18362   8.90884133E-001
    286.32229   8.90206781E-001
    286.46096   8.89522820E-001
    286.59963   8.88832277E-001
    286.73830   8.88135175E-001
    286.87698   8.87431537E-001
    287.01565   8.86721389E-001
    287.15432   8.86004755E-001
    287.29299   8.85281658E-001
    287.43166   8.84552124E-001
    287.57034   8.83816178E-001
    287.70901   8.83073843E-001
    287.84768   8.82325145E-001
    287.98635   8.81570109E-001
    288.12502   8.80808759E-001
    288.26370   8.80041121E-001
    288.40237   8.79267221E-001
    288.54104   8.78487082E-001
    288.67971   8.77700731E-001
    288.81838   8.76908194E-001
    288.95706   8.76109495E-001
    289.09573   8.75304660E-001
    289.23440   8.74493715E-001
    289.37307   8.73676687E-001
    289.51175   8.72853600E-001
    289.65042   8.72024481E-001
    289.78909   8.71189356E-001
    289.92776   8.70348250E-001
    290.06643   8.69501191E-001
    290.20511   8.68648205E-001
    290.34378   8.67789318E-001
    290.48245   8.66924556E-001
    290.62112   8.66053946E-001
    290.75979   8.65177514E-001
    290.89847   8.64295288E-001
    291.03714   8.63407294E-001
    291.17581   8.62513560E-001
    291.31448   8.61614111E-001
    291.45315   8.60708975E-001
    291.59183   8.59798179E-001
    291.73050   8.58881750E-001
    291.86917   8.57959716E-001
    292.00784   8.57032103E-001
    292.14651   8.56098940E-001
    292.28519   8.55160253E-001
    292.42386   8.54216070E-001
    292.56253   8.53266419E-001
    292.70120   8.52311328E-001
    292.83987   8.51350823E-001
    292.97855   8.50384933E-001
    293.11722   8.49413685E-001
    293.25589   8.48437109E-001
    293.39456   8.47455230E-001
    293.53324   8.46468078E-001
    293.67191   8.45475681E-001
    293.81058   8.44478066E-001
    293.94925   8.43475263E-001
    294.08792   8.42467298E-001
    294.22660   8.41454202E-001
    294.36527   8.40436001E-001
    294.50394   8.39412724E-001
    294.64261   8.38384400E-001
    294.78128   8.37351057E-001
    294.91996   8.36312725E-001
    295.05863   8.35269430E-001
    295.19730   8.34221203E-001
    295.33597   8.33168073E-001
    295.47464   8.32110066E-001
    295.61332   8.31047214E-001
    295.75199   8.29979544E-001
    295.89066   8.28907085E-001
    296.02933   8.27829866E-001
    296.16800   8.26747917E-001
    296.30668   8.25661267E-001
    296.44535   8.24569944E-001
    296.58402   8.23473977E-001
    296.72269   8.22373397E-001
    296.86137   8.21268231E-001
    297.00004   8.20158510E-001
    297.13871   8.19044262E-001
    297.27738   8.17925517E-001
    297.41605   8.16802305E-001
    297.55473   8.15674654E-001
    297.69340   8.14542595E-001
    297.83207   8.13406155E-001
    297.97074   8.12265366E-001
    298.10941   8.11120257E-001
    298.24809   8.09970856E-001
    298.38676   8.08817195E-001
    298.52543   8.07659301E-001
    298.66410   8.06497206E-001
    298.80277   8.05330938E-001
    298.94145   8.04160528E-001
    299.08012   8.02986004E-001
    299.21879   8.01807397E-001
    299.35746   8.00624737E-001
    299.49613   7.99438053E-001
    299.63481   7.98247375E-001
    299.77348   7.97052732E-001
    299.91215   7.95854156E-001
    300.05082   7.94651675E-001
    300.18950   7.93445319E-001
    300.32817   7.92235118E-001
    300.46684   7.91021102E-001
    300.60551   7.89803302E-001
    300.74418   7.88581746E-001
    300.88286   7.87356465E-001
    301.02153   7.86127489E-001
    301.16020   7.84894847E-001
    301.29887   7.83658570E-001
    301.43754   7.82418688E-001
    301.57622   7.81175230E-001
    301.71489   7.79928227E-001
    301.85356   7.78677707E-001
    301.99223   7.77423703E-001
    302.13090   7.76166242E-001
    302.26958   7.74905356E-001
    302.40825   7.73641074E-001
    302.54692   7.72373427E-001
    302.68559   7.71102443E-001
    302.82426   7.69828154E-001
    302.96294   7.68550588E-001
    303.10161   7.67269777E-001
    303.24028   7.65985750E-001
    303.37895   7.64698536E-001
    303.51762   7.63408166E-001
    303.65630   7.62114671E-001
    303.79497   7.60818078E-001
    303.93364   7.59518419E-001
    304.07231   7.58215724E-001
    304.21099   7.56910021E-001
    304.34966   7.55601342E-001
    304.48833   7.54289716E-001
    304.62700   7.52975172E-001
    304.76567   7.51657741E-001
    304.90435   7.50337453E-001
    305.04302   7.49014336E-001
    305.18169   7.47688421E-001
    305.32036   7.46359738E-001
    305.45903   7.45028316E-001
    305.59771   7.43694185E-001
    305.73638   7.42357374E-001
    305.87505   7.41017913E-001
    306.01372   7.39675833E-001
    306.15239   7.38331161E-001
    306.29107   7.36983929E-001
    306.42974   7.35634165E-001
    306.56841   7.34281899E-001
    306.70708   7.32927160E-001
    306.84575   7.31569978E-001
    306.98443   7.30210382E-001
    307.12310   7.28848401E-001
    307.26177   7.27484066E-001
    307.40044   7.26117404E-001
    307.53912   7.24748446E-001
    307.67779   7.23377221E-001
    307.81646   7.22003757E-001
    307.95513   7.20628084E-001
    308.09380   7.19250231E-001
    308.23248   7.17870227E-001
    308.37115   7.16488102E-001
    308.50982   7.15103883E-001
    308.64849   7.13717600E-001
    308.78716   7.12329282E-001
    308.92584   7.10938958E-001
    309.06451   7.09546657E-001
    309.20318   7.08152406E-001
    309.34185   7.06756236E-001
    309.48052   7.05358174E-001
    309.61920   7.03958249E-001
    309.75787   7.02556490E-001
    309.89654   7.01152925E-001
    310.03521   6.99747583E-001
    310.17388   6.98340492E-001
    310.31256   6.96931681E-001
    310.45123   6.95521177E-001
    310.58990   6.94109009E-001
    310.72857   6.92695206E-001
    310.86725   6.91279794E-001
    311.00592   6.89862803E-001
    311.14459   6.88444260E-001
    311.28326   6.87024194E-001
    311.42193   6.85602631E-001
    311.56061   6.84179601E-001
    311.69928   6.82755130E-001
    311.83795   6.81329247E-001
    311.97662   6.79901979E-001
    312.11529   6.78473353E-001
    312.25397   6.77043398E-001
    312.39264   6.75612140E-001
    312.53131   6.74179608E-001
    312.66998   6.72745827E-001
    312.80865   6.71310826E-001
    312.94733   6.69874632E-001
    313.08600   6.68437272E-001
    313.22467   6.66998773E-001
    313.36334   6.65559161E-001
    313.50201   6.64118464E-001
    313.64069   6.62676709E-001
    313.77936   6.61233922E-001
    313.91803   6.59790130E-001
    314.05670   6.58345360E-001
    314.19537   6.56899638E-001
    314.33405   6.55452991E-001
    314.47272   6.54005444E-001
    314.61139   6.52557025E-001
    314.75006   6.51107759E-001
    314.88874   6.49657673E-001
    315.02741   6.48206793E-001
    315.16608   6.46755145E-001
    315.30475   6.45302754E-001
    315.44342   6.43849647E-001
    315.58210   6.42395849E-001
    315.72077   6.40941386E-001
    315.85944   6.39486283E-001
    315.99811   6.38030567E-001
    316.13678   6.36574262E-001
    316.27546   6.35117393E-001
    316.41413   6.33659987E-001
    316.55280   6.32202068E-001
    316.69147   6.30743662E-001
    316.83014   6.29284792E-001
    316.96882   6.27825485E-001
    317.10749   6.26365765E-001
    317.24616   6.24905657E-001
    317.38483   6.23445185E-001
    317.52350   6.21984375E-001
    317.66218   6.20523250E-001
    317.80085   6.19061834E-001
    317.93952   6.17600153E-001
    318.07819   6.16138231E-001
    318.21687   6.14676091E-001
    318.35554   6.13213757E-001
    318.49421   6.11751254E-001
    318.63288   6.10288605E-001
    318.77155   6.08825835E-001
    318.91023   6.07362966E-001
    319.04890   6.05900022E-001
    319.18757   6.04437027E-001
    319.32624   6.02974004E-001
    319.46491   6.01510977E-001
    319.60359   6.00047968E-001
    319.74226   5.98585001E-001
    319.88093   5.97122099E-001
    320.01960   5.95659284E-001
    320.15827   5.94196579E-001
    320.29695   5.92734008E-001
    320.43562   5.91271592E-001
    320.57429   5.89809354E-001
    320.71296   5.88347317E-001
    320.85163   5.86885503E-001
    320.99031   5.85423934E-001
    321.12898   5.83962632E-001
    321.26765   5.82501619E-001
    321.40632   5.81040918E-001
    321.54500   5.79580549E-001
    321.68367   5.78120535E-001
    321.82234   5.76660897E-001
    321.96101   5.75201656E-001
    322.09968   5.73742835E-001
    322.23836   5.72284455E-001
    322.37703   5.70826536E-001
    322.51570   5.69369099E-001
    322.65437   5.67912167E-001
    322.79304   5.66455758E-001
    322.93172   5.64999896E-001
    323.07039   5.63544599E-001
    323.20906   5.62089889E-001
    323.34773   5.60635786E-001
    323.48640   5.59182311E-001
    323.62508   5.57729483E-001
    323.76375   5.56277323E-001
    323.90242   5.54825851E-001
    324.04109   5.53375087E-001
    324.17976   5.51925051E-001
    324.31844   5.50475763E-001
    324.45711   5.49027241E-001
    324.59578   5.47579506E-001
    324.73445   5.46132577E-001
    324.87312   5.44686473E-001
    325.01180   5.43241214E-001
    325.15047   5.41796819E-001
    325.28914   5.40353307E-001
    325.42781   5.38910696E-001
    325.56649   5.37469005E-001
    325.70516   5.36028253E-001
    325.84383   5.34588459E-001
    325.98250   5.33149641E-001
    326.12117   5.31711817E-001
    326.25985   5.30275006E-001
    326.39852   5.28839225E-001
    326.53719   5.27404494E-001
    326.67586   5.25970829E-001
    326.81453   5.24538248E-001
    326.95321   5.23106770E-001
    327.09188   5.21676412E-001
    327.23055   5.20247190E-001
    327.36922   5.18819124E-001
    327.50789   5.17392229E-001
    327.64657   5.15966523E-001
    327.78524   5.14542024E-001
    327.92391   5.13118747E-001
    328.06258   5.11696711E-001
    328.20125   5.10275931E-001
    328.33993   5.08856424E-001
    328.47860   5.07438207E-001
    328.61727   5.06021296E-001
    328.75594   5.04605708E-001
    328.89462   5.03191458E-001
    329.03329   5.01778563E-001
    329.17196   5.00367038E-001
    329.31063   4.98956900E-001
    329.44930   4.97548164E-001
    329.58798   4.96140846E-001
    329.72665   4.94734961E-001
    329.86532   4.93330525E-001
    330.00399   4.91927553E-001
    330.14266   4.90526061E-001
    330.28134   4.89126062E-001
    330.42001   4.87727574E-001
    330.55868   4.86330609E-001
    330.69735   4.84935183E-001
    330.83602   4.83541311E-001
    330.97470   4.82149007E-001
    331.11337   4.80758286E-001
    331.25204   4.79369162E-001
    331.39071   4.77981649E-001
    331.52938   4.76595761E-001
    331.66806   4.75211513E-001
    331.80673   4.73828918E-001
    331.94540   4.72447989E-001
    332.08407   4.71068742E-001
    332.22275   4.69691188E-001
    332.36142   4.68315343E-001
    332.50009   4.66941218E-001
    332.63876   4.65568828E-001
    332.77743   4.64198185E-001
    332.91611   4.62829303E-001
    333.05478   4.61462194E-001
    333.19345   4.60096872E-001
    333.33212   4.58733348E-001
    333.47079   4.57371637E-001
    333.60947   4.56011749E-001
    333.74814   4.54653698E-001
    333.88681   4.53297495E-001
    334.02548   4.51943154E-001
    334.16415   4.50590685E-001
    334.30283   4.49240102E-001
    334.44150   4.47891416E-001
    334.58017   4.46544638E-001
    334.71884   4.45199781E-001
    334.85751   4.43856855E-001
    334.99619   4.42515873E-001
    335.13486   4.41176846E-001
    335.27353   4.39839784E-001
    335.41220   4.38504700E-001
    335.55087   4.37171604E-001
    335.68955   4.35840507E-001
    335.82822   4.34511420E-001
    335.96689   4.33184353E-001
    336.10556   4.31859318E-001
    336.24424   4.30536325E-001
    336.38291   4.29215383E-001
    336.52158   4.27896505E-001
    336.66025   4.26579699E-001
    336.79892   4.25264976E-001
    336.93760   4.23952345E-001
    337.07627   4.22641818E-001
    337.21494   4.21333403E-001
    337.35361   4.20027110E-001
    337.49228   4.18722950E-001
    337.63096   4.17420930E-001
    337.76963   4.16121062E-001
    337.90830   4.14823353E-001
    338.04697   4.13527814E-001
    338.18564   4.12234454E-001
    338.32432   4.10943281E-001
    338.46299   4.09654304E-001
    338.60166   4.08367532E-001
    338.74033   4.07082975E-001
    338.87900   4.05800640E-001
    339.01768   4.04520536E-001
    339.15635   4.03242671E-001
    339.29502   4.01967055E-001
    339.43369   4.00693694E-001
    339.57237   3.99422597E-001
    339.71104   3.98153773E-001
    339.84971   3.96887229E-001
    339.98838   3.95622973E-001
    340.12705   3.94361013E-001
    340.26573   3.93101356E-001
    340.40440   3.91844010E-001
    340.54307   3.90588982E-001
    340.68174   3.89336281E-001
    340.82041   3.88085912E-001
    340.95909   3.86837884E-001
    341.09776   3.85592203E-001
    341.23643   3.84348877E-001
    341.37510   3.83107912E-001
    341.51377   3.81869315E-001
    341.65245   3.80633093E-001
    341.79112   3.79399252E-001
    341.92979   3.78167799E-001
    342.06846   3.76938741E-001
    342.20713   3.75712084E-001
    342.34581   3.74487834E-001
    342.48448   3.73265997E-001
    342.62315   3.72046580E-001
    342.76182   3.70829588E-001
    342.90050   3.69615028E-001
    343.03917   3.68402904E-001
    343.17784   3.67193224E-001
    343.31651   3.65985992E-001
    343.45518   3.64781215E-001
    343.59386   3.63578896E-001
    343.73253   3.62379043E-001
    343.87120   3.61181661E-001
    344.00987   3.59986754E-001
    344.14854   3.58794327E-001
    344.28722   3.57604386E-001
    344.42589   3.56416936E-001
    344.56456   3.55231982E-001
    344.70323   3.54049528E-001
    344.84190   3.52869579E-001
    344.98058   3.51692140E-001
    345.11925   3.50517215E-001
    345.25792   3.49344809E-001
    345.39659   3.48174926E-001
    345.53526   3.47007571E-001
    345.67394   3.45842747E-001
    345.81261   3.44680459E-001
    345.95128   3.43520711E-001
    346.08995   3.42363506E-001
    346.22862   3.41208850E-001
    346.36730   3.40056745E-001
    346.50597   3.38907195E-001
    346.64464   3.37760204E-001
    346.78331   3.36615776E-001
    346.92199   3.35473914E-001
    347.06066   3.34334622E-001
    347.19933   3.33197902E-001
    347.33800   3.32063759E-001
    347.47667   3.30932194E-001
    347.61535   3.29803213E-001
    347.75402   3.28676816E-001
    347.89269   3.27553009E-001
    348.03136   3.26431792E-001
    348.17003   3.25313170E-001
    348.30871   3.24197145E-001
    348.44738   3.23083719E-001
    348.58605   3.21972895E-001
    348.72472   3.20864677E-001
    348.86339   3.19759065E-001
    349.00207   3.18656063E-001
    349.14074   3.17555673E-001
    349.27941   3.16457897E-001
    349.41808   3.15362737E-001
    349.55675   3.14270196E-001
    349.69543   3.13180275E-001
    349.83410   3.12092976E-001
    349.97277   3.11008302E-001
    350.11144   3.09926254E-001
    350.25012   3.08846833E-001
    350.38879   3.07770042E-001
    350.52746   3.06695883E-001
    350.66613   3.05624356E-001
    350.80480   3.04555463E-001
    350.94348   3.03489205E-001
    351.08215   3.02425585E-001
    351.22082   3.01364603E-001
    351.35949   3.00306260E-001
    351.49816   2.99250557E-001
    351.63684   2.98197497E-001
    351.77551   2.97147079E-001
    351.91418   2.96099304E-001
    352.05285   2.95054174E-001
    352.19152   2.94011690E-001
    352.33020   2.92971851E-001
    352.46887   2.91934659E-001
    352.60754   2.90900115E-001
    352.74621   2.89868219E-001
    352.88488   2.88838971E-001
    353.02356   2.87812372E-001
    353.16223   2.86788423E-001
    353.30090   2.85767123E-001
    353.43957   2.84748474E-001
    353.57824   2.83732474E-001
    353.71692   2.82719125E-001
    353.85559   2.81708427E-001
    353.99426   2.80700379E-001
    354.13293   2.79694981E-001
    354.27161   2.78692234E-001
    354.41028   2.77692137E-001
    354.54895   2.76694691E-001
    354.68762   2.75699894E-001
    354.82629   2.74707747E-001
    354.96497   2.73718249E-001
    355.10364   2.72731399E-001
    355.24231   2.71747198E-001
    355.38098   2.70765645E-001
    355.51965   2.69786739E-001
    355.65833   2.68810480E-001
    355.79700   2.67836867E-001
    355.93567   2.66865899E-001
    356.07434   2.65897575E-001
    356.21301   2.64931895E-001
    356.35169   2.63968857E-001
    356.49036   2.63008462E-001
    356.62903   2.62050707E-001
    356.76770   2.61095592E-001
    356.90637   2.60143115E-001
    357.04505   2.59193276E-001
    357.18372   2.58246073E-001
    357.32239   2.57301505E-001
    357.46106   2.56359571E-001
    357.59974   2.55420269E-001
    357.73841   2.54483598E-001
    357.87708   2.53549557E-001
    358.01575   2.52618144E-001
    358.15442   2.51689358E-001
    358.29310   2.50763196E-001
    358.43177   2.49839658E-001
    358.57044   2.48918742E-001
    358.70911   2.48000445E-001
    358.84778   2.47084767E-001
    358.98646   2.46171705E-001
    359.12513   2.45261258E-001
    359.26380   2.44353424E-001
    359.40247   2.43448200E-001
    359.54114   2.42545585E-001
    359.67982   2.41645577E-001
    359.81849   2.40748174E-001
    359.95716   2.39853373E-001
    360.09583   2.38961172E-001
    360.23450   2.38071570E-001
    360.37318   2.37184564E-001
    360.51185   2.36300152E-001
    360.65052   2.35418331E-001
    360.78919   2.34539099E-001
    360.92787   2.33662454E-001
    361.06654   2.32788393E-001
    361.20521   2.31916913E-001
    361.34388   2.31048014E-001
    361.48255   2.30181690E-001
    361.62123   2.29317942E-001
    361.75990   2.28456764E-001
    361.89857   2.27598155E-001
    362.03724   2.26742113E-001
    362.17591   2.25888634E-001
    362.31459   2.25037716E-001
    362.45326   2.24189355E-001
    362.59193   2.23343550E-001
    362.73060   2.22500297E-001
    362.86927   2.21659592E-001
    363.00795   2.20821435E-001
    363.14662   2.19985820E-001
    363.28529   2.19152746E-001
    363.42396   2.18322209E-001
    363.56263   2.17494206E-001
    363.70131   2.16668734E-001
    363.83998   2.15845790E-001
    363.97865   2.15025371E-001
    364.11732   2.14207473E-001
    364.25599   2.13392093E-001
    364.39467   2.12579229E-001
    364.53334   2.11768876E-001
    364.67201   2.10961031E-001
    364.81068   2.10155691E-001
    364.94936   2.09352853E-001
    365.08803   2.08552513E-001
    365.22670   2.07754668E-001
    365.36537   2.06959313E-001
    365.50404   2.06166447E-001
    365.64272   2.05376064E-001
    365.78139   2.04588162E-001
    365.92006   2.03802737E-001
    366.05873   2.03019785E-001
    366.19740   2.02239303E-001
    366.33608   2.01461287E-001
    366.47475   2.00685733E-001
    366.61342   1.99912638E-001
    366.75209   1.99141997E-001
    366.89076   1.98373807E-001
    367.02944   1.97608064E-001
    367.16811   1.96844765E-001
    367.30678   1.96083905E-001
    367.44545   1.95325480E-001
    367.58412   1.94569488E-001
    367.72280   1.93815922E-001
    367.86147   1.93064781E-001
    368.00014   1.92316059E-001
    368.13881   1.91569753E-001
    368.27749   1.90825859E-001
    368.41616   1.90084372E-001
    368.55483   1.89345289E-001
    368.69350   1.88608605E-001
    368.83217   1.87874316E-001
    368.97085   1.87142419E-001
    369.10952   1.86412909E-001
    369.24819   1.85685781E-001
    369.38686   1.84961032E-001
    369.52553   1.84238657E-001
    369.66421   1.83518653E-001
    369.80288   1.82801014E-001
    369.94155   1.82085737E-001
    370.08022   1.81372817E-001
    370.21889   1.80662250E-001
    370.35757   1.79954032E-001
    370.49624   1.79248158E-001
    370.63491   1.78544623E-001
    370.77358   1.77843424E-001
    370.91225   1.77144556E-001
    371.05093   1.76448015E-001
    371.18960   1.75753796E-001
    371.32827   1.75061894E-001
    371.46694   1.74372305E-001
    371.60562   1.73685025E-001
    371.74429   1.73000049E-001
    371.88296   1.72317373E-001
    372.02163   1.71636992E-001
    372.16030   1.70958901E-001
    372.29898   1.70283096E-001
    372.43765   1.69609572E-001
    372.57632   1.68938324E-001
    372.71499   1.68269349E-001
    372.85366   1.67602641E-001
    372.99234   1.66938196E-001
    373.13101   1.66276009E-001
    373.26968   1.65616075E-001
    373.40835   1.64958389E-001
    373.54702   1.64302948E-001
    373.68570   1.63649745E-001
    373.82437   1.62998777E-001
    373.96304   1.62350039E-001
    374.10171   1.61703525E-001
    374.24038   1.61059232E-001
    374.37906   1.60417154E-001
    374.51773   1.59777286E-001
    374.65640   1.59139625E-001
    374.79507   1.58504164E-001
    374.93374   1.57870899E-001
    375.07242   1.57239825E-001
    375.21109   1.56610937E-001
    375.34976   1.55984231E-001
    375.48843   1.55359702E-001
    375.62711   1.54737344E-001
    375.76578   1.54117153E-001
    375.90445   1.53499123E-001
    376.04312   1.52883251E-001
    376.18179   1.52269531E-001
    376.32047   1.51657957E-001
    376.45914   1.51048526E-001
    376.59781   1.50441232E-001
    376.73648   1.49836070E-001
    376.87515   1.49233036E-001
    377.01383   1.48632123E-001
    377.15250   1.48033328E-001
    377.29117   1.47436645E-001
    377.42984   1.46842069E-001
    377.56851   1.46249596E-001
    377.70719   1.45659220E-001
    377.84586   1.45070936E-001
    377.98453   1.44484739E-001
    378.12320   1.43900624E-001
    378.26187   1.43318586E-001
    378.40055   1.42738620E-001
    378.53922   1.42160721E-001
    378.67789   1.41584884E-001
    378.81656   1.41011104E-001
    378.95524   1.40439376E-001
    379.09391   1.39869694E-001
    379.23258   1.39302054E-001
    379.37125   1.38736450E-001
    379.50992   1.38172878E-001
    379.64860   1.37611332E-001
    379.78727   1.37051807E-001
    379.92594   1.36494298E-001
    380.06461   1.35938800E-001
    380.20328   1.35385308E-001
    380.34196   1.34833817E-001
    380.48063   1.34284321E-001
    380.61930   1.33736815E-001
    380.75797   1.33191295E-001
    380.89664   1.32647756E-001
    381.03532   1.32106191E-001
    381.17399   1.31566596E-001
    381.31266   1.31028966E-001
    381.45133   1.30493296E-001
    381.59000   1.29959580E-001
    381.72868   1.29427813E-001
    381.86735   1.28897991E-001
    382.00602   1.28370107E-001
    382.14469   1.27844157E-001
    382.28337   1.27320137E-001
    382.42204   1.26798039E-001
    382.56071   1.26277860E-001
    382.69938   1.25759594E-001
    382.83805   1.25243237E-001
    382.97673   1.24728782E-001
    383.11540   1.24216225E-001
    383.25407   1.23705560E-001
    383.39274   1.23196783E-001
    383.53141   1.22689888E-001
    383.67009   1.22184870E-001
    383.80876   1.21681725E-001
    383.94743   1.21180445E-001
    384.08610   1.20681028E-001
    384.22477   1.20183467E-001
    384.36345   1.19687757E-001
    384.50212   1.19193893E-001
    384.64079   1.18701870E-001
    384.77946   1.18211682E-001
    384.91813   1.17723326E-001
    385.05681   1.17236794E-001
    385.19548   1.16752084E-001
    385.33415   1.16269188E-001
    385.47282   1.15788102E-001
    385.61149   1.15308821E-001
    385.75017   1.14831339E-001
    385.88884   1.14355652E-001
    386.02751   1.13881754E-001
    386.16618   1.13409641E-001
    386.30486   1.12939307E-001
    386.44353   1.12470746E-001
    386.58220   1.12003954E-001
    386.72087   1.11538926E-001
    386.85954   1.11075657E-001
    386.99822   1.10614141E-001
    387.13689   1.10154373E-001
    387.27556   1.09696348E-001
    387.41423   1.09240061E-001
    387.55290   1.08785507E-001
    387.69158   1.08332680E-001
    387.83025   1.07881577E-001
    387.96892   1.07432191E-001
    388.10759   1.06984517E-001
    388.24626   1.06538550E-001
    388.38494   1.06094286E-001
    388.52361   1.05651719E-001
    388.66228   1.05210844E-001
    388.80095   1.04771656E-001
    388.93962   1.04334150E-001
    389.07830   1.03898320E-001
    389.21697   1.03464163E-001
    389.35564   1.03031671E-001
    389.49431   1.02600842E-001
    389.63299   1.02171669E-001
    389.77166   1.01744147E-001
    389.91033   1.01318272E-001
    390.04900   1.00894039E-001
    390.18767   1.00471441E-001
    390.32635   1.00050475E-001
    390.46502   9.96311351E-002
    390.60369   9.92134165E-002
    390.74236   9.87973141E-002
    390.88103   9.83828229E-002
    391.01971   9.79699379E-002
    391.15838   9.75586541E-002
    391.29705   9.71489665E-002
    391.43572   9.67408701E-002
    391.57439   9.63343599E-002
    391.71307   9.59294310E-002
    391.85174   9.55260784E-002
    391.99041   9.51242970E-002
    392.12908   9.47240821E-002
    392.26775   9.43254285E-002
    392.40643   9.39283313E-002
    392.54510   9.35327857E-002
    392.68377   9.31387866E-002
    392.82244   9.27463291E-002
    392.96112   9.23554084E-002
    393.09979   9.19660195E-002
    393.23846   9.15781575E-002
    393.37713   9.11918175E-002
    393.51580   9.08069946E-002
    393.65448   9.04236839E-002
    393.79315   9.00418805E-002
    393.93182   8.96615796E-002
    394.07049   8.92827763E-002
    394.20916   8.89054657E-002
    394.34784   8.85296430E-002
    394.48651   8.81553033E-002
    394.62518   8.77824419E-002
    394.76385   8.74110538E-002
    394.90252   8.70411343E-002
    395.04120   8.66726785E-002
    395.17987   8.63056817E-002
    395.31854   8.59401390E-002
    395.45721   8.55760456E-002
    395.59588   8.52133968E-002
    395.73456   8.48521878E-002
    395.87323   8.44924138E-002
    396.01190   8.41340701E-002
    396.15057   8.37771518E-002
    396.28924   8.34216544E-002
    396.42792   8.30675730E-002
    396.56659   8.27149029E-002
    396.70526   8.23636394E-002
    396.84393   8.20137777E-002
    396.98261   8.16653133E-002
    397.12128   8.13182413E-002
    397.25995   8.09725571E-002
    397.39862   8.06282561E-002
    397.53729   8.02853335E-002
    397.67597   7.99437847E-002
    397.81464   7.96036051E-002
    397.95331   7.92647900E-002
    398.09198   7.89273347E-002
    398.23065   7.85912347E-002
    398.36933   7.82564854E-002
    398.50800   7.79230821E-002
    398.64667   7.75910202E-002
    398.78534   7.72602951E-002
    398.92401   7.69309024E-002
    399.06269   7.66028373E-002
    399.20136   7.62760954E-002
    399.34003   7.59506720E-002
    399.47870   7.56265627E-002
    399.61737   7.53037629E-002
    399.75605   7.49822681E-002
    399.89472   7.46620737E-002
    400.03339   7.43431754E-002
    400.17206   7.40255685E-002
    400.31074   7.37092485E-002
    400.44941   7.33942111E-002
    400.58808   7.30804517E-002
    400.72675   7.27679659E-002
    400.86542   7.24567492E-002
    401.00410   7.21467972E-002
    401.14277   7.18381055E-002
    401.28144   7.15306696E-002
    401.42011   7.12244851E-002
    401.55878   7.09195476E-002
    401.69746   7.06158528E-002
    401.83613   7.03133962E-002
    401.97480   7.00121736E-002
    402.11347   6.97121804E-002
    402.25214   6.94134124E-002
    402.39082   6.91158652E-002
    402.52949   6.88195345E-002
    402.66816   6.85244160E-002
    402.80683   6.82305053E-002
    402.94550   6.79377982E-002
    403.08418   6.76462903E-002
    403.22285   6.73559774E-002
    403.36152   6.70668553E-002
    403.50019   6.67789195E-002
    403.63887   6.64921659E-002
    403.77754   6.62065903E-002
    403.91621   6.59221884E-002
    404.05488   6.56389560E-002
    404.19355   6.53568888E-002
    404.33223   6.50759827E-002
    404.47090   6.47962335E-002
    404.60957   6.45176370E-002
    404.74824   6.42401890E-002
    404.88691   6.39638853E-002
    405.02559   6.36887219E-002
    405.16426   6.34146945E-002
    405.30293   6.31417991E-002
    405.44160   6.28700315E-002
    405.58027   6.25993876E-002
    405.71895   6.23298632E-002
    405.85762   6.20614544E-002
    405.99629   6.17941570E-002
    406.13496   6.15279670E-002
    406.27363   6.12628803E-002
    406.41231   6.09988929E-002
    406.55098   6.07360006E-002
    406.68965   6.04741996E-002
    406.82832   6.02134857E-002
    406.96699   5.99538549E-002
    407.10567   5.96953034E-002
    407.24434   5.94378270E-002
    407.38301   5.91814218E-002
    407.52168   5.89260838E-002
    407.66036   5.86718092E-002
    407.79903   5.84185938E-002
    407.93770   5.81664339E-002
    408.07637   5.79153254E-002
    408.21504   5.76652645E-002
    408.35372   5.74162473E-002
    408.49239   5.71682698E-002
    408.63106   5.69213282E-002
    408.76973   5.66754187E-002
    408.90840   5.64305373E-002
    409.04708   5.61866801E-002
    409.18575   5.59438435E-002
    409.32442   5.57020235E-002
    409.46309   5.54612163E-002
    409.60176   5.52214181E-002
    409.74044   5.49826251E-002
    409.87911   5.47448335E-002
    410.01778   5.45080396E-002
    410.15645   5.42722395E-002
    410.29512   5.40374296E-002
    410.43380   5.38036061E-002
    410.57247   5.35707652E-002
    410.71114   5.33389032E-002
    410.84981   5.31080164E-002
    410.98849   5.28781011E-002
    411.12716   5.26491536E-002
    411.26583   5.24211703E-002
    411.40450   5.21941474E-002
    411.54317   5.19680813E-002
    411.68185   5.17429684E-002
    411.82052   5.15188049E-002
    411.95919   5.12955873E-002
    412.09786   5.10733120E-002
    412.23653   5.08519753E-002
    412.37521   5.06315737E-002
    412.51388   5.04121036E-002
    412.65255   5.01935613E-002
    412.79122   4.99759434E-002
    412.92989   4.97592462E-002
    413.06857   4.95434662E-002
    413.20724   4.93286000E-002
    413.34591   4.91146439E-002
    413.48458   4.89015944E-002
    413.62325   4.86894481E-002
    413.76193   4.84782014E-002
    413.90060   4.82678509E-002
    414.03927   4.80583931E-002
    414.17794   4.78498246E-002
    414.31662   4.76421418E-002
    414.45529   4.74353414E-002
    414.59396   4.72294199E-002
    414.73263   4.70243739E-002
    414.87130   4.68201999E-002
    415.00998   4.66168947E-002
    415.14865   4.64144548E-002
    415.28732   4.62128768E-002
    415.42599   4.60121574E-002
    415.56466   4.58122931E-002
    415.70334   4.56132807E-002
    415.84201   4.54151169E-002
    415.98068   4.52177982E-002
    416.11935   4.50213214E-002
    416.25802   4.48256831E-002
    416.39670   4.46308802E-002
    416.53537   4.44369092E-002
    416.67404   4.42437670E-002
    416.81271   4.40514502E-002
    416.95138   4.38599556E-002
    417.09006   4.36692800E-002
    417.22873   4.34794201E-002
    417.36740   4.32903727E-002
    417.50607   4.31021346E-002
    417.64474   4.29147026E-002
    417.78342   4.27280735E-002
    417.92209   4.25422441E-002
    418.06076   4.23572112E-002
    418.19943   4.21729717E-002
    418.33811   4.19895225E-002
    418.47678   4.18068603E-002
    418.61545   4.16249821E-002
    418.75412   4.14438847E-002
    418.89279   4.12635651E-002
    419.03147   4.10840201E-002
    419.17014   4.09052466E-002
    419.30881   4.07272416E-002
    419.44748   4.05500020E-002
    419.58615   4.03735247E-002
    419.72483   4.01978067E-002
    419.86350   4.00228449E-002
    420.00217   3.98486363E-002
    420.14084   3.96751779E-002
    420.27951   3.95024667E-002
    420.41819   3.93304997E-002
    420.55686   3.91592738E-002
    420.69553   3.89887862E-002
    420.83420   3.88190338E-002
    420.97287   3.86500136E-002
    421.11155   3.84817228E-002
    421.25022   3.83141584E-002
    421.38889   3.81473174E-002
    421.52756   3.79811970E-002
    421.66624   3.78157942E-002
    421.80491   3.76511061E-002
    421.94358   3.74871298E-002
    422.08225   3.73238625E-002
    422.22092   3.71613013E-002
    422.35960   3.69994432E-002
    422.49827   3.68382856E-002
    422.63694   3.66778254E-002
    422.77561   3.65180600E-002
    422.91428   3.63589864E-002
    423.05296   3.62006018E-002
    423.19163   3.60429035E-002
    423.33030   3.58858887E-002
    423.46897   3.57295545E-002
    423.60764   3.55738982E-002
    423.74632   3.54189170E-002
    423.88499   3.52646082E-002
    424.02366   3.51109690E-002
    424.16233   3.49579967E-002
    424.30100   3.48056886E-002
    424.43968   3.46540419E-002
    424.57835   3.45030539E-002
    424.71702   3.43527220E-002
    424.85569   3.42030434E-002
    424.99436   3.40540154E-002
    425.13304   3.39056355E-002
    425.27171   3.37579009E-002
    425.41038   3.36108089E-002
    425.54905   3.34643570E-002
    425.68773   3.33185425E-002
    425.82640   3.31733628E-002
    425.96507   3.30288153E-002
    426.10374   3.28848972E-002
    426.24241   3.27416062E-002
    426.38109   3.25989395E-002
    426.51976   3.24568946E-002
    426.65843   3.23154690E-002
    426.79710   3.21746600E-002
    426.93577   3.20344651E-002
    427.07445   3.18948818E-002
    427.21312   3.17559075E-002
    427.35179   3.16175398E-002
    427.49046   3.14797760E-002
    427.62913   3.13426138E-002
    427.76781   3.12060505E-002
    427.90648   3.10700838E-002
    428.04515   3.09347111E-002
    428.18382   3.07999300E-002
    428.32249   3.06657379E-002
    428.46117   3.05321325E-002
    428.59984   3.03991114E-002
    428.73851   3.02666720E-002
    428.87718   3.01348120E-002
    429.01586   3.00035289E-002
    429.15453   2.98728203E-002
    429.29320   2.97426838E-002
    429.43187   2.96131171E-002
    429.57054   2.94841178E-002
    429.70922   2.93556835E-002
    429.84789   2.92278117E-002
    429.98656   2.91005003E-002
    430.12523   2.89737467E-002
    430.26390   2.88475488E-002
    430.40258   2.87219041E-002
    430.54125   2.85968103E-002
    430.67992   2.84722652E-002
    430.81859   2.83482663E-002
    430.95726   2.82248115E-002
    431.09594   2.81018985E-002
    431.23461   2.79795249E-002
    431.37328   2.78576885E-002
    431.51195   2.77363870E-002
    431.65062   2.76156182E-002
    431.78930   2.74953798E-002
    431.92797   2.73756697E-002
    432.06664   2.72564855E-002
    432.20531   2.71378250E-002
    432.34399   2.70196861E-002
    432.48266   2.69020666E-002
    432.62133   2.67849641E-002
    432.76000   2.66683767E-002
    432.89867   2.65523020E-002
    433.03735   2.64367379E-002
    433.17602   2.63216823E-002
    433.31469   2.62071330E-002
    433.45336   2.60930878E-002
    433.59203   2.59795447E-002
    433.73071   2.58665014E-002
    433.86938   2.57539559E-002
    434.00805   2.56419060E-002
    434.14672   2.55303497E-002
    434.28539   2.54192849E-002
    434.42407   2.53087094E-002
    434.56274   2.51986212E-002
    434.70141   2.50890182E-002
    434.84008   2.49798983E-002
    434.97875   2.48712595E-002
    435.11743   2.47630998E-002
    435.25610   2.46554170E-002
    435.39477   2.45482093E-002
    435.53344   2.44414744E-002
    435.67211   2.43352105E-002
    435.81079   2.42294155E-002
    435.94946   2.41240874E-002
    436.08813   2.40192242E-002
    436.22680   2.39148239E-002
    436.36548   2.38108846E-002
    436.50415   2.37074042E-002
    436.64282   2.36043809E-002
    436.78149   2.35018126E-002
    436.92016   2.33996974E-002
    437.05884   2.32980334E-002
    437.19751   2.31968186E-002
    437.33618   2.30960511E-002
    437.47485   2.29957290E-002
    437.61352   2.28958503E-002
    437.75220   2.27964133E-002
    437.89087   2.26974159E-002
    438.02954   2.25988563E-002
    438.16821   2.25007326E-002
    438.30688   2.24030429E-002
    438.44556   2.23057854E-002
    438.58423   2.22089581E-002
    438.72290   2.21125594E-002
    438.86157   2.20165872E-002
    439.00024   2.19210398E-002
    439.13892   2.18259153E-002
    439.27759   2.17312120E-002
    439.41626   2.16369279E-002
    439.55493   2.15430613E-002
    439.69361   2.14496104E-002
    439.83228   2.13565734E-002
    439.97095   2.12639485E-002
    440.10962   2.11717339E-002
    440.24829   2.10799279E-002
    440.38697   2.09885286E-002
    440.52564   2.08975344E-002
    440.66431   2.08069434E-002
    440.80298   2.07167540E-002
    440.94165   2.06269643E-002
    441.08033   2.05375727E-002
    441.21900   2.04485775E-002
    441.35767   2.03599768E-002
    441.49634   2.02717690E-002
    441.63501   2.01839524E-002
    441.77369   2.00965254E-002
    441.91236   2.00094861E-002
    442.05103   1.99228329E-002
    442.18970   1.98365642E-002
    442.32837   1.97506783E-002
    442.46705   1.96651735E-002
    442.60572   1.95800481E-002
    442.74439   1.94953005E-002
    442.88306   1.94109291E-002
    443.02174   1.93269323E-002
    443.16041   1.92433083E-002
    443.29908   1.91600555E-002
    443.43775   1.90771725E-002
    443.57642   1.89946574E-002
    443.71510   1.89125088E-002
    443.85377   1.88307250E-002
    443.99244   1.87493045E-002
    444.13111   1.86682457E-002
    444.26978   1.85875469E-002
    444.40846   1.85072066E-002
    444.54713   1.84272233E-002
    444.68580   1.83475953E-002
    444.82447   1.82683212E-002
    444.96314   1.81893994E-002
    445.10182   1.81108283E-002
    445.24049   1.80326064E-002
    445.37916   1.79547322E-002
    445.51783   1.78772041E-002
    445.65650   1.78000207E-002
    445.79518   1.77231805E-002
    445.93385   1.76466818E-002
    446.07252   1.75705233E-002
    446.21119   1.74947034E-002
    446.34986   1.74192207E-002
    446.48854   1.73440737E-002
    446.62721   1.72692609E-002
    446.76588   1.71947808E-002
    446.90455   1.71206320E-002
    447.04323   1.70468130E-002
    447.18190   1.69733224E-002
    447.32057   1.69001587E-002
    447.45924   1.68273205E-002
    447.59791   1.67548064E-002
    447.73659   1.66826149E-002
    447.87526   1.66107447E-002
    448.01393   1.65391942E-002
    448.15260   1.64679622E-002
    448.29127   1.63970471E-002
    448.42995   1.63264477E-002
    448.56862   1.62561624E-002
    448.70729   1.61861900E-002
    448.84596   1.61165290E-002
    448.98463   1.60471781E-002
    449.12331   1.59781360E-002
    449.26198   1.59094011E-002
    449.40065   1.58409723E-002
    449.53932   1.57728481E-002
    449.67799   1.57050272E-002
    449.81667   1.56375082E-002
    449.95534   1.55702899E-002
    450.09401   1.55033709E-002
    450.23268   1.54367498E-002
    450.37136   1.53704254E-002
    450.51003   1.53043964E-002
    450.64870   1.52386614E-002
    450.78737   1.51732191E-002
    450.92604   1.51080683E-002
    451.06472   1.50432076E-002
    451.20339   1.49786358E-002
    451.34206   1.49143516E-002
    451.48073   1.48503538E-002
    451.61940   1.47866409E-002
    451.75808   1.47232119E-002
    451.89675   1.46600654E-002
    452.03542   1.45972002E-002
    452.17409   1.45346150E-002
    452.31276   1.44723086E-002
    452.45144   1.44102797E-002
    452.59011   1.43485272E-002
    452.72878   1.42870497E-002
    452.86745   1.42258462E-002
    453.00612   1.41649153E-002
    453.14480   1.41042558E-002
    453.28347   1.40438666E-002
    453.42214   1.39837465E-002
    453.56081   1.39238942E-002
    453.69949   1.38643085E-002
    453.83816   1.38049883E-002
    453.97683   1.37459324E-002
    454.11550   1.36871397E-002
    454.25417   1.36286089E-002
    454.39285   1.35703388E-002
    454.53152   1.35123284E-002
    454.67019   1.34545764E-002
    454.80886   1.33970818E-002
    454.94753   1.33398433E-002
    455.08621   1.32828599E-002
    455.22488   1.32261304E-002
    455.36355   1.31696536E-002
    455.50222   1.31134284E-002
    455.64089   1.30574538E-002
    455.77957   1.30017286E-002
    455.91824   1.29462516E-002
    456.05691   1.28910219E-002
    456.19558   1.28360382E-002
    456.33425   1.27812995E-002
    456.47293   1.27268047E-002
    456.61160   1.26725526E-002
    456.75027   1.26185423E-002
    456.88894   1.25647726E-002
    457.02761   1.25112425E-002
    457.16629   1.24579509E-002
    457.30496   1.24048967E-002
    457.44363   1.23520789E-002
    457.58230   1.22994963E-002
    457.72098   1.22471481E-002
    457.85965   1.21950330E-002
    457.99832   1.21431501E-002
    458.13699   1.20914983E-002
    458.27566   1.20400766E-002
    458.41434   1.19888840E-002
    458.55301   1.19379195E-002
    458.69168   1.18871819E-002
    458.83035   1.18366704E-002
    458.96902   1.17863838E-002
    459.10770   1.17363213E-002
    459.24637   1.16864817E-002
    459.38504   1.16368641E-002
    459.52371   1.15874675E-002
    459.66238   1.15382909E-002
    459.80106   1.14893333E-002
    459.93973   1.14405937E-002
    460.07840   1.13920712E-002
    460.21707   1.13437648E-002
    460.35574   1.12956734E-002
    460.49442   1.12477963E-002
    460.63309   1.12001323E-002
    460.77176   1.11526806E-002
    460.91043   1.11054401E-002
    461.04911   1.10584100E-002
    461.18778   1.10115892E-002
    461.32645   1.09649769E-002
    461.46512   1.09185721E-002
    461.60379   1.08723739E-002
    461.74247   1.08263814E-002
    461.88114   1.07805935E-002
    462.01981   1.07350095E-002
    462.15848   1.06896284E-002
    462.29715   1.06444493E-002
    462.43583   1.05994712E-002
    462.57450   1.05546933E-002
    462.71317   1.05101147E-002
    462.85184   1.04657344E-002
    462.99051   1.04215517E-002
    463.12919   1.03775655E-002
    463.26786   1.03337751E-002
    463.40653   1.02901794E-002
    463.54520   1.02467778E-002
    463.68387   1.02035692E-002
    463.82255   1.01605528E-002
    463.96122   1.01177278E-002
    464.09989   1.00750932E-002
    464.23856   1.00326483E-002
    464.37724   9.99039221E-003
    464.51591   9.94832401E-003
    464.65458   9.90644288E-003
    464.79325   9.86474800E-003
    464.93192   9.82323851E-003
    465.07060   9.78191358E-003
    465.20927   9.74077239E-003
    465.34794   9.69981411E-003
    465.48661   9.65903790E-003
    465.62528   9.61844295E-003
    465.76396   9.57802844E-003
    465.90263   9.53779357E-003
    466.04130   9.49773751E-003
    466.17997   9.45785946E-003
    466.31864   9.41815863E-003
    466.45732   9.37863420E-003
    466.59599   9.33928540E-003
    466.73466   9.30011141E-003
    466.87333   9.26111146E-003
    467.01200   9.22228476E-003
    467.15068   9.18363052E-003
    467.28935   9.14514798E-003
    467.42802   9.10683635E-003
    467.56669   9.06869486E-003
    467.70536   9.03072275E-003
    467.84404   8.99291924E-003
    467.98271   8.95528359E-003
    468.12138   8.91781503E-003
    468.26005   8.88051280E-003
    468.39873   8.84337616E-003
    468.53740   8.80640436E-003
    468.67607   8.76959665E-003
    468.81474   8.73295229E-003
    468.95341   8.69647054E-003
    469.09209   8.66015067E-003
    469.23076   8.62399195E-003
    469.36943   8.58799365E-003
    469.50810   8.55215504E-003
    469.64677   8.51647541E-003
    469.78545   8.48095403E-003
    469.92412   8.44559018E-003
    470.06279   8.41038317E-003
    470.20146   8.37533226E-003
    470.34013   8.34043677E-003
    470.47881   8.30569599E-003
    470.61748   8.27110922E-003
    470.75615   8.23667575E-003
    470.89482   8.20239491E-003
    471.03349   8.16826599E-003
    471.17217   8.13428832E-003
    471.31084   8.10046119E-003
    471.44951   8.06678395E-003
    471.58818   8.03325590E-003
    471.72686   7.99987637E-003
    471.86553   7.96664470E-003
    472.00420   7.93356020E-003
    472.14287   7.90062221E-003
    472.28154   7.86783008E-003
    472.42022   7.83518314E-003
    472.55889   7.80268073E-003
    472.69756   7.77032220E-003
    472.83623   7.73810690E-003
    472.97490   7.70603417E-003
    473.11358   7.67410338E-003
    473.25225   7.64231388E-003
    473.39092   7.61066503E-003
    473.52959   7.57915620E-003
    473.66826   7.54778674E-003
    473.80694   7.51655603E-003
    473.94561   7.48546344E-003
    474.08428   7.45450834E-003
    474.22295   7.42369012E-003
    474.36162   7.39300814E-003
    474.50030   7.36246180E-003
    474.63897   7.33205047E-003
    474.77764   7.30177356E-003
    474.91631   7.27163044E-003
    475.05499   7.24162051E-003
    475.19366   7.21174317E-003
    475.33233   7.18199781E-003
    475.47100   7.15238385E-003
    475.60967   7.12290067E-003
    475.74835   7.09354770E-003
    475.88702   7.06432433E-003
    476.02569   7.03522999E-003
    476.16436   7.00626409E-003
    476.30303   6.97742604E-003
    476.44171   6.94871526E-003
    476.58038   6.92013118E-003
    476.71905   6.89167323E-003
    476.85772   6.86334082E-003
    476.99639   6.83513340E-003
    477.13507   6.80705040E-003
    477.27374   6.77909124E-003
    477.41241   6.75125538E-003
    477.55108   6.72354224E-003
    477.68975   6.69595128E-003
    477.82843   6.66848194E-003
    477.96710   6.64113366E-003
    478.10577   6.61390590E-003
    478.24444   6.58679812E-003
    478.38311   6.55980976E-003
