     89.87099   6.60418309E-017
     90.16963   1.39786381E-016
     90.46827   2.92127416E-016
     90.76692   6.02880859E-016
     91.06556   1.22894035E-015
     91.36420   2.47489666E-015
     91.66285   4.92487900E-015
     91.96149   9.68567835E-015
     92.26013   1.88296725E-014
     92.55877   3.61921633E-014
     92.85742   6.87899099E-014
     93.15606   1.29315723E-013
     93.45470   2.40475541E-013
     93.75335   4.42444422E-013
     94.05199   8.05542945E-013
     94.35063   1.45155489E-012
     94.64928   2.58919271E-012
     94.94792   4.57247722E-012
     95.24656   7.99583595E-012
     95.54520   1.38474257E-011
     95.84385   2.37538258E-011
     96.14249   4.03666592E-011
     96.44113   6.79674533E-011
     96.73978   1.13404752E-010
     97.03842   1.87532092E-010
     97.33706   3.07393726E-010
     97.63571   4.99515950E-010
     97.93435   8.04817782E-010
     98.23299   1.28587122E-009
     98.53163   2.03753920E-009
     98.83028   3.20242493E-009
     99.12892   4.99311278E-009
     99.42756   7.72391054E-009
     99.72621   1.18557661E-008
    100.02485   1.80592919E-008
    100.32349   2.73024622E-008
    100.62214   4.09716389E-008
    100.92078   6.10372345E-008
    101.21942   9.02786543E-008
    101.51806   1.32587299E-007
    101.81671   1.93371504E-007
    102.11535   2.80093501E-007
    102.41399   4.02975930E-007
    102.71264   5.75924360E-007
    103.01128   8.17722698E-007
    103.30992   1.15357060E-006
    103.60857   1.61704593E-006
    103.90721   2.25259133E-006
    104.20585   3.11864151E-006
    104.50450   4.29152783E-006
    104.80314   5.87031770E-006
    105.10178   7.98276922E-006
    105.40042   1.07926053E-005
    105.69907   1.45083352E-005
    105.99771   1.93938768E-005
    106.29635   2.57812535E-005
    106.59500   3.40856633E-005
    106.89364   4.48232339E-005
    107.19228   5.86317902E-005
    107.49093   7.62949689E-005
    107.78957   9.87700138E-005
    108.08821   1.27219576E-004
    108.38685   1.63047822E-004
    108.68550   2.07941119E-004
    108.98414   2.63913522E-004
    109.28278   3.33357228E-004
    109.58143   4.19098065E-004
    109.88007   5.24456027E-004
    110.17871   6.53310711E-004
    110.47736   8.10171406E-004
    110.77600   1.00025146E-003
    111.07464   1.22954631E-003
    111.37328   1.50491454E-003
    111.67193   1.83416099E-003
    111.97057   2.22612080E-003
    112.26921   2.69074323E-003
    112.56786   3.23917370E-003
    112.86650   3.88383242E-003
    113.16514   4.63848785E-003
    113.46379   5.51832313E-003
    113.76243   6.53999325E-003
    114.06107   7.72167111E-003
    114.35971   9.08308005E-003
    114.65836   1.06455109E-002
    114.95700   1.24318215E-002
    115.25564   1.44664162E-002
    115.55429   1.67752044E-002
    115.85293   1.93855357E-002
    116.15157   2.23261106E-002
    116.45022   2.56268659E-002
    116.74886   2.93188336E-002
    117.04750   3.34339738E-002
    117.34615   3.80049814E-002
    117.64479   4.30650665E-002
    117.94343   4.86477114E-002
    118.24207   5.47864046E-002
    118.54072   6.15143535E-002
    118.83936   6.88641807E-002
    119.13800   7.68676043E-002
    119.43665   8.55551082E-002
    119.73529   9.49556045E-002
    120.03393   1.05096094E-001
    120.33258   1.16001327E-001
    120.63122   1.27693474E-001
    120.92986   1.40191806E-001
    121.22850   1.53512387E-001
    121.52715   1.67667798E-001
    121.82579   1.82666880E-001
    122.12443   1.98514508E-001
    122.42308   2.15211401E-001
    122.72172   2.32753972E-001
    123.02036   2.51134218E-001
    123.31901   2.70339656E-001
    123.61765   2.90353304E-001
    123.91629   3.11153709E-001
    124.21493   3.32715028E-001
    124.51358   3.55007155E-001
    124.81222   3.77995893E-001
    125.11086   4.01643180E-001
    125.40951   4.25907350E-001
    125.70815   4.50743444E-001
    126.00679   4.76103553E-001
    126.30544   5.01937198E-001
    126.60408   5.28191739E-001
    126.90272   5.54812806E-001
    127.20136   5.81744753E-001
    127.50001   6.08931123E-001
    127.79865   6.36315121E-001
    128.09729   6.63840089E-001
    128.39594   6.91449980E-001
    128.69458   7.19089817E-001
    128.99322   7.46706142E-001
    129.29187   7.74247442E-001
    129.59051   8.01664551E-001
    129.88915   8.28911021E-001
    130.18779   8.55943459E-001
    130.48644   8.82721833E-001
    130.78508   9.09209727E-001
    131.08372   9.35374564E-001
    131.38237   9.61187776E-001
    131.68101   9.86624938E-001
    131.97965   1.01166585E+000
    132.27830   1.03629456E+000
    132.57694   1.06049938E+000
    132.87558   1.08427283E+000
    133.17423   1.10761153E+000
    133.47287   1.13051606E+000
    133.77151   1.15299083E+000
    134.07015   1.17504384E+000
    134.36880   1.19668644E+000
    134.66744   1.21793309E+000
    134.96608   1.23880107E+000
    135.26473   1.25931016E+000
    135.56337   1.27948233E+000
    135.86201   1.29934142E+000
    136.16066   1.31891275E+000
    136.45930   1.33822285E+000
    136.75794   1.35729908E+000
    137.05658   1.37616927E+000
    137.35523   1.39486145E+000
    137.65387   1.41340346E+000
    137.95251   1.43182273E+000
    138.25116   1.45014590E+000
    138.54980   1.46839863E+000
    138.84844   1.48660531E+000
    139.14709   1.50478887E+000
    139.44573   1.52297053E+000
    139.74437   1.54116968E+000
    140.04301   1.55940369E+000
    140.34166   1.57768783E+000
    140.64030   1.59603512E+000
    140.93894   1.61445634E+000
    141.23759   1.63295990E+000
    141.53623   1.65155188E+000
    141.83487   1.67023602E+000
    142.13352   1.68901376E+000
    142.43216   1.70788425E+000
    142.73080   1.72684450E+000
    143.02944   1.74588936E+000
    143.32809   1.76501172E+000
    143.62673   1.78420260E+000
    143.92537   1.80345123E+000
    144.22402   1.82274529E+000
    144.52266   1.84207097E+000
    144.82130   1.86141318E+000
    145.11995   1.88075570E+000
    145.41859   1.90008133E+000
    145.71723   1.91937210E+000
    146.01587   1.93860938E+000
    146.31452   1.95777407E+000
    146.61316   1.97684677E+000
    146.91180   1.99580795E+000
    147.21045   2.01463803E+000
    147.50909   2.03331761E+000
    147.80773   2.05182755E+000
    148.10638   2.07014911E+000
    148.40502   2.08826406E+000
    148.70366   2.10615480E+000
    149.00231   2.12380444E+000
    149.30095   2.14119691E+000
    149.59959   2.15831699E+000
    149.89823   2.17515040E+000
    150.19688   2.19168386E+000
    150.49552   2.20790512E+000
    150.79416   2.22380295E+000
    151.09281   2.23936725E+000
    151.39145   2.25458898E+000
    151.69009   2.26946018E+000
    151.98874   2.28397399E+000
    152.28738   2.29812460E+000
    152.58602   2.31190725E+000
    152.88466   2.32531818E+000
    153.18331   2.33835462E+000
    153.48195   2.35101471E+000
    153.78059   2.36329750E+000
    154.07924   2.37520286E+000
    154.37788   2.38673147E+000
    154.67652   2.39788469E+000
    154.97517   2.40866461E+000
    155.27381   2.41907389E+000
    155.57245   2.42911576E+000
    155.87109   2.43879395E+000
    156.16974   2.44811263E+000
    156.46838   2.45707633E+000
    156.76702   2.46568994E+000
    157.06567   2.47395858E+000
    157.36431   2.48188764E+000
    157.66295   2.48948265E+000
    157.96160   2.49674929E+000
    158.26024   2.50369330E+000
    158.55888   2.51032052E+000
    158.85752   2.51663675E+000
    159.15617   2.52264781E+000
    159.45481   2.52835948E+000
    159.75345   2.53377745E+000
    160.05210   2.53890735E+000
    160.35074   2.54375470E+000
    160.64938   2.54832491E+000
    160.94803   2.55262328E+000
    161.24667   2.55665496E+000
    161.54531   2.56042501E+000
    161.84396   2.56393834E+000
    162.14260   2.56719974E+000
    162.44124   2.57021391E+000
    162.73988   2.57298541E+000
    163.03853   2.57551876E+000
    163.33717   2.57781834E+000
    163.63581   2.57988852E+000
    163.93446   2.58173359E+000
    164.23310   2.58335783E+000
    164.53174   2.58476551E+000
    164.83039   2.58596091E+000
    165.12903   2.58694833E+000
    165.42767   2.58773212E+000
    165.72631   2.58831673E+000
    166.02496   2.58870667E+000
    166.32360   2.58890658E+000
    166.62224   2.58892121E+000
    166.92089   2.58875549E+000
    167.21953   2.58841448E+000
    167.51817   2.58790345E+000
    167.81682   2.58722786E+000
    168.11546   2.58639336E+000
    168.41410   2.58540586E+000
    168.71274   2.58427148E+000
    169.01139   2.58299657E+000
    169.31003   2.58158777E+000
    169.60867   2.58005193E+000
    169.90732   2.57839618E+000
    170.20596   2.57662792E+000
    170.50460   2.57475480E+000
    170.80325   2.57278472E+000
    171.10189   2.57072585E+000
    171.40053   2.56858659E+000
    171.69917   2.56637562E+000
    171.99782   2.56410181E+000
    172.29646   2.56177429E+000
    172.59510   2.55940237E+000
    172.89375   2.55699559E+000
    173.19239   2.55456364E+000
    173.49103   2.55211641E+000
    173.78968   2.54966392E+000
    174.08832   2.54721632E+000
    174.38696   2.54478388E+000
    174.68560   2.54237696E+000
    174.98425   2.54000599E+000
    175.28289   2.53768143E+000
    175.58153   2.53541380E+000
    175.88018   2.53321359E+000
    176.17882   2.53109127E+000
    176.47746   2.52905728E+000
    176.77611   2.52712197E+000
    177.07475   2.52529562E+000
    177.37339   2.52358835E+000
    177.67204   2.52201018E+000
    177.97068   2.52057092E+000
    178.26932   2.51928022E+000
    178.56796   2.51814750E+000
    178.86661   2.51718193E+000
    179.16525   2.51639243E+000
    179.46389   2.51578763E+000
    179.76254   2.51537586E+000
    180.06118   2.51516513E+000
    180.35982   2.51516307E+000
    180.65847   2.51537698E+000
    180.95711   2.51581377E+000
    181.25575   2.51647993E+000
    181.55439   2.51738155E+000
    181.85304   2.51852428E+000
    182.15168   2.51991332E+000
    182.45032   2.52155344E+000
    182.74897   2.52344889E+000
    183.04761   2.52560349E+000
    183.34625   2.52802052E+000
    183.64490   2.53070280E+000
    183.94354   2.53365263E+000
    184.24218   2.53687179E+000
    184.54082   2.54036156E+000
    184.83947   2.54412267E+000
    185.13811   2.54815538E+000
    185.43675   2.55245938E+000
    185.73540   2.55703385E+000
    186.03404   2.56187746E+000
    186.33268   2.56698837E+000
    186.63133   2.57236419E+000
    186.92997   2.57800205E+000
    187.22861   2.58389856E+000
    187.52725   2.59004986E+000
    187.82590   2.59645156E+000
    188.12454   2.60309883E+000
    188.42318   2.60998634E+000
    188.72183   2.61710832E+000
    189.02047   2.62445855E+000
    189.31911   2.63203035E+000
    189.61776   2.63981666E+000
    189.91640   2.64780999E+000
    190.21504   2.65600244E+000
    190.51369   2.66438577E+000
    190.81233   2.67295135E+000
    191.11097   2.68169021E+000
    191.40961   2.69059306E+000
    191.70826   2.69965030E+000
    192.00690   2.70885202E+000
    192.30554   2.71818806E+000
    192.60419   2.72764798E+000
    192.90283   2.73722113E+000
    193.20147   2.74689661E+000
    193.50012   2.75666334E+000
    193.79876   2.76651006E+000
    194.09740   2.77642535E+000
    194.39604   2.78639764E+000
    194.69469   2.79641526E+000
    194.99333   2.80646642E+000
    195.29197   2.81653924E+000
    195.59062   2.82662181E+000
    195.88926   2.83670214E+000
    196.18790   2.84676824E+000
    196.48655   2.85680811E+000
    196.78519   2.86680975E+000
    197.08383   2.87676120E+000
    197.38247   2.88665056E+000
    197.68112   2.89646596E+000
    197.97976   2.90619566E+000
    198.27840   2.91582798E+000
    198.57705   2.92535139E+000
    198.87569   2.93475445E+000
    199.17433   2.94402591E+000
    199.47298   2.95315465E+000
    199.77162   2.96212975E+000
    200.07026   2.97094047E+000
    200.36890   2.97957626E+000
    200.66755   2.98802681E+000
    200.96619   2.99628201E+000
    201.26483   3.00433202E+000
    201.56348   3.01216722E+000
    201.86212   3.01977829E+000
    202.16076   3.02715613E+000
    202.45941   3.03429195E+000
    202.75805   3.04117725E+000
    203.05669   3.04780381E+000
    203.35533   3.05416373E+000
    203.65398   3.06024940E+000
    203.95262   3.06605354E+000
    204.25126   3.07156917E+000
    204.54991   3.07678967E+000
    204.84855   3.08170872E+000
    205.14719   3.08632035E+000
    205.44584   3.09061890E+000
    205.74448   3.09459908E+000
    206.04312   3.09825594E+000
    206.34177   3.10158483E+000
    206.64041   3.10458149E+000
    206.93905   3.10724198E+000
    207.23769   3.10956270E+000
    207.53634   3.11154041E+000
    207.83498   3.11317218E+000
    208.13362   3.11445544E+000
    208.43227   3.11538796E+000
    208.73091   3.11596783E+000
    209.02955   3.11619347E+000
    209.32820   3.11606363E+000
    209.62684   3.11557739E+000
    209.92548   3.11473414E+000
    210.22412   3.11353359E+000
    210.52277   3.11197576E+000
    210.82141   3.11006095E+000
    211.12005   3.10778979E+000
    211.41870   3.10516319E+000
    211.71734   3.10218234E+000
    212.01598   3.09884872E+000
    212.31463   3.09516407E+000
    212.61327   3.09113040E+000
    212.91191   3.08674999E+000
    213.21055   3.08202535E+000
    213.50920   3.07695926E+000
    213.80784   3.07155471E+000
    214.10648   3.06581494E+000
    214.40513   3.05974340E+000
    214.70377   3.05334376E+000
    215.00241   3.04661988E+000
    215.30106   3.03957582E+000
    215.59970   3.03221586E+000
    215.89834   3.02454441E+000
    216.19698   3.01656608E+000
    216.49563   3.00828565E+000
    216.79427   2.99970804E+000
    217.09291   2.99083832E+000
    217.39156   2.98168171E+000
    217.69020   2.97224355E+000
    217.98884   2.96252930E+000
    218.28749   2.95254455E+000
    218.58613   2.94229497E+000
    218.88477   2.93178636E+000
    219.18342   2.92102458E+000
    219.48206   2.91001561E+000
    219.78070   2.89876546E+000
    220.07934   2.88728024E+000
    220.37799   2.87556612E+000
    220.67663   2.86362930E+000
    220.97527   2.85147605E+000
    221.27392   2.83911267E+000
    221.57256   2.82654549E+000
    221.87120   2.81378085E+000
    222.16985   2.80082515E+000
    222.46849   2.78768475E+000
    222.76713   2.77436607E+000
    223.06577   2.76087548E+000
    223.36442   2.74721938E+000
    223.66306   2.73340414E+000
    223.96170   2.71943611E+000
    224.26035   2.70532163E+000
    224.55899   2.69106702E+000
    224.85763   2.67667853E+000
    225.15628   2.66216241E+000
    225.45492   2.64752485E+000
    225.75356   2.63277200E+000
    226.05220   2.61790995E+000
    226.35085   2.60294475E+000
    226.64949   2.58788236E+000
    226.94813   2.57272871E+000
    227.24678   2.55748966E+000
    227.54542   2.54217098E+000
    227.84406   2.52677838E+000
    228.14271   2.51131750E+000
    228.44135   2.49579388E+000
    228.73999   2.48021301E+000
    229.03863   2.46458026E+000
    229.33728   2.44890094E+000
    229.63592   2.43318026E+000
    229.93456   2.41742334E+000
    230.23321   2.40163522E+000
    230.53185   2.38582082E+000
    230.83049   2.36998500E+000
    231.12914   2.35413249E+000
    231.42778   2.33826793E+000
    231.72642   2.32239588E+000
    232.02506   2.30652077E+000
    232.32371   2.29064696E+000
    232.62235   2.27477868E+000
    232.92099   2.25892007E+000
    233.21964   2.24307518E+000
    233.51828   2.22724792E+000
    233.81692   2.21144214E+000
    234.11557   2.19566157E+000
    234.41421   2.17990982E+000
    234.71285   2.16419041E+000
    235.01150   2.14850677E+000
    235.31014   2.13286220E+000
    235.60878   2.11725993E+000
    235.90742   2.10170305E+000
    236.20607   2.08619459E+000
    236.50471   2.07073744E+000
    236.80335   2.05533442E+000
    237.10200   2.03998824E+000
    237.40064   2.02470151E+000
    237.69928   2.00947675E+000
    237.99793   1.99431638E+000
    238.29657   1.97922271E+000
    238.59521   1.96419799E+000
    238.89385   1.94924434E+000
    239.19250   1.93436382E+000
    239.49114   1.91955838E+000
    239.78978   1.90482990E+000
    240.08843   1.89018014E+000
    240.38707   1.87561082E+000
    240.68571   1.86112353E+000
    240.98436   1.84671981E+000
    241.28300   1.83240110E+000
    241.58164   1.81816877E+000
    241.88028   1.80402410E+000
    242.17893   1.78996832E+000
    242.47757   1.77600255E+000
    242.77621   1.76212786E+000
    243.07486   1.74834525E+000
    243.37350   1.73465562E+000
    243.67214   1.72105984E+000
    243.97079   1.70755868E+000
    244.26943   1.69415288E+000
    244.56807   1.68084308E+000
    244.86671   1.66762988E+000
    245.16536   1.65451381E+000
    245.46400   1.64149536E+000
    245.76264   1.62857493E+000
    246.06129   1.61575290E+000
    246.35993   1.60302957E+000
    246.65857   1.59040520E+000
    246.95722   1.57787999E+000
    247.25586   1.56545410E+000
    247.55450   1.55312765E+000
    247.85315   1.54090070E+000
    248.15179   1.52877327E+000
    248.45043   1.51674533E+000
    248.74907   1.50481683E+000
    249.04772   1.49298765E+000
    249.34636   1.48125767E+000
    249.64500   1.46962669E+000
    249.94365   1.45809451E+000
    250.24229   1.44666088E+000
    250.54093   1.43532551E+000
    250.83958   1.42408811E+000
    251.13822   1.41294831E+000
    251.43686   1.40190577E+000
    251.73550   1.39096007E+000
    252.03415   1.38011079E+000
    252.33279   1.36935750E+000
    252.63143   1.35869971E+000
    252.93008   1.34813693E+000
    253.22872   1.33766864E+000
    253.52736   1.32729432E+000
    253.82601   1.31701340E+000
    254.12465   1.30682532E+000
    254.42329   1.29672949E+000
    254.72193   1.28672529E+000
    255.02058   1.27681212E+000
    255.31922   1.26698933E+000
    255.61786   1.25725629E+000
    255.91651   1.24761232E+000
    256.21515   1.23805677E+000
    256.51379   1.22858895E+000
    256.81244   1.21920817E+000
    257.11108   1.20991374E+000
    257.40972   1.20070494E+000
    257.70836   1.19158107E+000
    258.00701   1.18254141E+000
    258.30565   1.17358523E+000
    258.60429   1.16471180E+000
    258.90294   1.15592039E+000
    259.20158   1.14721026E+000
    259.50022   1.13858067E+000
    259.79887   1.13003088E+000
    260.09751   1.12156013E+000
    260.39615   1.11316770E+000
    260.69479   1.10485282E+000
    260.99344   1.09661475E+000
    261.29208   1.08845275E+000
    261.59072   1.08036606E+000
    261.88937   1.07235395E+000
    262.18801   1.06441567E+000
    262.48665   1.05655047E+000
    262.78530   1.04875762E+000
    263.08394   1.04103639E+000
    263.38258   1.03338603E+000
    263.68123   1.02580582E+000
    263.97987   1.01829504E+000
    264.27851   1.01085295E+000
    264.57715   1.00347884E+000
    264.87580   9.96172006E-001
    265.17444   9.88931727E-001
    265.47308   9.81757304E-001
    265.77173   9.74648038E-001
    266.07037   9.67603236E-001
    266.36901   9.60622210E-001
    266.66766   9.53704280E-001
    266.96630   9.46848770E-001
    267.26494   9.40055010E-001
    267.56358   9.33322337E-001
    267.86223   9.26650095E-001
    268.16087   9.20037634E-001
    268.45951   9.13484310E-001
    268.75816   9.06989486E-001
    269.05680   9.00552534E-001
    269.35544   8.94172828E-001
    269.65409   8.87849755E-001
    269.95273   8.81582704E-001
    270.25137   8.75371074E-001
    270.55001   8.69214270E-001
    270.84866   8.63111705E-001
    271.14730   8.57062797E-001
    271.44594   8.51066974E-001
    271.74459   8.45123670E-001
    272.04323   8.39232326E-001
    272.34187   8.33392389E-001
    272.64052   8.27603317E-001
    272.93916   8.21864571E-001
    273.23780   8.16175622E-001
    273.53644   8.10535946E-001
    273.83509   8.04945028E-001
    274.13373   7.99402359E-001
    274.43237   7.93907437E-001
    274.73102   7.88459768E-001
    275.02966   7.83058864E-001
    275.32830   7.77704243E-001
    275.62695   7.72395433E-001
    275.92559   7.67131966E-001
    276.22423   7.61913380E-001
    276.52288   7.56739224E-001
    276.82152   7.51609048E-001
    277.12016   7.46522414E-001
    277.41880   7.41478885E-001
    277.71745   7.36478035E-001
    278.01609   7.31519442E-001
    278.31473   7.26602690E-001
    278.61338   7.21727371E-001
    278.91202   7.16893082E-001
    279.21066   7.12099425E-001
    279.50931   7.07346009E-001
    279.80795   7.02632448E-001
    280.10659   6.97958364E-001
    280.40523   6.93323383E-001
    280.70388   6.88727135E-001
    281.00252   6.84169259E-001
    281.30116   6.79649396E-001
    281.59981   6.75167195E-001
    281.89845   6.70722309E-001
    282.19709   6.66314396E-001
    282.49574   6.61943119E-001
    282.79438   6.57608147E-001
    283.09302   6.53309153E-001
    283.39166   6.49045814E-001
    283.69031   6.44817814E-001
    283.98895   6.40624840E-001
    284.28759   6.36466584E-001
    284.58624   6.32342742E-001
    284.88488   6.28253015E-001
    285.18352   6.24197108E-001
    285.48217   6.20174730E-001
    285.78081   6.16185594E-001
    286.07945   6.12229418E-001
    286.37809   6.08305924E-001
    286.67674   6.04414836E-001
    286.97538   6.00555884E-001
    287.27402   5.96728801E-001
    287.57267   5.92933322E-001
    287.87131   5.89169189E-001
    288.16995   5.85436144E-001
    288.46860   5.81733935E-001
    288.76724   5.78062311E-001
    289.06588   5.74421028E-001
    289.36452   5.70809841E-001
    289.66317   5.67228511E-001
    289.96181   5.63676800E-001
    290.26045   5.60154475E-001
    290.55910   5.56661305E-001
    290.85774   5.53197062E-001
    291.15638   5.49761521E-001
    291.45503   5.46354459E-001
    291.75367   5.42975656E-001
    292.05231   5.39624896E-001
    292.35096   5.36301964E-001
    292.64960   5.33006647E-001
    292.94824   5.29738737E-001
    293.24688   5.26498026E-001
    293.54553   5.23284309E-001
    293.84417   5.20097385E-001
    294.14281   5.16937052E-001
    294.44146   5.13803112E-001
    294.74010   5.10695370E-001
    295.03874   5.07613633E-001
    295.33739   5.04557707E-001
    295.63603   5.01527404E-001
    295.93467   4.98522536E-001
    296.23331   4.95542917E-001
    296.53196   4.92588363E-001
    296.83060   4.89658691E-001
    297.12924   4.86753722E-001
    297.42789   4.83873277E-001
    297.72653   4.81017179E-001
    298.02517   4.78185252E-001
    298.32382   4.75377324E-001
    298.62246   4.72593222E-001
    298.92110   4.69832776E-001
    299.21974   4.67095816E-001
    299.51839   4.64382175E-001
    299.81703   4.61691689E-001
    300.11567   4.59024190E-001
    300.41432   4.56379518E-001
    300.71296   4.53757510E-001
    301.01160   4.51158005E-001
    301.31025   4.48580844E-001
    301.60889   4.46025870E-001
    301.90753   4.43492925E-001
    302.20617   4.40981856E-001
    302.50482   4.38492506E-001
    302.80346   4.36024724E-001
    303.10210   4.33578357E-001
    303.40075   4.31153255E-001
    303.69939   4.28749268E-001
    303.99803   4.26366247E-001
    304.29668   4.24004045E-001
    304.59532   4.21662516E-001
    304.89396   4.19341514E-001
    305.19261   4.17040895E-001
    305.49125   4.14760514E-001
    305.78989   4.12500230E-001
    306.08853   4.10259901E-001
    306.38718   4.08039387E-001
    306.68582   4.05838547E-001
    306.98446   4.03657243E-001
    307.28311   4.01495337E-001
    307.58175   3.99352691E-001
    307.88039   3.97229169E-001
    308.17904   3.95124637E-001
    308.47768   3.93038958E-001
    308.77632   3.90972000E-001
    309.07496   3.88923629E-001
    309.37361   3.86893713E-001
    309.67225   3.84882121E-001
    309.97089   3.82888721E-001
    310.26954   3.80913384E-001
    310.56818   3.78955980E-001
    310.86682   3.77016380E-001
    311.16547   3.75094457E-001
    311.46411   3.73190084E-001
    311.76275   3.71303133E-001
    312.06139   3.69433479E-001
    312.36004   3.67580998E-001
    312.65868   3.65745563E-001
    312.95732   3.63927052E-001
    313.25597   3.62125340E-001
    313.55461   3.60340307E-001
    313.85325   3.58571828E-001
    314.15190   3.56819783E-001
    314.45054   3.55084052E-001
    314.74918   3.53364513E-001
    315.04782   3.51661047E-001
    315.34647   3.49973536E-001
    315.64511   3.48301860E-001
    315.94375   3.46645903E-001
    316.24240   3.45005545E-001
    316.54104   3.43380671E-001
    316.83968   3.41771165E-001
    317.13833   3.40176910E-001
    317.43697   3.38597792E-001
    317.73561   3.37033696E-001
    318.03425   3.35484508E-001
    318.33290   3.33950114E-001
    318.63154   3.32430402E-001
    318.93018   3.30925258E-001
    319.22883   3.29434571E-001
    319.52747   3.27958229E-001
    319.82611   3.26496122E-001
    320.12476   3.25048138E-001
    320.42340   3.23614168E-001
    320.72204   3.22194103E-001
    321.02069   3.20787833E-001
    321.31933   3.19395249E-001
    321.61797   3.18016244E-001
    321.91661   3.16650711E-001
    322.21526   3.15298541E-001
    322.51390   3.13959629E-001
    322.81254   3.12633868E-001
    323.11119   3.11321153E-001
    323.40983   3.10021378E-001
    323.70847   3.08734438E-001
    324.00712   3.07460230E-001
    324.30576   3.06198649E-001
    324.60440   3.04949593E-001
    324.90304   3.03712958E-001
    325.20169   3.02488641E-001
    325.50033   3.01276541E-001
    325.79897   3.00076556E-001
    326.09762   2.98888585E-001
    326.39626   2.97712527E-001
    326.69490   2.96548282E-001
    326.99355   2.95395750E-001
    327.29219   2.94254832E-001
    327.59083   2.93125429E-001
    327.88947   2.92007442E-001
    328.18812   2.90900773E-001
    328.48676   2.89805325E-001
    328.78540   2.88721000E-001
    329.08405   2.87647702E-001
    329.38269   2.86585335E-001
    329.68133   2.85533801E-001
    329.97998   2.84493007E-001
    330.27862   2.83462856E-001
    330.57726   2.82443254E-001
    330.87590   2.81434108E-001
    331.17455   2.80435322E-001
    331.47319   2.79446804E-001
    331.77183   2.78468461E-001
    332.07048   2.77500201E-001
    332.36912   2.76541930E-001
    332.66776   2.75593558E-001
    332.96641   2.74654994E-001
    333.26505   2.73726146E-001
    333.56369   2.72806923E-001
    333.86234   2.71897237E-001
    334.16098   2.70996997E-001
    334.45962   2.70106114E-001
    334.75826   2.69224499E-001
    335.05691   2.68352065E-001
    335.35555   2.67488723E-001
    335.65419   2.66634385E-001
    335.95284   2.65788965E-001
    336.25148   2.64952376E-001
    336.55012   2.64124532E-001
    336.84877   2.63305346E-001
    337.14741   2.62494733E-001
    337.44605   2.61692609E-001
    337.74469   2.60898888E-001
    338.04334   2.60113487E-001
    338.34198   2.59336322E-001
    338.64062   2.58567309E-001
    338.93927   2.57806366E-001
    339.23791   2.57053409E-001
    339.53655   2.56308358E-001
    339.83520   2.55571129E-001
    340.13384   2.54841642E-001
    340.43248   2.54119816E-001
    340.73112   2.53405571E-001
    341.02977   2.52698826E-001
    341.32841   2.51999502E-001
    341.62705   2.51307520E-001
    341.92570   2.50622800E-001
    342.22434   2.49945265E-001
    342.52298   2.49274836E-001
    342.82163   2.48611437E-001
    343.12027   2.47954989E-001
    343.41891   2.47305417E-001
    343.71755   2.46662643E-001
    344.01620   2.46026593E-001
    344.31484   2.45397190E-001
    344.61348   2.44774359E-001
    344.91213   2.44158026E-001
    345.21077   2.43548118E-001
    345.50941   2.42944559E-001
    345.80806   2.42347276E-001
    346.10670   2.41756198E-001
    346.40534   2.41171250E-001
    346.70398   2.40592361E-001
    347.00263   2.40019460E-001
    347.30127   2.39452475E-001
    347.59991   2.38891335E-001
    347.89856   2.38335970E-001
    348.19720   2.37786310E-001
    348.49584   2.37242285E-001
    348.79449   2.36703826E-001
    349.09313   2.36170864E-001
    349.39177   2.35643332E-001
    349.69042   2.35121160E-001
    349.98906   2.34604283E-001
    350.28770   2.34092632E-001
    350.58634   2.33586141E-001
    350.88499   2.33084744E-001
    351.18363   2.32588375E-001
    351.48227   2.32096968E-001
    351.78092   2.31610460E-001
    352.07956   2.31128784E-001
    352.37820   2.30651878E-001
    352.67685   2.30179678E-001
    352.97549   2.29712120E-001
    353.27413   2.29249141E-001
    353.57277   2.28790679E-001
    353.87142   2.28336673E-001
    354.17006   2.27887060E-001
    354.46870   2.27441779E-001
    354.76735   2.27000771E-001
    355.06599   2.26563974E-001
    355.36463   2.26131329E-001
    355.66328   2.25702776E-001
    355.96192   2.25278256E-001
    356.26056   2.24857711E-001
    356.55920   2.24441083E-001
    356.85785   2.24028314E-001
    357.15649   2.23619346E-001
    357.45513   2.23214123E-001
    357.75378   2.22812589E-001
    358.05242   2.22414686E-001
    358.35106   2.22020361E-001
    358.64971   2.21629557E-001
    358.94835   2.21242219E-001
    359.24699   2.20858295E-001
    359.54563   2.20477728E-001
    359.84428   2.20100467E-001
    360.14292   2.19726458E-001
    360.44156   2.19355649E-001
    360.74021   2.18987986E-001
    361.03885   2.18623419E-001
    361.33749   2.18261896E-001
    361.63614   2.17903366E-001
    361.93478   2.17547779E-001
    362.23342   2.17195084E-001
    362.53206   2.16845232E-001
    362.83071   2.16498174E-001
    363.12935   2.16153860E-001
    363.42799   2.15812242E-001
    363.72664   2.15473273E-001
    364.02528   2.15136904E-001
    364.32392   2.14803089E-001
    364.62257   2.14471780E-001
    364.92121   2.14142932E-001
    365.21985   2.13816498E-001
    365.51850   2.13492433E-001
    365.81714   2.13170692E-001
    366.11578   2.12851230E-001
    366.41442   2.12534003E-001
    366.71307   2.12218966E-001
    367.01171   2.11906078E-001
    367.31035   2.11595293E-001
    367.60900   2.11286571E-001
    367.90764   2.10979868E-001
    368.20628   2.10675143E-001
    368.50493   2.10372354E-001
    368.80357   2.10071461E-001
    369.10221   2.09772422E-001
    369.40085   2.09475198E-001
    369.69950   2.09179748E-001
    369.99814   2.08886034E-001
    370.29678   2.08594016E-001
    370.59543   2.08303656E-001
    370.89407   2.08014915E-001
    371.19271   2.07727756E-001
    371.49136   2.07442142E-001
    371.79000   2.07158034E-001
    372.08864   2.06875398E-001
    372.38728   2.06594195E-001
    372.68593   2.06314392E-001
    372.98457   2.06035951E-001
    373.28321   2.05758839E-001
    373.58186   2.05483020E-001
    373.88050   2.05208460E-001
    374.17914   2.04935125E-001
    374.47779   2.04662983E-001
    374.77643   2.04391998E-001
    375.07507   2.04122140E-001
    375.37371   2.03853375E-001
    375.67236   2.03585672E-001
    375.97100   2.03318999E-001
    376.26964   2.03053324E-001
    376.56829   2.02788617E-001
    376.86693   2.02524847E-001
    377.16557   2.02261985E-001
    377.46422   2.01999999E-001
    377.76286   2.01738862E-001
    378.06150   2.01478544E-001
    378.36015   2.01219017E-001
    378.65879   2.00960251E-001
    378.95743   2.00702220E-001
    379.25607   2.00444895E-001
    379.55472   2.00188250E-001
    379.85336   1.99932257E-001
    380.15200   1.99676890E-001
    380.45065   1.99422123E-001
    380.74929   1.99167930E-001
    381.04793   1.98914286E-001
    381.34658   1.98661166E-001
    381.64522   1.98408544E-001
    381.94386   1.98156397E-001
    382.24250   1.97904700E-001
    382.54115   1.97653430E-001
    382.83979   1.97402563E-001
    383.13843   1.97152076E-001
    383.43708   1.96901947E-001
    383.73572   1.96652153E-001
    384.03436   1.96402672E-001
    384.33301   1.96153482E-001
    384.63165   1.95904563E-001
    384.93029   1.95655893E-001
    385.22893   1.95407450E-001
    385.52758   1.95159216E-001
    385.82622   1.94911169E-001
    386.12486   1.94663291E-001
    386.42351   1.94415561E-001
    386.72215   1.94167960E-001
    387.02079   1.93920470E-001
    387.31944   1.93673072E-001
    387.61808   1.93425747E-001
    387.91672   1.93178479E-001
    388.21536   1.92931249E-001
    388.51401   1.92684040E-001
    388.81265   1.92436835E-001
    389.11129   1.92189618E-001
    389.40994   1.91942371E-001
    389.70858   1.91695080E-001
    390.00722   1.91447727E-001
    390.30587   1.91200298E-001
    390.60451   1.90952778E-001
    390.90315   1.90705150E-001
    391.20179   1.90457402E-001
    391.50044   1.90209517E-001
    391.79908   1.89961483E-001
    392.09772   1.89713285E-001
    392.39637   1.89464910E-001
    392.69501   1.89216345E-001
    392.99365   1.88967576E-001
    393.29230   1.88718591E-001
    393.59094   1.88469378E-001
    393.88958   1.88219923E-001
    394.18823   1.87970216E-001
    394.48687   1.87720244E-001
    394.78551   1.87469996E-001
    395.08415   1.87219462E-001
    395.38280   1.86968629E-001
    395.68144   1.86717488E-001
    395.98008   1.86466027E-001
    396.27873   1.86214238E-001
    396.57737   1.85962109E-001
    396.87601   1.85709631E-001
    397.17466   1.85456796E-001
    397.47330   1.85203592E-001
    397.77194   1.84950013E-001
    398.07058   1.84696048E-001
    398.36923   1.84441690E-001
    398.66787   1.84186930E-001
    398.96651   1.83931760E-001
    399.26516   1.83676172E-001
    399.56380   1.83420159E-001
    399.86244   1.83163713E-001
    400.16109   1.82906827E-001
    400.45973   1.82649495E-001
    400.75837   1.82391710E-001
    401.05701   1.82133464E-001
    401.35566   1.81874752E-001
    401.65430   1.81615568E-001
    401.95294   1.81355906E-001
    402.25159   1.81095760E-001
    402.55023   1.80835125E-001
    402.84887   1.80573995E-001
    403.14752   1.80312365E-001
    403.44616   1.80050232E-001
    403.74480   1.79787589E-001
    404.04344   1.79524432E-001
    404.34209   1.79260757E-001
    404.64073   1.78996561E-001
    404.93937   1.78731838E-001
    405.23802   1.78466586E-001
    405.53666   1.78200800E-001
    405.83530   1.77934478E-001
    406.13395   1.77667616E-001
    406.43259   1.77400211E-001
    406.73123   1.77132261E-001
    407.02988   1.76863762E-001
    407.32852   1.76594712E-001
    407.62716   1.76325109E-001
    407.92580   1.76054951E-001
    408.22445   1.75784235E-001
    408.52309   1.75512960E-001
    408.82173   1.75241124E-001
    409.12038   1.74968726E-001
    409.41902   1.74695764E-001
    409.71766   1.74422236E-001
    410.01631   1.74148142E-001
    410.31495   1.73873482E-001
    410.61359   1.73598253E-001
    410.91223   1.73322456E-001
    411.21088   1.73046089E-001
    411.50952   1.72769154E-001
    411.80816   1.72491649E-001
    412.10681   1.72213574E-001
    412.40545   1.71934929E-001
    412.70409   1.71655715E-001
    413.00274   1.71375932E-001
    413.30138   1.71095580E-001
    413.60002   1.70814660E-001
    413.89866   1.70533173E-001
    414.19731   1.70251120E-001
    414.49595   1.69968500E-001
    414.79459   1.69685316E-001
    415.09324   1.69401569E-001
    415.39188   1.69117260E-001
    415.69052   1.68832391E-001
    415.98917   1.68546962E-001
    416.28781   1.68260976E-001
    416.58645   1.67974434E-001
    416.88509   1.67687339E-001
    417.18374   1.67399692E-001
    417.48238   1.67111495E-001
    417.78102   1.66822751E-001
    418.07967   1.66533461E-001
    418.37831   1.66243629E-001
    418.67695   1.65953257E-001
    418.97560   1.65662346E-001
    419.27424   1.65370901E-001
    419.57288   1.65078923E-001
    419.87152   1.64786416E-001
    420.17017   1.64493382E-001
    420.46881   1.64199825E-001
    420.76745   1.63905748E-001
    421.06610   1.63611153E-001
    421.36474   1.63316045E-001
    421.66338   1.63020426E-001
    421.96203   1.62724300E-001
    422.26067   1.62427671E-001
    422.55931   1.62130541E-001
    422.85796   1.61832916E-001
    423.15660   1.61534798E-001
    423.45524   1.61236192E-001
    423.75388   1.60937101E-001
    424.05253   1.60637529E-001
    424.35117   1.60337481E-001
    424.64981   1.60036960E-001
    424.94846   1.59735971E-001
    425.24710   1.59434517E-001
    425.54574   1.59132604E-001
    425.84439   1.58830235E-001
    426.14303   1.58527416E-001
    426.44167   1.58224149E-001
    426.74031   1.57920441E-001
    427.03896   1.57616295E-001
    427.33760   1.57311717E-001
    427.63624   1.57006710E-001
    427.93489   1.56701280E-001
    428.23353   1.56395432E-001
    428.53217   1.56089170E-001
    428.83082   1.55782499E-001
    429.12946   1.55475424E-001
    429.42810   1.55167951E-001
    429.72674   1.54860083E-001
    430.02539   1.54551827E-001
    430.32403   1.54243188E-001
    430.62267   1.53934170E-001
    430.92132   1.53624778E-001
    431.21996   1.53315019E-001
    431.51860   1.53004897E-001
    431.81725   1.52694418E-001
    432.11589   1.52383586E-001
    432.41453   1.52072408E-001
    432.71317   1.51760889E-001
    433.01182   1.51449033E-001
    433.31046   1.51136848E-001
    433.60910   1.50824338E-001
    433.90775   1.50511508E-001
    434.20639   1.50198364E-001
    434.50503   1.49884913E-001
    434.80368   1.49571158E-001
    435.10232   1.49257107E-001
    435.40096   1.48942765E-001
    435.69961   1.48628137E-001
    435.99825   1.48313229E-001
    436.29689   1.47998047E-001
    436.59553   1.47682596E-001
    436.89418   1.47366883E-001
    437.19282   1.47050913E-001
    437.49146   1.46734691E-001
    437.79011   1.46418225E-001
    438.08875   1.46101519E-001
    438.38739   1.45784579E-001
    438.68604   1.45467411E-001
    438.98468   1.45150021E-001
    439.28332   1.44832416E-001
    439.58196   1.44514600E-001
    439.88061   1.44196579E-001
    440.17925   1.43878360E-001
    440.47789   1.43559949E-001
    440.77654   1.43241351E-001
    441.07518   1.42922572E-001
    441.37382   1.42603618E-001
    441.67247   1.42284496E-001
    441.97111   1.41965210E-001
    442.26975   1.41645767E-001
    442.56839   1.41326174E-001
    442.86704   1.41006435E-001
    443.16568   1.40686557E-001
    443.46432   1.40366545E-001
    443.76297   1.40046406E-001
    444.06161   1.39726145E-001
    444.36025   1.39405769E-001
    444.65890   1.39085284E-001
    444.95754   1.38764694E-001
    445.25618   1.38444007E-001
    445.55482   1.38123228E-001
    445.85347   1.37802363E-001
    446.15211   1.37481418E-001
    446.45075   1.37160398E-001
    446.74940   1.36839310E-001
    447.04804   1.36518160E-001
    447.34668   1.36196953E-001
    447.64533   1.35875696E-001
    447.94397   1.35554394E-001
    448.24261   1.35233052E-001
    448.54125   1.34911677E-001
    448.83990   1.34590275E-001
    449.13854   1.34268852E-001
    449.43718   1.33947412E-001
    449.73583   1.33625963E-001
    450.03447   1.33304509E-001
    450.33311   1.32983056E-001
    450.63176   1.32661611E-001
    450.93040   1.32340179E-001
    451.22904   1.32018765E-001
    451.52769   1.31697376E-001
    451.82633   1.31376016E-001
    452.12497   1.31054692E-001
    452.42361   1.30733410E-001
    452.72226   1.30412174E-001
    453.02090   1.30090991E-001
    453.31954   1.29769866E-001
    453.61819   1.29448804E-001
    453.91683   1.29127812E-001
    454.21547   1.28806894E-001
    454.51412   1.28486057E-001
    454.81276   1.28165305E-001
    455.11140   1.27844644E-001
    455.41004   1.27524080E-001
    455.70869   1.27203618E-001
    456.00733   1.26883263E-001
    456.30597   1.26563021E-001
    456.60462   1.26242897E-001
    456.90326   1.25922896E-001
    457.20190   1.25603024E-001
    457.50055   1.25283287E-001
    457.79919   1.24963688E-001
    458.09783   1.24644234E-001
    458.39647   1.24324929E-001
    458.69512   1.24005780E-001
    458.99376   1.23686790E-001
    459.29240   1.23367966E-001
    459.59105   1.23049312E-001
    459.88969   1.22730833E-001
    460.18833   1.22412535E-001
    460.48698   1.22094422E-001
    460.78562   1.21776499E-001
    461.08426   1.21458772E-001
    461.38290   1.21141245E-001
    461.68155   1.20823924E-001
    461.98019   1.20506812E-001
    462.27883   1.20189916E-001
    462.57748   1.19873240E-001
    462.87612   1.19556788E-001
    463.17476   1.19240565E-001
    463.47341   1.18924577E-001
    463.77205   1.18608828E-001
    464.07069   1.18293322E-001
    464.36934   1.17978065E-001
    464.66798   1.17663060E-001
    464.96662   1.17348313E-001
    465.26526   1.17033828E-001
    465.56391   1.16719610E-001
    465.86255   1.16405662E-001
    466.16119   1.16091991E-001
    466.45984   1.15778599E-001
    466.75848   1.15465492E-001
    467.05712   1.15152674E-001
    467.35577   1.14840149E-001
    467.65441   1.14527922E-001
    467.95305   1.14215996E-001
    468.25169   1.13904377E-001
    468.55034   1.13593068E-001
    468.84898   1.13282074E-001
    469.14762   1.12971399E-001
    469.44627   1.12661046E-001
    469.74491   1.12351021E-001
    470.04355   1.12041327E-001
    470.34220   1.11731968E-001
    470.64084   1.11422948E-001
    470.93948   1.11114271E-001
    471.23812   1.10805942E-001
    471.53677   1.10497964E-001
    471.83541   1.10190341E-001
    472.13405   1.09883076E-001
    472.43270   1.09576174E-001
    472.73134   1.09269639E-001
    473.02998   1.08963474E-001
    473.32863   1.08657684E-001
    473.62727   1.08352270E-001
    473.92591   1.08047239E-001
    474.22455   1.07742592E-001
    474.52320   1.07438334E-001
    474.82184   1.07134468E-001
    475.12048   1.06830998E-001
    475.41913   1.06527928E-001
    475.71777   1.06225260E-001
    476.01641   1.05922998E-001
    476.31506   1.05621146E-001
    476.61370   1.05319707E-001
    476.91234   1.05018684E-001
    477.21098   1.04718081E-001
    477.50963   1.04417902E-001
    477.80827   1.04118148E-001
    478.10691   1.03818824E-001
    478.40556   1.03519933E-001
    478.70420   1.03221477E-001
    479.00284   1.02923461E-001
    479.30149   1.02625886E-001
    479.60013   1.02328757E-001
    479.89877   1.02032076E-001
    480.19742   1.01735846E-001
    480.49606   1.01440070E-001
    480.79470   1.01144752E-001
    481.09334   1.00849893E-001
    481.39199   1.00555498E-001
    481.69063   1.00261568E-001
    481.98927   9.99681072E-002
    482.28792   9.96751175E-002
    482.58656   9.93826019E-002
    482.88520   9.90905632E-002
    483.18385   9.87990041E-002
    483.48249   9.85079273E-002
    483.78113   9.82173353E-002
    484.07977   9.79272307E-002
    484.37842   9.76376162E-002
    484.67706   9.73484943E-002
    484.97570   9.70598675E-002
    485.27435   9.67717383E-002
    485.57299   9.64841091E-002
    485.87163   9.61969824E-002
    486.17028   9.59103605E-002
    486.46892   9.56242458E-002
    486.76756   9.53386406E-002
    487.06620   9.50535473E-002
    487.36485   9.47689681E-002
    487.66349   9.44849052E-002
    487.96213   9.42013609E-002
    488.26078   9.39183373E-002
    488.55942   9.36358366E-002
    488.85806   9.33538609E-002
    489.15671   9.30724123E-002
    489.45535   9.27914929E-002
    489.75399   9.25111047E-002
    490.05263   9.22312497E-002
    490.35128   9.19519299E-002
    490.64992   9.16731473E-002
    490.94856   9.13949037E-002
    491.24721   9.11172011E-002
    491.54585   9.08400414E-002
    491.84449   9.05634263E-002
    492.14314   9.02873576E-002
    492.44178   9.00118373E-002
    492.74042   8.97368669E-002
    493.03907   8.94624482E-002
    493.33771   8.91885830E-002
    493.63635   8.89152729E-002
    493.93499   8.86425196E-002
    494.23364   8.83703246E-002
    494.53228   8.80986896E-002
    494.83092   8.78276160E-002
    495.12957   8.75571056E-002
    495.42821   8.72871597E-002
    495.72685   8.70177798E-002
    496.02550   8.67489674E-002
    496.32414   8.64807240E-002
    496.62278   8.62130509E-002
    496.92142   8.59459495E-002
    497.22007   8.56794212E-002
    497.51871   8.54134672E-002
    497.81735   8.51480890E-002
    498.11600   8.48832877E-002
    498.41464   8.46190646E-002
    498.71328   8.43554210E-002
    499.01193   8.40923580E-002
    499.31057   8.38298769E-002
    499.60921   8.35679786E-002
    499.90785   8.33066645E-002
    500.20650   8.30459356E-002
    500.50514   8.27857929E-002
    500.80378   8.25262376E-002
    501.10243   8.22672706E-002
    501.40107   8.20088930E-002
    501.69971   8.17511057E-002
    501.99836   8.14939097E-002
    502.29700   8.12373059E-002
    502.59564   8.09812953E-002
    502.89428   8.07258787E-002
    503.19293   8.04710569E-002
    503.49157   8.02168309E-002
    503.79021   7.99632015E-002
    504.08886   7.97101694E-002
    504.38750   7.94577354E-002
    504.68614   7.92059002E-002
    504.98479   7.89546647E-002
    505.28343   7.87040295E-002
    505.58207   7.84539952E-002
    505.88071   7.82045626E-002
    506.17936   7.79557323E-002
    506.47800   7.77075049E-002
    506.77664   7.74598811E-002
    507.07529   7.72128613E-002
    507.37393   7.69664461E-002
    507.67257   7.67206361E-002
    507.97122   7.64754318E-002
    508.26986   7.62308338E-002
    508.56850   7.59868423E-002
    508.86715   7.57434580E-002
    509.16579   7.55006812E-002
    509.46443   7.52585124E-002
    509.76307   7.50169520E-002
    510.06172   7.47760002E-002
    510.36036   7.45356576E-002
    510.65900   7.42959244E-002
    510.95765   7.40568009E-002
    511.25629   7.38182874E-002
    511.55493   7.35803842E-002
    511.85358   7.33430916E-002
    512.15222   7.31064098E-002
    512.45086   7.28703390E-002
    512.74950   7.26348795E-002
    513.04815   7.24000313E-002
    513.34679   7.21657947E-002
    513.64543   7.19321699E-002
    513.94408   7.16991569E-002
    514.24272   7.14667558E-002
    514.54136   7.12349669E-002
    514.84001   7.10037900E-002
    515.13865   7.07732254E-002
    515.43729   7.05432730E-002
    515.73593   7.03139328E-002
    516.03458   7.00852049E-002
    516.33322   6.98570893E-002
    516.63186   6.96295860E-002
    516.93051   6.94026948E-002
    517.22915   6.91764158E-002
    517.52779   6.89507488E-002
    517.82644   6.87256938E-002
    518.12508   6.85012507E-002
    518.42372   6.82774194E-002
    518.72236   6.80541996E-002
    519.02101   6.78315914E-002
    519.31965   6.76095944E-002
    519.61829   6.73882085E-002
    519.91694   6.71674336E-002
    520.21558   6.69472693E-002
    520.51422   6.67277155E-002
    520.81287   6.65087720E-002
    521.11151   6.62904384E-002
    521.41015   6.60727145E-002
    521.70880   6.58556001E-002
    522.00744   6.56390947E-002
    522.30608   6.54231982E-002
    522.60472   6.52079101E-002
    522.90337   6.49932302E-002
    523.20201   6.47791580E-002
    523.50065   6.45656933E-002
    523.79930   6.43528355E-002
    524.09794   6.41405844E-002
    524.39658   6.39289396E-002
    524.69523   6.37179005E-002
    524.99387   6.35074668E-002
    525.29251   6.32976380E-002
    525.59115   6.30884136E-002
    525.88980   6.28797933E-002
    526.18844   6.26717764E-002
    526.48708   6.24643626E-002
    526.78573   6.22575512E-002
    527.08437   6.20513418E-002
    527.38301   6.18457339E-002
    527.68166   6.16407268E-002
    527.98030   6.14363201E-002
    528.27894   6.12325132E-002
    528.57758   6.10293054E-002
    528.87623   6.08266963E-002
    529.17487   6.06246851E-002
    529.47351   6.04232714E-002
    529.77216   6.02224544E-002
    530.07080   6.00222335E-002
    530.36944   5.98226081E-002
    530.66809   5.96235776E-002
    530.96673   5.94251412E-002
    531.26537   5.92272983E-002
    531.56401   5.90300482E-002
    531.86266   5.88333902E-002
    532.16130   5.86373236E-002
    532.45994   5.84418476E-002
    532.75859   5.82469617E-002
    533.05723   5.80526649E-002
    533.35587   5.78589566E-002
    533.65452   5.76658361E-002
    533.95316   5.74733025E-002
    534.25180   5.72813550E-002
    534.55044   5.70899930E-002
    534.84909   5.68992156E-002
    535.14773   5.67090220E-002
    535.44637   5.65194113E-002
    535.74502   5.63303829E-002
    536.04366   5.61419358E-002
    536.34230   5.59540692E-002
    536.64095   5.57667823E-002
    536.93959   5.55800743E-002
    537.23823   5.53939441E-002
    537.53688   5.52083911E-002
    537.83552   5.50234143E-002
    538.13416   5.48390129E-002
    538.43280   5.46551859E-002
    538.73145   5.44719324E-002
    539.03009   5.42892516E-002
    539.32873   5.41071426E-002
    539.62738   5.39256043E-002
    539.92602   5.37446359E-002
    540.22466   5.35642364E-002
    540.52331   5.33844050E-002
    540.82195   5.32051406E-002
    541.12059   5.30264423E-002
    541.41923   5.28483092E-002
    541.71788   5.26707402E-002
    542.01652   5.24937344E-002
    542.31516   5.23172908E-002
    542.61381   5.21414084E-002
    542.91245   5.19660863E-002
    543.21109   5.17913233E-002
    543.50974   5.16171186E-002
    543.80838   5.14434711E-002
    544.10702   5.12703798E-002
    544.40566   5.10978436E-002
    544.70431   5.09258616E-002
    545.00295   5.07544326E-002
    545.30159   5.05835557E-002
    545.60024   5.04132298E-002
    545.89888   5.02434538E-002
    546.19752   5.00742268E-002
    546.49617   4.99055475E-002
    546.79481   4.97374150E-002
    547.09345   4.95698282E-002
    547.39209   4.94027860E-002
    547.69074   4.92362873E-002
    547.98938   4.90703311E-002
    548.28802   4.89049162E-002
    548.58667   4.87400415E-002
    548.88531   4.85757059E-002
    549.18395   4.84119084E-002
    549.48260   4.82486478E-002
    549.78124   4.80859231E-002
    550.07988   4.79237330E-002
    550.37853   4.77620764E-002
    550.67717   4.76009523E-002
    550.97581   4.74403595E-002
    551.27445   4.72802969E-002
    551.57310   4.71207633E-002
    551.87174   4.69617576E-002
    552.17038   4.68032786E-002
    552.46903   4.66453251E-002
    552.76767   4.64878961E-002
    553.06631   4.63309904E-002
    553.36496   4.61746068E-002
    553.66360   4.60187441E-002
    553.96224   4.58634012E-002
    554.26088   4.57085769E-002
    554.55953   4.55542701E-002
    554.85817   4.54004794E-002
    555.15681   4.52472039E-002
    555.45546   4.50944422E-002
    555.75410   4.49421933E-002
    556.05274   4.47904558E-002
    556.35139   4.46392287E-002
    556.65003   4.44885106E-002
    556.94867   4.43383005E-002
    557.24731   4.41885972E-002
    557.54596   4.40393993E-002
    557.84460   4.38907058E-002
    558.14324   4.37425153E-002
    558.44189   4.35948268E-002
    558.74053   4.34476390E-002
    559.03917   4.33009506E-002
    559.33782   4.31547605E-002
    559.63646   4.30090674E-002
    559.93510   4.28638701E-002
    560.23374   4.27191675E-002
    560.53239   4.25749582E-002
    560.83103   4.24312410E-002
    561.12967   4.22880148E-002
    561.42832   4.21452782E-002
    561.72696   4.20030301E-002
    562.02560   4.18612693E-002
    562.32425   4.17199944E-002
    562.62289   4.15792043E-002
    562.92153   4.14388976E-002
    563.22017   4.12990733E-002
    563.51882   4.11597300E-002
    563.81746   4.10208665E-002
    564.11610   4.08824816E-002
    564.41475   4.07445739E-002
    564.71339   4.06071423E-002
    565.01203   4.04701856E-002
    565.31068   4.03337024E-002
    565.60932   4.01976915E-002
    565.90796   4.00621518E-002
    566.20661   3.99270818E-002
    566.50525   3.97924804E-002
    566.80389   3.96583463E-002
    567.10253   3.95246784E-002
    567.40118   3.93914752E-002
    567.69982   3.92587356E-002
    567.99846   3.91264583E-002
    568.29711   3.89946420E-002
    568.59575   3.88632856E-002
    568.89439   3.87323877E-002
    569.19304   3.86019471E-002
    569.49168   3.84719626E-002
    569.79032   3.83424328E-002
    570.08896   3.82133565E-002
    570.38761   3.80847325E-002
    570.68625   3.79565595E-002
    570.98489   3.78288363E-002
    571.28354   3.77015616E-002
    571.58218   3.75747341E-002
    571.88082   3.74483525E-002
    572.17947   3.73224157E-002
    572.47811   3.71969224E-002
    572.77675   3.70718712E-002
    573.07539   3.69472610E-002
    573.37404   3.68230906E-002
    573.67268   3.66993585E-002
    573.97132   3.65760636E-002
    574.26997   3.64532046E-002
    574.56861   3.63307804E-002
    574.86725   3.62087895E-002
    575.16590   3.60872307E-002
    575.46454   3.59661029E-002
    575.76318   3.58454047E-002
    576.06182   3.57251350E-002
    576.36047   3.56052923E-002
    576.65911   3.54858756E-002
    576.95775   3.53668834E-002
    577.25640   3.52483147E-002
    577.55504   3.51301681E-002
    577.85368   3.50124424E-002
    578.15233   3.48951363E-002
    578.45097   3.47782486E-002
    578.74961   3.46617781E-002
    579.04825   3.45457234E-002
    579.34690   3.44300834E-002
    579.64554   3.43148567E-002
    579.94418   3.42000423E-002
    580.24283   3.40856387E-002
    580.54147   3.39716449E-002
    580.84011   3.38580594E-002
    581.13876   3.37448812E-002
    581.43740   3.36321088E-002
    581.73604   3.35197413E-002
    582.03469   3.34077771E-002
    582.33333   3.32962153E-002
    582.63197   3.31850544E-002
    582.93061   3.30742933E-002
    583.22926   3.29639308E-002
    583.52790   3.28539655E-002
    583.82654   3.27443964E-002
    584.12519   3.26352221E-002
    584.42383   3.25264414E-002
    584.72247   3.24180531E-002
    585.02112   3.23100560E-002
    585.31976   3.22024489E-002
    585.61840   3.20952305E-002
    585.91704   3.19883996E-002
    586.21569   3.18819550E-002
    586.51433   3.17758955E-002
    586.81297   3.16702198E-002
    587.11162   3.15649268E-002
    587.41026   3.14600153E-002
    587.70890   3.13554840E-002
    588.00755   3.12513317E-002
    588.30619   3.11475572E-002
    588.60483   3.10441593E-002
    588.90347   3.09411368E-002
    589.20212   3.08384885E-002
    589.50076   3.07362133E-002
    589.79940   3.06343098E-002
    590.09805   3.05327770E-002
    590.39669   3.04316135E-002
    590.69533   3.03308183E-002
    590.99398   3.02303901E-002
    591.29262   3.01303277E-002
    591.59126   3.00306300E-002
    591.88990   2.99312958E-002
    592.18855   2.98323239E-002
    592.48719   2.97337130E-002
    592.78583   2.96354621E-002
    593.08448   2.95375699E-002
    593.38312   2.94400353E-002
    593.68176   2.93428570E-002
    593.98041   2.92460340E-002
    594.27905   2.91495651E-002
    594.57769   2.90534490E-002
    594.87634   2.89576846E-002
    595.17498   2.88622708E-002
    595.47362   2.87672064E-002
    595.77226   2.86724903E-002
    596.07091   2.85781212E-002
    596.36955   2.84840980E-002
    596.66819   2.83904196E-002
    596.96684   2.82970848E-002
    597.26548   2.82040925E-002
    597.56412   2.81114415E-002
    597.86277   2.80191306E-002
    598.16141   2.79271588E-002
    598.46005   2.78355249E-002
    598.75869   2.77442278E-002
    599.05734   2.76532662E-002
    599.35598   2.75626392E-002
    599.65462   2.74723455E-002
    599.95327   2.73823841E-002
    600.25191   2.72927537E-002
    600.55055   2.72034533E-002
    600.84920   2.71144818E-002
    601.14784   2.70258380E-002
    601.44648   2.69375208E-002
    601.74512   2.68495292E-002
    602.04377   2.67618619E-002
    602.34241   2.66745179E-002
    602.64105   2.65874961E-002
    602.93970   2.65007953E-002
    603.23834   2.64144145E-002
    603.53698   2.63283526E-002
    603.83563   2.62426085E-002
    604.13427   2.61571810E-002
    604.43291   2.60720691E-002
    604.73155   2.59872717E-002
    605.03020   2.59027876E-002
    605.32884   2.58186159E-002
    605.62748   2.57347554E-002
    605.92613   2.56512051E-002
    606.22477   2.55679639E-002
    606.52341   2.54850306E-002
    606.82206   2.54024043E-002
    607.12070   2.53200838E-002
    607.41934   2.52380681E-002
    607.71798   2.51563561E-002
    608.01663   2.50749467E-002
    608.31527   2.49938390E-002
    608.61391   2.49130317E-002
    608.91256   2.48325240E-002
    609.21120   2.47523147E-002
    609.50984   2.46724028E-002
    609.80849   2.45927871E-002
    610.10713   2.45134668E-002
    610.40577   2.44344407E-002
    610.70442   2.43557078E-002
    611.00306   2.42772671E-002
    611.30170   2.41991175E-002
    611.60034   2.41212580E-002
    611.89899   2.40436875E-002
    612.19763   2.39664051E-002
    612.49627   2.38894097E-002
    612.79492   2.38127003E-002
    613.09356   2.37362758E-002
    613.39220   2.36601353E-002
    613.69085   2.35842778E-002
    613.98949   2.35087022E-002
    614.28813   2.34334074E-002
    614.58677   2.33583927E-002
    614.88542   2.32836568E-002
    615.18406   2.32091988E-002
    615.48270   2.31350177E-002
    615.78135   2.30611125E-002
    616.07999   2.29874823E-002
    616.37863   2.29141260E-002
    616.67728   2.28410426E-002
    616.97592   2.27682312E-002
    617.27456   2.26956908E-002
    617.57320   2.26234204E-002
    617.87185   2.25514189E-002
    618.17049   2.24796856E-002
    618.46913   2.24082193E-002
    618.76778   2.23370191E-002
    619.06642   2.22660840E-002
    619.36506   2.21954131E-002
    619.66371   2.21250055E-002
    619.96235   2.20548600E-002
    620.26099   2.19849759E-002
    620.55963   2.19153521E-002
    620.85828   2.18459878E-002
    621.15692   2.17768818E-002
    621.45556   2.17080334E-002
    621.75421   2.16394415E-002
    622.05285   2.15711053E-002
    622.35149   2.15030238E-002
    622.65014   2.14351959E-002
    622.94878   2.13676210E-002
    623.24742   2.13002979E-002
    623.54607   2.12332257E-002
    623.84471   2.11664037E-002
    624.14335   2.10998307E-002
    624.44199   2.10335059E-002
    624.74064   2.09674285E-002
    625.03928   2.09015974E-002
    625.33792   2.08360117E-002
    625.63657   2.07706707E-002
    625.93521   2.07055733E-002
    626.23385   2.06407186E-002
    626.53250   2.05761058E-002
    626.83114   2.05117339E-002
    627.12978   2.04476021E-002
    627.42842   2.03837095E-002
    627.72707   2.03200552E-002
    628.02571   2.02566382E-002
    628.32435   2.01934578E-002
    628.62300   2.01305130E-002
    628.92164   2.00678030E-002
    629.22028   2.00053269E-002
    629.51893   1.99430837E-002
    629.81757   1.98810727E-002
    630.11621   1.98192930E-002
    630.41485   1.97577437E-002
    630.71350   1.96964240E-002
    631.01214   1.96353329E-002
    631.31078   1.95744696E-002
    631.60943   1.95138334E-002
    631.90807   1.94534232E-002
    632.20671   1.93932384E-002
    632.50536   1.93332780E-002
    632.80400   1.92735411E-002
    633.10264   1.92140271E-002
    633.40128   1.91547349E-002
    633.69993   1.90956638E-002
    633.99857   1.90368130E-002
    634.29721   1.89781815E-002
    634.59586   1.89197687E-002
    634.89450   1.88615736E-002
    635.19314   1.88035955E-002
    635.49179   1.87458335E-002
    635.79043   1.86882868E-002
    636.08907   1.86309546E-002
    636.38771   1.85738361E-002
    636.68636   1.85169304E-002
    636.98500   1.84602368E-002
    637.28364   1.84037545E-002
    637.58229   1.83474827E-002
    637.88093   1.82914205E-002
    638.17957   1.82355671E-002
    638.47822   1.81799219E-002
    638.77686   1.81244839E-002
    639.07550   1.80692524E-002
    639.37415   1.80142267E-002
    639.67279   1.79594058E-002
    639.97143   1.79047891E-002
    640.27007   1.78503758E-002
    640.56872   1.77961651E-002
    640.86736   1.77421562E-002
    641.16600   1.76883484E-002
    641.46465   1.76347408E-002
    641.76329   1.75813328E-002
    642.06193   1.75281235E-002
    642.36058   1.74751122E-002
    642.65922   1.74222982E-002
    642.95786   1.73696806E-002
    643.25650   1.73172588E-002
    643.55515   1.72650320E-002
    643.85379   1.72129994E-002
    644.15243   1.71611603E-002
    644.45108   1.71095139E-002
    644.74972   1.70580596E-002
    645.04836   1.70067965E-002
    645.34701   1.69557240E-002
    645.64565   1.69048413E-002
    645.94429   1.68541477E-002
    646.24293   1.68036424E-002
    646.54158   1.67533248E-002
    646.84022   1.67031940E-002
    647.13886   1.66532494E-002
    647.43751   1.66034904E-002
    647.73615   1.65539160E-002
    648.03479   1.65045257E-002
    648.33344   1.64553188E-002
    648.63208   1.64062944E-002
    648.93072   1.63574520E-002
    649.22936   1.63087908E-002
    649.52801   1.62603101E-002
    649.82665   1.62120093E-002
    650.12529   1.61638875E-002
    650.42394   1.61159442E-002
    650.72258   1.60681787E-002
    651.02122   1.60205902E-002
    651.31987   1.59731780E-002
    651.61851   1.59259416E-002
    651.91715   1.58788801E-002
    652.21580   1.58319930E-002
    652.51444   1.57852796E-002
    652.81308   1.57387391E-002
    653.11172   1.56923709E-002
    653.41037   1.56461744E-002
    653.70901   1.56001488E-002
    654.00765   1.55542935E-002
    654.30630   1.55086079E-002
    654.60494   1.54630913E-002
    654.90358   1.54177430E-002
    655.20223   1.53725623E-002
    655.50087   1.53275487E-002
    655.79951   1.52827015E-002
    656.09815   1.52380200E-002
    656.39680   1.51935036E-002
    656.69544   1.51491516E-002
    656.99408   1.51049634E-002
    657.29273   1.50609384E-002
    657.59137   1.50170759E-002
    657.89001   1.49733752E-002
    658.18866   1.49298359E-002
    658.48730   1.48864571E-002
    658.78594   1.48432384E-002
    659.08458   1.48001790E-002
    659.38323   1.47572784E-002
    659.68187   1.47145359E-002
    659.98051   1.46719510E-002
    660.27916   1.46295229E-002
    660.57780   1.45872511E-002
    660.87644   1.45451350E-002
    661.17509   1.45031740E-002
    661.47373   1.44613674E-002
    661.77237   1.44197146E-002
    662.07101   1.43782152E-002
    662.36966   1.43368683E-002
    662.66830   1.42956736E-002
    662.96694   1.42546302E-002
    663.26559   1.42137378E-002
    663.56423   1.41729956E-002
    663.86287   1.41324031E-002
    664.16152   1.40919597E-002
    664.46016   1.40516648E-002
    664.75880   1.40115178E-002
    665.05744   1.39715182E-002
    665.35609   1.39316654E-002
    665.65473   1.38919587E-002
    665.95337   1.38523977E-002
    666.25202   1.38129817E-002
    666.55066   1.37737102E-002
    666.84930   1.37345826E-002
    667.14795   1.36955983E-002
    667.44659   1.36567568E-002
    667.74523   1.36180576E-002
    668.04388   1.35795000E-002
    668.34252   1.35410834E-002
    668.64116   1.35028075E-002
    668.93980   1.34646715E-002
    669.23845   1.34266750E-002
    669.53709   1.33888174E-002
    669.83573   1.33510981E-002
    670.13438   1.33135166E-002
    670.43302   1.32760724E-002
    670.73166   1.32387649E-002
    671.03031   1.32015935E-002
    671.32895   1.31645578E-002
    671.62759   1.31276572E-002
    671.92623   1.30908912E-002
    672.22488   1.30542593E-002
    672.52352   1.30177608E-002
    672.82216   1.29813953E-002
    673.12081   1.29451623E-002
    673.41945   1.29090613E-002
    673.71809   1.28730916E-002
    674.01674   1.28372529E-002
    674.31538   1.28015445E-002
    674.61402   1.27659660E-002
    674.91266   1.27305169E-002
    675.21131   1.26951966E-002
    675.50995   1.26600047E-002
    675.80859   1.26249405E-002
    676.10724   1.25900037E-002
    676.40588   1.25551938E-002
    676.70452   1.25205101E-002
    677.00317   1.24859522E-002
    677.30181   1.24515197E-002
    677.60045   1.24172120E-002
    677.89909   1.23830287E-002
    678.19774   1.23489692E-002
    678.49638   1.23150330E-002
    678.79502   1.22812197E-002
    679.09367   1.22475288E-002
    679.39231   1.22139597E-002
    679.69095   1.21805121E-002
    679.98960   1.21471854E-002
    680.28824   1.21139792E-002
    680.58688   1.20808929E-002
    680.88553   1.20479262E-002
    681.18417   1.20150784E-002
    681.48281   1.19823492E-002
    681.78145   1.19497381E-002
    682.08010   1.19172447E-002
    682.37874   1.18848683E-002
    682.67738   1.18526087E-002
    682.97603   1.18204653E-002
    683.27467   1.17884376E-002
    683.57331   1.17565253E-002
    683.87196   1.17247278E-002
    684.17060   1.16930447E-002
    684.46924   1.16614755E-002
    684.76788   1.16300199E-002
    685.06653   1.15986773E-002
    685.36517   1.15674472E-002
    685.66381   1.15363293E-002
    685.96246   1.15053231E-002
    686.26110   1.14744282E-002
    686.55974   1.14436441E-002
    686.85839   1.14129703E-002
    687.15703   1.13824065E-002
    687.45567   1.13519522E-002
    687.75431   1.13216070E-002
    688.05296   1.12913704E-002
    688.35160   1.12612420E-002
    688.65024   1.12312214E-002
    688.94889   1.12013082E-002
    689.24753   1.11715018E-002
    689.54617   1.11418020E-002
    689.84482   1.11122082E-002
    690.14346   1.10827201E-002
    690.44210   1.10533372E-002
    690.74074   1.10240592E-002
    691.03939   1.09948855E-002
    691.33803   1.09658159E-002
    691.63667   1.09368498E-002
    691.93532   1.09079869E-002
    692.23396   1.08792267E-002
    692.53260   1.08505689E-002
    692.83125   1.08220130E-002
    693.12989   1.07935587E-002
    693.42853   1.07652055E-002
    693.72717   1.07369530E-002
    694.02582   1.07088008E-002
    694.32446   1.06807486E-002
    694.62310   1.06527960E-002
    694.92175   1.06249424E-002
    695.22039   1.05971877E-002
    695.51903   1.05695312E-002
    695.81768   1.05419728E-002
    696.11632   1.05145119E-002
    696.41496   1.04871482E-002
    696.71361   1.04598814E-002
    697.01225   1.04327109E-002
    697.31089   1.04056365E-002
    697.60953   1.03786577E-002
    697.90818   1.03517743E-002
    698.20682   1.03249857E-002
    698.50546   1.02982916E-002
    698.80411   1.02716917E-002
    699.10275   1.02451856E-002
    699.40139   1.02187728E-002
    699.70004   1.01924531E-002
    699.99868   1.01662261E-002
    700.29732   1.01400914E-002
    700.59596   1.01140485E-002
    700.89461   1.00880973E-002
    701.19325   1.00622372E-002
    701.49189   1.00364680E-002
    701.79054   1.00107893E-002
    702.08918   9.98520070E-003
    702.38782   9.95970185E-003
    702.68647   9.93429241E-003
    702.98511   9.90897202E-003
    703.28375   9.88374032E-003
    703.58239   9.85859698E-003
    703.88104   9.83354163E-003
    704.17968   9.80857393E-003
    704.47832   9.78369352E-003
    704.77697   9.75890007E-003
    705.07561   9.73419324E-003
    705.37425   9.70957266E-003
    705.67290   9.68503801E-003
    705.97154   9.66058894E-003
    706.27018   9.63622512E-003
    706.56882   9.61194620E-003
    706.86747   9.58775185E-003
    707.16611   9.56364173E-003
    707.46475   9.53961552E-003
    707.76340   9.51567287E-003
    708.06204   9.49181346E-003
    708.36068   9.46803696E-003
    708.65933   9.44434303E-003
    708.95797   9.42073136E-003
    709.25661   9.39720161E-003
    709.55526   9.37375346E-003
    709.85390   9.35038659E-003
    710.15254   9.32710068E-003
    710.45118   9.30389540E-003
    710.74983   9.28077044E-003
    711.04847   9.25772548E-003
    711.34711   9.23476019E-003
    711.64576   9.21187428E-003
    711.94440   9.18906741E-003
    712.24304   9.16633929E-003
    712.54169   9.14368959E-003
    712.84033   9.12111801E-003
    713.13897   9.09862424E-003
    713.43761   9.07620796E-003
    713.73626   9.05386889E-003
    714.03490   9.03160670E-003
    714.33354   9.00942109E-003
    714.63219   8.98731177E-003
    714.93083   8.96527842E-003
    715.22947   8.94332076E-003
    715.52812   8.92143848E-003
    715.82676   8.89963128E-003
    716.12540   8.87789886E-003
    716.42404   8.85624094E-003
    716.72269   8.83465721E-003
    717.02133   8.81314738E-003
    717.31997   8.79171117E-003
    717.61862   8.77034827E-003
    717.91726   8.74905841E-003
    718.21590   8.72784129E-003
    718.51455   8.70669662E-003
    718.81319   8.68562412E-003
    719.11183   8.66462351E-003
    719.41047   8.64369450E-003
    719.70912   8.62283681E-003
    720.00776   8.60205015E-003
    720.30640   8.58133425E-003
    720.60505   8.56068882E-003
    720.90369   8.54011360E-003
    721.20233   8.51960830E-003
    721.50098   8.49917264E-003
    721.79962   8.47880636E-003
    722.09826   8.45850918E-003
    722.39690   8.43828082E-003
    722.69555   8.41812102E-003
    722.99419   8.39802951E-003
    723.29283   8.37800601E-003
    723.59148   8.35805026E-003
    723.89012   8.33816199E-003
    724.18876   8.31834094E-003
    724.48741   8.29858684E-003
    724.78605   8.27889942E-003
    725.08469   8.25927844E-003
    725.38334   8.23972361E-003
    725.68198   8.22023470E-003
    725.98062   8.20081142E-003
    726.27926   8.18145353E-003
    726.57791   8.16216078E-003
    726.87655   8.14293289E-003
    727.17519   8.12376963E-003
    727.47384   8.10467073E-003
    727.77248   8.08563594E-003
    728.07112   8.06666501E-003
    728.36977   8.04775768E-003
    728.66841   8.02891372E-003
    728.96705   8.01013287E-003
    729.26569   7.99141488E-003
    729.56434   7.97275951E-003
    729.86298   7.95416651E-003
    730.16162   7.93563563E-003
    730.46027   7.91716664E-003
    730.75891   7.89875928E-003
    731.05755   7.88041332E-003
    731.35620   7.86212852E-003
    731.65484   7.84390463E-003
    731.95348   7.82574143E-003
    732.25212   7.80763866E-003
    732.55077   7.78959610E-003
    732.84941   7.77161350E-003
    733.14805   7.75369064E-003
    733.44670   7.73582728E-003
    733.74534   7.71802318E-003
    734.04398   7.70027812E-003
    734.34263   7.68259186E-003
    734.64127   7.66496418E-003
    734.93991   7.64739484E-003
    735.23855   7.62988362E-003
    735.53720   7.61243028E-003
    735.83584   7.59503461E-003
    736.13448   7.57769637E-003
    736.43313   7.56041535E-003
    736.73177   7.54319132E-003
    737.03041   7.52602406E-003
    737.32906   7.50891334E-003
    737.62770   7.49185894E-003
    737.92634   7.47486065E-003
    738.22499   7.45791825E-003
    738.52363   7.44103151E-003
    738.82227   7.42420023E-003
    739.12091   7.40742418E-003
    739.41956   7.39070315E-003
    739.71820   7.37403692E-003
    740.01684   7.35742528E-003
    740.31549   7.34086803E-003
    740.61413   7.32436494E-003
    740.91277   7.30791581E-003
    741.21142   7.29152042E-003
    741.51006   7.27517857E-003
    741.80870   7.25889005E-003
    742.10734   7.24265465E-003
    742.40599   7.22647216E-003
    742.70463   7.21034239E-003
    743.00327   7.19426512E-003
    743.30192   7.17824014E-003
    743.60056   7.16226727E-003
    743.89920   7.14634629E-003
    744.19785   7.13047700E-003
    744.49649   7.11465920E-003
    744.79513   7.09889270E-003
    745.09377   7.08317729E-003
    745.39242   7.06751277E-003
    745.69106   7.05189895E-003
    745.98970   7.03633564E-003
    746.28835   7.02082263E-003
    746.58699   7.00535973E-003
    746.88563   6.98994674E-003
    747.18428   6.97458348E-003
    747.48292   6.95926975E-003
    747.78156   6.94400536E-003
    748.08020   6.92879012E-003
    748.37885   6.91362383E-003
    748.67749   6.89850631E-003
    748.97613   6.88343738E-003
    749.27478   6.86841683E-003
    749.57342   6.85344449E-003
    749.87206   6.83852017E-003
    750.17071   6.82364368E-003
    750.46935   6.80881484E-003
    750.76799   6.79403346E-003
    751.06663   6.77929937E-003
    751.36528   6.76461237E-003
    751.66392   6.74997229E-003
    751.96256   6.73537895E-003
    752.26121   6.72083217E-003
    752.55985   6.70633176E-003
    752.85849   6.69187754E-003
    753.15714   6.67746935E-003
    753.45578   6.66310700E-003
    753.75442   6.64879032E-003
    754.05307   6.63451913E-003
    754.35171   6.62029326E-003
    754.65035   6.60611252E-003
    754.94899   6.59197676E-003
    755.24764   6.57788578E-003
    755.54628   6.56383943E-003
    755.84492   6.54983754E-003
    756.14357   6.53587992E-003
    756.44221   6.52196641E-003
    756.74085   6.50809685E-003
    757.03950   6.49427106E-003
    757.33814   6.48048887E-003
    757.63678   6.46675012E-003
    757.93542   6.45305464E-003
    758.23407   6.43940227E-003
    758.53271   6.42579283E-003
    758.83135   6.41222618E-003
    759.13000   6.39870213E-003
    759.42864   6.38522053E-003
    759.72728   6.37178122E-003
    760.02593   6.35838403E-003
    760.32457   6.34502881E-003
    760.62321   6.33171539E-003
    760.92185   6.31844362E-003
    761.22050   6.30521332E-003
    761.51914   6.29202436E-003
    761.81778   6.27887656E-003
    762.11643   6.26576977E-003
    762.41507   6.25270384E-003
    762.71371   6.23967860E-003
    763.01236   6.22669391E-003
    763.31100   6.21374961E-003
    763.60964   6.20084554E-003
    763.90828   6.18798156E-003
    764.20693   6.17515750E-003
    764.50557   6.16237322E-003
    764.80421   6.14962857E-003
    765.10286   6.13692339E-003
    765.40150   6.12425754E-003
    765.70014   6.11163086E-003
    765.99879   6.09904321E-003
    766.29743   6.08649443E-003
    766.59607   6.07398439E-003
    766.89472   6.06151293E-003
    767.19336   6.04907991E-003
    767.49200   6.03668518E-003
    767.79064   6.02432859E-003
    768.08929   6.01201001E-003
    768.38793   5.99972928E-003
    768.68657   5.98748627E-003
    768.98522   5.97528083E-003
    769.28386   5.96311282E-003
    769.58250   5.95098209E-003
    769.88115   5.93888852E-003
    770.17979   5.92683194E-003
    770.47843   5.91481224E-003
    770.77707   5.90282926E-003
    771.07572   5.89088286E-003
    771.37436   5.87897292E-003
    771.67300   5.86709929E-003
    771.97165   5.85526183E-003
    772.27029   5.84346041E-003
    772.56893   5.83169490E-003
    772.86758   5.81996515E-003
    773.16622   5.80827104E-003
    773.46486   5.79661242E-003
    773.76350   5.78498917E-003
    774.06215   5.77340115E-003
    774.36079   5.76184822E-003
    774.65943   5.75033027E-003
    774.95808   5.73884715E-003
    775.25672   5.72739873E-003
    775.55536   5.71598489E-003
    775.85401   5.70460549E-003
    776.15265   5.69326041E-003
    776.45129   5.68194951E-003
    776.74993   5.67067267E-003
    777.04858   5.65942976E-003
    777.34722   5.64822066E-003
    777.64586   5.63704523E-003
    777.94451   5.62590335E-003
    778.24315   5.61479489E-003
    778.54179   5.60371974E-003
    778.84044   5.59267775E-003
    779.13908   5.58166882E-003
    779.43772   5.57069282E-003
    779.73636   5.55974962E-003
    780.03501   5.54883910E-003
    780.33365   5.53796114E-003
    780.63229   5.52711562E-003
    780.93094   5.51630242E-003
    781.22958   5.50552141E-003
    781.52822   5.49477248E-003
    781.82687   5.48405550E-003
    782.12551   5.47337036E-003
    782.42415   5.46271695E-003
    782.72280   5.45209513E-003
    783.02144   5.44150479E-003
    783.32008   5.43094583E-003
    783.61872   5.42041811E-003
    783.91737   5.40992152E-003
    784.21601   5.39945596E-003
    784.51465   5.38902129E-003
    784.81330   5.37861742E-003
    785.11194   5.36824421E-003
    785.41058   5.35790157E-003
    785.70923   5.34758938E-003
    786.00787   5.33730751E-003
    786.30651   5.32705587E-003
    786.60515   5.31683434E-003
    786.90380   5.30664281E-003
    787.20244   5.29648116E-003
    787.50108   5.28634929E-003
    787.79973   5.27624709E-003
    788.09837   5.26617444E-003
    788.39701   5.25613124E-003
    788.69566   5.24611738E-003
    788.99430   5.23613275E-003
    789.29294   5.22617724E-003
    789.59158   5.21625075E-003
    789.89023   5.20635317E-003
    790.18887   5.19648439E-003
    790.48751   5.18664430E-003
    790.78616   5.17683280E-003
    791.08480   5.16704979E-003
    791.38344   5.15729516E-003
    791.68209   5.14756881E-003
    791.98073   5.13787063E-003
    792.27937   5.12820051E-003
    792.57801   5.11855836E-003
    792.87666   5.10894408E-003
    793.17530   5.09935755E-003
    793.47394   5.08979868E-003
    793.77259   5.08026737E-003
    794.07123   5.07076352E-003
    794.36987   5.06128702E-003
    794.66852   5.05183778E-003
    794.96716   5.04241569E-003
    795.26580   5.03302066E-003
    795.56444   5.02365259E-003
    795.86309   5.01431137E-003
    796.16173   5.00499692E-003
    796.46037   4.99570913E-003
    796.75902   4.98644791E-003
    797.05766   4.97721315E-003
    797.35630   4.96800477E-003
    797.65495   4.95882266E-003
    797.95359   4.94966674E-003
    798.25223   4.94053690E-003
    798.55088   4.93143305E-003
    798.84952   4.92235510E-003
    799.14816   4.91330295E-003
    799.44680   4.90427650E-003
    799.74545   4.89527567E-003
    800.04409   4.88630036E-003
    800.34273   4.87735048E-003
    800.64138   4.86842594E-003
    800.94002   4.85952664E-003
    801.23866   4.85065250E-003
    801.53731   4.84180342E-003
    801.83595   4.83297930E-003
    802.13459   4.82418007E-003
    802.43323   4.81540563E-003
    802.73188   4.80665590E-003
    803.03052   4.79793077E-003
    803.32916   4.78923016E-003
    803.62781   4.78055400E-003
    803.92645   4.77190217E-003
    804.22509   4.76327461E-003
    804.52374   4.75467121E-003
    804.82238   4.74609190E-003
    805.12102   4.73753659E-003
    805.41966   4.72900519E-003
    805.71831   4.72049761E-003
    806.01695   4.71201377E-003
    806.31559   4.70355358E-003
    806.61424   4.69511696E-003
    806.91288   4.68670383E-003
    807.21152   4.67831409E-003
    807.51017   4.66994767E-003
    807.80881   4.66160449E-003
    808.10745   4.65328445E-003
    808.40609   4.64498747E-003
    808.70474   4.63671348E-003
    809.00338   4.62846239E-003
    809.30202   4.62023412E-003
    809.60067   4.61202858E-003
    809.89931   4.60384570E-003
    810.19795   4.59568540E-003
    810.49660   4.58754759E-003
    810.79524   4.57943219E-003
    811.09388   4.57133913E-003
    811.39253   4.56326832E-003
    811.69117   4.55521968E-003
    811.98981   4.54719314E-003
    812.28845   4.53918862E-003
    812.58710   4.53120603E-003
    812.88574   4.52324531E-003
    813.18438   4.51530637E-003
    813.48303   4.50738914E-003
    813.78167   4.49949353E-003
    814.08031   4.49161947E-003
    814.37896   4.48376689E-003
    814.67760   4.47593571E-003
    814.97624   4.46812585E-003
    815.27488   4.46033724E-003
    815.57353   4.45256980E-003
    815.87217   4.44482346E-003
    816.17081   4.43709814E-003
    816.46946   4.42939377E-003
    816.76810   4.42171027E-003
    817.06674   4.41404757E-003
    817.36539   4.40640560E-003
    817.66403   4.39878429E-003
    817.96267   4.39118355E-003
    818.26131   4.38360332E-003
    818.55996   4.37604353E-003
    818.85860   4.36850410E-003
    819.15724   4.36098497E-003
    819.45589   4.35348605E-003
    819.75453   4.34600729E-003
    820.05317   4.33854860E-003
    820.35182   4.33110993E-003
    820.65046   4.32369119E-003
    820.94910   4.31629232E-003
    821.24774   4.30891325E-003
    821.54639   4.30155390E-003
    821.84503   4.29421422E-003
    822.14367   4.28689413E-003
    822.44232   4.27959356E-003
    822.74096   4.27231244E-003
    823.03960   4.26505071E-003
    823.33825   4.25780830E-003
    823.63689   4.25058514E-003
    823.93553   4.24338117E-003
    824.23417   4.23619631E-003
    824.53282   4.22903050E-003
    824.83146   4.22188367E-003
    825.13010   4.21475576E-003
    825.42875   4.20764671E-003
    825.72739   4.20055644E-003
    826.02603   4.19348489E-003
    826.32468   4.18643199E-003
    826.62332   4.17939769E-003
    826.92196   4.17238191E-003
    827.22061   4.16538460E-003
    827.51925   4.15840568E-003
    827.81789   4.15144510E-003
    828.11653   4.14450278E-003
    828.41518   4.13757868E-003
    828.71382   4.13067272E-003
    829.01246   4.12378484E-003
    829.31111   4.11691498E-003
    829.60975   4.11006307E-003
    829.90839   4.10322906E-003
    830.20704   4.09641289E-003
    830.50568   4.08961448E-003
    830.80432   4.08283379E-003
    831.10296   4.07607074E-003
    831.40161   4.06932528E-003
    831.70025   4.06259735E-003
    831.99889   4.05588689E-003
    832.29754   4.04919383E-003
    832.59618   4.04251813E-003
    832.89482   4.03585971E-003
    833.19347   4.02921851E-003
    833.49211   4.02259449E-003
    833.79075   4.01598758E-003
    834.08939   4.00939772E-003
    834.38804   4.00282485E-003
    834.68668   3.99626892E-003
    834.98532   3.98972986E-003
    835.28397   3.98320763E-003
    835.58261   3.97670216E-003
    835.88125   3.97021339E-003
    836.17990   3.96374127E-003
    836.47854   3.95728574E-003
    836.77718   3.95084674E-003
    837.07582   3.94442423E-003
    837.37447   3.93801813E-003
    837.67311   3.93162840E-003
    837.97175   3.92525498E-003
    838.27040   3.91889782E-003
    838.56904   3.91255685E-003
    838.86768   3.90623203E-003
    839.16633   3.89992330E-003
    839.46497   3.89363060E-003
    839.76361   3.88735389E-003
    840.06226   3.88109310E-003
    840.36090   3.87484818E-003
    840.65954   3.86861909E-003
    840.95818   3.86240575E-003
    841.25683   3.85620813E-003
    841.55547   3.85002617E-003
    841.85411   3.84385982E-003
    842.15276   3.83770902E-003
    842.45140   3.83157372E-003
    842.75004   3.82545386E-003
    843.04869   3.81934941E-003
    843.34733   3.81326030E-003
    843.64597   3.80718648E-003
    843.94461   3.80112790E-003
    844.24326   3.79508451E-003
    844.54190   3.78905627E-003
    844.84054   3.78304311E-003
    845.13919   3.77704499E-003
    845.43783   3.77106185E-003
    845.73647   3.76509365E-003
    846.03512   3.75914034E-003
    846.33376   3.75320187E-003
    846.63240   3.74727819E-003
    846.93104   3.74136924E-003
    847.22969   3.73547498E-003
    847.52833   3.72959536E-003
    847.82697   3.72373033E-003
    848.12562   3.71787985E-003
    848.42426   3.71204386E-003
    848.72290   3.70622231E-003
    849.02155   3.70041516E-003
    849.32019   3.69462236E-003
    849.61883   3.68884386E-003
    849.91747   3.68307962E-003
    850.21612   3.67732958E-003
    850.51476   3.67159370E-003
    850.81340   3.66587194E-003
    851.11205   3.66016424E-003
    851.41069   3.65447055E-003
    851.70933   3.64879085E-003
    852.00798   3.64312506E-003
    852.30662   3.63747316E-003
    852.60526   3.63183509E-003
    852.90390   3.62621081E-003
    853.20255   3.62060028E-003
    853.50119   3.61500344E-003
    853.79983   3.60942025E-003
    854.09848   3.60385068E-003
    854.39712   3.59829466E-003
    854.69576   3.59275216E-003
    854.99441   3.58722314E-003
    855.29305   3.58170754E-003
    855.59169   3.57620533E-003
    855.89034   3.57071646E-003
    856.18898   3.56524089E-003
    856.48762   3.55977857E-003
    856.78626   3.55432947E-003
    857.08491   3.54889353E-003
    857.38355   3.54347071E-003
    857.68219   3.53806097E-003
    857.98084   3.53266427E-003
    858.27948   3.52728057E-003
    858.57812   3.52190982E-003
    858.87677   3.51655198E-003
    859.17541   3.51120701E-003
    859.47405   3.50587487E-003
    859.77269   3.50055551E-003
    860.07134   3.49524889E-003
    860.36998   3.48995497E-003
    860.66862   3.48467372E-003
    860.96727   3.47940508E-003
    861.26591   3.47414903E-003
    861.56455   3.46890551E-003
    861.86320   3.46367448E-003
    862.16184   3.45845592E-003
    862.46048   3.45324976E-003
    862.75912   3.44805599E-003
    863.05777   3.44287455E-003
    863.35641   3.43770540E-003
    863.65505   3.43254851E-003
    863.95370   3.42740384E-003
    864.25234   3.42227134E-003
    864.55098   3.41715098E-003
    864.84963   3.41204272E-003
    865.14827   3.40694652E-003
    865.44691   3.40186234E-003
    865.74555   3.39679014E-003
    866.04420   3.39172989E-003
    866.34284   3.38668154E-003
    866.64148   3.38164505E-003
    866.94013   3.37662040E-003
    867.23877   3.37160753E-003
    867.53741   3.36660642E-003
    867.83606   3.36161702E-003
    868.13470   3.35663930E-003
    868.43334   3.35167322E-003
    868.73199   3.34671874E-003
    869.03063   3.34177583E-003
    869.32927   3.33684445E-003
    869.62791   3.33192456E-003
    869.92656   3.32701613E-003
    870.22520   3.32211911E-003
    870.52384   3.31723348E-003
    870.82249   3.31235919E-003
    871.12113   3.30749622E-003
    871.41977   3.30264452E-003
    871.71842   3.29780405E-003
    872.01706   3.29297479E-003
    872.31570   3.28815670E-003
    872.61434   3.28334974E-003
    872.91299   3.27855387E-003
    873.21163   3.27376907E-003
    873.51027   3.26899529E-003
    873.80892   3.26423250E-003
    874.10756   3.25948068E-003
    874.40620   3.25473977E-003
    874.70485   3.25000975E-003
    875.00349   3.24529058E-003
    875.30213   3.24058223E-003
    875.60077   3.23588467E-003
    875.89942   3.23119786E-003
    876.19806   3.22652176E-003
    876.49670   3.22185635E-003
    876.79535   3.21720159E-003
    877.09399   3.21255745E-003
    877.39263   3.20792388E-003
    877.69128   3.20330087E-003
    877.98992   3.19868838E-003
    878.28856   3.19408636E-003
    878.58720   3.18949480E-003
    878.88585   3.18491366E-003
    879.18449   3.18034290E-003
    879.48313   3.17578250E-003
    879.78178   3.17123242E-003
    880.08042   3.16669262E-003
    880.37906   3.16216309E-003
    880.67771   3.15764377E-003
    880.97635   3.15313465E-003
    881.27499   3.14863570E-003
    881.57363   3.14414687E-003
    881.87228   3.13966814E-003
    882.17092   3.13519947E-003
    882.46956   3.13074084E-003
    882.76821   3.12629222E-003
    883.06685   3.12185357E-003
    883.36549   3.11742486E-003
    883.66414   3.11300606E-003
    883.96278   3.10859714E-003
    884.26142   3.10419808E-003
    884.56007   3.09980883E-003
    884.85871   3.09542937E-003
    885.15735   3.09105968E-003
    885.45599   3.08669971E-003
    885.75464   3.08234944E-003
    886.05328   3.07800884E-003
    886.35192   3.07367788E-003
    886.65057   3.06935653E-003
    886.94921   3.06504476E-003
    887.24785   3.06074254E-003
    887.54650   3.05644985E-003
    887.84514   3.05216664E-003
    888.14378   3.04789290E-003
    888.44242   3.04362860E-003
    888.74107   3.03937370E-003
    889.03971   3.03512818E-003
    889.33835   3.03089200E-003
    889.63700   3.02666515E-003
    889.93564   3.02244758E-003
    890.23428   3.01823928E-003
    890.53293   3.01404021E-003
    890.83157   3.00985035E-003
    891.13021   3.00566967E-003
    891.42885   3.00149814E-003
    891.72750   2.99733573E-003
    892.02614   2.99318242E-003
    892.32478   2.98903817E-003
    892.62343   2.98490297E-003
    892.92207   2.98077677E-003
    893.22071   2.97665957E-003
    893.51936   2.97255131E-003
    893.81800   2.96845200E-003
    894.11664   2.96436158E-003
    894.41528   2.96028004E-003
    894.71393   2.95620735E-003
    895.01257   2.95214349E-003
    895.31121   2.94808842E-003
    895.60986   2.94404212E-003
    895.90850   2.94000457E-003
    896.20714   2.93597573E-003
    896.50579   2.93195558E-003
    896.80443   2.92794410E-003
    897.10307   2.92394126E-003
    897.40172   2.91994704E-003
    897.70036   2.91596140E-003
    897.99900   2.91198432E-003
    898.29764   2.90801578E-003
    898.59629   2.90405574E-003
    898.89493   2.90010420E-003
    899.19357   2.89616111E-003
    899.49222   2.89222646E-003
    899.79086   2.88830022E-003
    900.08950   2.88438236E-003
    900.38815   2.88047286E-003
    900.68679   2.87657169E-003
    900.98543   2.87267884E-003
    901.28407   2.86879427E-003
    901.58272   2.86491796E-003
    901.88136   2.86104988E-003
    902.18000   2.85719002E-003
    902.47865   2.85333834E-003
    902.77729   2.84949483E-003
    903.07593   2.84565945E-003
    903.37458   2.84183219E-003
    903.67322   2.83801302E-003
    903.97186   2.83420192E-003
    904.27050   2.83039886E-003
    904.56915   2.82660381E-003
    904.86779   2.82281677E-003
    905.16643   2.81903769E-003
    905.46508   2.81526656E-003
    905.76372   2.81150336E-003
    906.06236   2.80774806E-003
    906.36101   2.80400064E-003
    906.65965   2.80026107E-003
    906.95829   2.79652933E-003
    907.25693   2.79280541E-003
    907.55558   2.78908927E-003
    907.85422   2.78538089E-003
    908.15286   2.78168025E-003
    908.45151   2.77798734E-003
    908.75015   2.77430211E-003
    909.04879   2.77062456E-003
    909.34744   2.76695467E-003
    909.64608   2.76329240E-003
    909.94472   2.75963773E-003
    910.24336   2.75599065E-003
    910.54201   2.75235113E-003
    910.84065   2.74871915E-003
    911.13929   2.74509469E-003
    911.43794   2.74147773E-003
    911.73658   2.73786824E-003
    912.03522   2.73426620E-003
    912.33387   2.73067159E-003
    912.63251   2.72708440E-003
    912.93115   2.72350459E-003
    913.22980   2.71993215E-003
    913.52844   2.71636705E-003
    913.82708   2.71280928E-003
    914.12572   2.70925881E-003
    914.42437   2.70571562E-003
    914.72301   2.70217970E-003
    915.02165   2.69865101E-003
    915.32030   2.69512955E-003
    915.61894   2.69161528E-003
    915.91758   2.68810819E-003
    916.21623   2.68460826E-003
    916.51487   2.68111546E-003
    916.81351   2.67762979E-003
    917.11215   2.67415120E-003
    917.41080   2.67067970E-003
    917.70944   2.66721524E-003
    918.00808   2.66375783E-003
    918.30673   2.66030743E-003
    918.60537   2.65686402E-003
    918.90401   2.65342759E-003
    919.20266   2.64999811E-003
    919.50130   2.64657557E-003
    919.79994   2.64315995E-003
    920.09858   2.63975122E-003
    920.39723   2.63634937E-003
    920.69587   2.63295437E-003
    920.99451   2.62956621E-003
    921.29316   2.62618487E-003
    921.59180   2.62281033E-003
    921.89044   2.61944257E-003
    922.18909   2.61608157E-003
    922.48773   2.61272731E-003
    922.78637   2.60937977E-003
    923.08501   2.60603893E-003
    923.38366   2.60270478E-003
    923.68230   2.59937730E-003
    923.98094   2.59605646E-003
    924.27959   2.59274225E-003
    924.57823   2.58943465E-003
    924.87687   2.58613364E-003
    925.17552   2.58283920E-003
    925.47416   2.57955131E-003
    925.77280   2.57626996E-003
    926.07145   2.57299513E-003
    926.37009   2.56972679E-003
    926.66873   2.56646494E-003
    926.96737   2.56320955E-003
    927.26602   2.55996060E-003
    927.56466   2.55671808E-003
    927.86330   2.55348196E-003
    928.16195   2.55025224E-003
    928.46059   2.54702889E-003
    928.75923   2.54381190E-003
    929.05788   2.54060124E-003
    929.35652   2.53739690E-003
    929.65516   2.53419886E-003
    929.95380   2.53100711E-003
    930.25245   2.52782163E-003
    930.55109   2.52464239E-003
    930.84973   2.52146939E-003
    931.14838   2.51830260E-003
    931.44702   2.51514201E-003
    931.74566   2.51198760E-003
    932.04431   2.50883936E-003
    932.34295   2.50569726E-003
    932.64159   2.50256129E-003
    932.94023   2.49943144E-003
    933.23888   2.49630768E-003
    933.53752   2.49318999E-003
    933.83616   2.49007838E-003
    934.13481   2.48697280E-003
    934.43345   2.48387326E-003
    934.73209   2.48077973E-003
    935.03074   2.47769219E-003
    935.32938   2.47461064E-003
    935.62802   2.47153505E-003
    935.92666   2.46846540E-003
    936.22531   2.46540169E-003
    936.52395   2.46234389E-003
    936.82259   2.45929199E-003
    937.12124   2.45624597E-003
    937.41988   2.45320582E-003
    937.71852   2.45017151E-003
    938.01717   2.44714304E-003
    938.31581   2.44412039E-003
    938.61445   2.44110355E-003
    938.91309   2.43809249E-003
    939.21174   2.43508720E-003
    939.51038   2.43208766E-003
    939.80902   2.42909387E-003
    940.10767   2.42610580E-003
    940.40631   2.42312344E-003
    940.70495   2.42014677E-003
    941.00360   2.41717578E-003
    941.30224   2.41421046E-003
    941.60088   2.41125078E-003
    941.89953   2.40829673E-003
    942.19817   2.40534830E-003
    942.49681   2.40240547E-003
    942.79545   2.39946823E-003
    943.09410   2.39653656E-003
    943.39274   2.39361044E-003
    943.69138   2.39068987E-003
    943.99003   2.38777483E-003
    944.28867   2.38486529E-003
    944.58731   2.38196126E-003
    944.88596   2.37906271E-003
    945.18460   2.37616962E-003
    945.48324   2.37328199E-003
    945.78188   2.37039980E-003
    946.08053   2.36752303E-003
    946.37917   2.36465167E-003
    946.67781   2.36178571E-003
    946.97646   2.35892512E-003
    947.27510   2.35606991E-003
    947.57374   2.35322004E-003
    947.87239   2.35037552E-003
    948.17103   2.34753632E-003
    948.46967   2.34470243E-003
    948.76831   2.34187383E-003
    949.06696   2.33905052E-003
    949.36560   2.33623247E-003
    949.66424   2.33341968E-003
    949.96289   2.33061213E-003
    950.26153   2.32780980E-003
    950.56017   2.32501269E-003
    950.85882   2.32222077E-003
    951.15746   2.31943404E-003
    951.45610   2.31665248E-003
    951.75474   2.31387608E-003
    952.05339   2.31110482E-003
    952.35203   2.30833869E-003
    952.65067   2.30557768E-003
    952.94932   2.30282178E-003
    953.24796   2.30007096E-003
    953.54660   2.29732522E-003
    953.84525   2.29458454E-003
    954.14389   2.29184892E-003
    954.44253   2.28911833E-003
    954.74118   2.28639276E-003
    955.03982   2.28367221E-003
    955.33846   2.28095665E-003
    955.63710   2.27824608E-003
    955.93575   2.27554048E-003
    956.23439   2.27283984E-003
    956.53303   2.27014414E-003
    956.83168   2.26745338E-003
    957.13032   2.26476754E-003
    957.42896   2.26208660E-003
    957.72761   2.25941056E-003
    958.02625   2.25673941E-003
    958.32489   2.25407312E-003
    958.62353   2.25141169E-003
    958.92218   2.24875510E-003
    959.22082   2.24610334E-003
    959.51946   2.24345641E-003
    959.81811   2.24081428E-003
    960.11675   2.23817694E-003
    960.41539   2.23554439E-003
    960.71404   2.23291660E-003
    961.01268   2.23029358E-003
    961.31132   2.22767529E-003
    961.60996   2.22506175E-003
    961.90861   2.22245292E-003
    962.20725   2.21984880E-003
    962.50589   2.21724938E-003
    962.80454   2.21465464E-003
    963.10318   2.21206458E-003
    963.40182   2.20947917E-003
    963.70047   2.20689842E-003
    963.99911   2.20432230E-003
    964.29775   2.20175081E-003
    964.59639   2.19918393E-003
    964.89504   2.19662165E-003
    965.19368   2.19406396E-003
    965.49232   2.19151086E-003
    965.79097   2.18896231E-003
    966.08961   2.18641832E-003
    966.38825   2.18387888E-003
    966.68690   2.18134397E-003
    966.98554   2.17881357E-003
    967.28418   2.17628769E-003
    967.58282   2.17376631E-003
    967.88147   2.17124941E-003
    968.18011   2.16873698E-003
    968.47875   2.16622902E-003
    968.77740   2.16372551E-003
    969.07604   2.16122644E-003
    969.37468   2.15873180E-003
    969.67333   2.15624159E-003
    969.97197   2.15375577E-003
    970.27061   2.15127436E-003
    970.56926   2.14879733E-003
    970.86790   2.14632467E-003
    971.16654   2.14385638E-003
    971.46518   2.14139244E-003
    971.76383   2.13893284E-003
    972.06247   2.13647758E-003
    972.36111   2.13402663E-003
    972.65976   2.13157999E-003
    972.95840   2.12913765E-003
    973.25704   2.12669960E-003
    973.55569   2.12426583E-003
    973.85433   2.12183632E-003
    974.15297   2.11941106E-003
    974.45161   2.11699006E-003
    974.75026   2.11457328E-003
    975.04890   2.11216073E-003
    975.34754   2.10975240E-003
    975.64619   2.10734827E-003
    975.94483   2.10494833E-003
    976.24347   2.10255257E-003
    976.54212   2.10016098E-003
    976.84076   2.09777356E-003
    977.13940   2.09539029E-003
    977.43804   2.09301116E-003
    977.73669   2.09063616E-003
    978.03533   2.08826528E-003
    978.33397   2.08589851E-003
    978.63262   2.08353584E-003
    978.93126   2.08117726E-003
    979.22990   2.07882276E-003
    979.52855   2.07647234E-003
    979.82719   2.07412597E-003
    980.12583   2.07178365E-003
    980.42447   2.06944537E-003
    980.72312   2.06711113E-003
    981.02176   2.06478090E-003
    981.32040   2.06245469E-003
    981.61905   2.06013247E-003
    981.91769   2.05781425E-003
    982.21633   2.05550001E-003
    982.51498   2.05318974E-003
    982.81362   2.05088343E-003
    983.11226   2.04858108E-003
    983.41090   2.04628267E-003
    983.70955   2.04398819E-003
    984.00819   2.04169763E-003
    984.30683   2.03941099E-003
    984.60548   2.03712826E-003
    984.90412   2.03484942E-003
    985.20276   2.03257446E-003
    985.50141   2.03030338E-003
