     60.33926   8.87913410E-058
     60.48759   4.35174611E-057
     60.63592   2.09594135E-056
     60.78425   9.92210326E-056
     60.93258   4.61766751E-055
     61.08091   2.11309983E-054
     61.22924   9.50996348E-054
     61.37757   4.20999044E-053
     61.52590   1.83361299E-052
     61.67424   7.85847686E-052
     61.82257   3.31475933E-051
     61.97090   1.37634184E-050
     62.11923   5.62649670E-050
     62.26756   2.26497306E-049
     62.41589   8.97999341E-049
     62.56422   3.50712165E-048
     62.71255   1.34946107E-047
     62.86088   5.11654211E-047
     63.00921   1.91192318E-046
     63.15754   7.04226137E-046
     63.30587   2.55723644E-045
     63.45421   9.15619481E-045
     63.60254   3.23304718E-044
     63.75087   1.12597454E-043
     63.89920   3.86839126E-043
     64.04753   1.31124087E-042
     64.19586   4.38580139E-042
     64.34419   1.44774871E-041
     64.49252   4.71712838E-041
     64.64085   1.51727485E-040
     64.78918   4.81852219E-040
     64.93751   1.51107754E-039
     65.08584   4.67996280E-039
     65.23417   1.43165893E-038
     65.38251   4.32649567E-038
     65.53084   1.29178377E-037
     65.67917   3.81115682E-037
     65.82750   1.11120238E-036
     65.97583   3.20224146E-036
     66.12416   9.12208464E-036
     66.27249   2.56901773E-035
     66.42082   7.15362728E-035
     66.56915   1.96980977E-034
     66.71748   5.36429886E-034
     66.86581   1.44491948E-033
     67.01414   3.85005567E-033
     67.16248   1.01492306E-032
     67.31081   2.64722860E-032
     67.45914   6.83267634E-032
     67.60747   1.74533827E-031
     67.75580   4.41271052E-031
     67.90413   1.10437217E-030
     68.05246   2.73625289E-030
     68.20079   6.71233744E-030
     68.34912   1.63047283E-029
     68.49745   3.92211668E-029
     68.64578   9.34413286E-029
     68.79411   2.20502195E-028
     68.94245   5.15448871E-028
     69.09078   1.19371285E-027
     69.23911   2.73903812E-027
     69.38744   6.22761923E-027
     69.53577   1.40317919E-026
     69.68410   3.13337366E-026
     69.83243   6.93520960E-026
     69.98076   1.52158163E-025
     70.12909   3.30947136E-025
     70.27742   7.13655622E-025
     70.42575   1.52589266E-024
     70.57408   3.23521087E-024
     70.72242   6.80239999E-024
     70.87075   1.41853454E-023
     71.01908   2.93408453E-023
     71.16741   6.02000220E-023
     71.31574   1.22531554E-022
     71.46407   2.47435511E-022
     71.61240   4.95762909E-022
     71.76073   9.85640808E-022
     71.90906   1.94460003E-021
     72.05739   3.80752533E-021
     72.20572   7.39928520E-021
     72.35405   1.42726414E-020
     72.50239   2.73287241E-020
     72.65072   5.19478039E-020
     72.79905   9.80347219E-020
     72.94738   1.83691574E-019
     73.09571   3.41764126E-019
     73.24404   6.31426234E-019
     73.39237   1.15853275E-018
     73.54070   2.11112453E-018
     73.68903   3.82093090E-018
     73.83736   6.86916478E-018
     73.98569   1.22672551E-017
     74.13402   2.17634895E-017
     74.28236   3.83597689E-017
     74.43069   6.71766091E-017
     74.57902   1.16891472E-016
     74.72735   2.02114717E-016
     74.87568   3.47288818E-016
     75.02401   5.93046176E-016
     75.17234   1.00650947E-015
     75.32067   1.69787363E-015
     75.46900   2.84693283E-015
     75.61733   4.74525284E-015
     75.76566   7.86280340E-015
     75.91399   1.29525942E-014
     76.06233   2.12139951E-014
     76.21066   3.45461257E-014
     76.35899   5.59386463E-014
     76.50732   9.00709099E-014
     76.65565   1.44225201E-013
     76.80398   2.29670659E-013
     76.95231   3.63748437E-013
     77.10064   5.72995556E-013
     77.24897   8.97798473E-013
     77.39730   1.39928671E-012
     77.54563   2.16948820E-012
     77.69396   3.34620757E-012
     77.84230   5.13470482E-012
     77.99063   7.83911250E-012
     78.13896   1.19077217E-011
     78.28729   1.79979128E-011
     78.43562   2.70687625E-011
     78.58395   4.05124326E-011
     78.73228   6.03396184E-011
     78.88061   8.94399504E-011
     79.02894   1.31945782E-010
     79.17727   1.93737840E-010
     79.32560   2.83144526E-010
     79.47393   4.11904226E-010
     79.62226   5.96482997E-010
     79.77060   8.59870031E-010
     79.91893   1.23401221E-009
     80.06726   1.76309935E-009
     80.21559   2.50797601E-009
     80.36392   3.55203819E-009
     80.51225   5.00907726E-009
     80.66058   7.03366536E-009
     80.80891   9.83484149E-009
     80.95724   1.36940642E-008
     81.10557   1.89886522E-008
     81.25390   2.62222521E-008
     81.40223   3.60642581E-008
     81.55057   4.94005868E-008
     81.69890   6.73987827E-008
     81.84723   9.15911301E-008
     81.99556   1.23980280E-007
     82.14389   1.67172900E-007
     82.29222   2.24548050E-007
     82.44055   3.00468370E-007
     82.58888   4.00543828E-007
     82.73721   5.31959698E-007
     82.88554   7.03882639E-007
     83.03387   9.27961355E-007
     83.18220   1.21894123E-006
     83.33054   1.59541565E-006
     83.47887   2.08074070E-006
     83.62720   2.70414377E-006
     83.77553   3.50206192E-006
     83.92386   4.51975058E-006
     84.07219   5.81320932E-006
     84.22052   7.45147743E-006
     84.36885   9.51935912E-006
     84.51718   1.21206452E-005
     84.66551   1.53819060E-005
     84.81384   1.94569380E-005
     84.96217   2.45319559E-005
     85.11051   3.08316291E-005
     85.25884   3.86260709E-005
     85.40717   4.82388976E-005
     85.55550   6.00564817E-005
     85.70383   7.45385317E-005
     85.85216   9.22301375E-005
     86.00049   1.13775426E-004
     86.14882   1.39932975E-004
     86.29715   1.71593143E-004
     86.44548   2.09797449E-004
     86.59381   2.55760182E-004
     86.74214   3.10892352E-004
     86.89048   3.76828142E-004
     87.03881   4.55453975E-004
     87.18714   5.48940312E-004
     87.33547   6.59776259E-004
     87.48380   7.90807060E-004
     87.63213   9.45274493E-004
     87.78046   1.12686019E-003
     87.92879   1.33973182E-003
     88.07712   1.58859204E-003
     88.22545   1.87873014E-003
     88.37378   2.21607608E-003
     88.52211   2.60725679E-003
     88.67045   3.05965430E-003
     88.81878   3.58146537E-003
     88.96711   4.18176227E-003
     89.11544   4.87055387E-003
     89.26377   5.65884686E-003
     89.41210   6.55870602E-003
     89.56043   7.58331310E-003
     89.70876   8.74702327E-003
     89.85709   1.00654184E-002
     90.00542   1.15553561E-002
     90.15375   1.32350137E-002
     90.30208   1.51239259E-002
     90.45042   1.72430150E-002
     90.59875   1.96146130E-002
     90.74708   2.22624742E-002
     90.89541   2.52117765E-002
     91.04374   2.84891122E-002
     91.19207   3.21224646E-002
     91.34040   3.61411721E-002
     91.48873   4.05758770E-002
     91.63706   4.54584587E-002
     91.78539   5.08219510E-002
     91.93372   5.67004429E-002
     92.08205   6.31289611E-002
     92.23039   7.01433364E-002
     92.37872   7.77800510E-002
     92.52705   8.60760702E-002
     92.67538   9.50686549E-002
     92.82371   1.04795159E-001
     92.97204   1.15292809E-001
     93.12037   1.26598474E-001
     93.26870   1.38748410E-001
     93.41703   1.51778010E-001
     93.56536   1.65721525E-001
     93.71369   1.80611787E-001
     93.86202   1.96479924E-001
     94.01036   2.13355067E-001
     94.15869   2.31264057E-001
     94.30702   2.50231154E-001
     94.45535   2.70277746E-001
     94.60368   2.91422062E-001
     94.75201   3.13678900E-001
     94.90034   3.37059364E-001
     95.04867   3.61570608E-001
     95.19700   3.87215608E-001
     95.34533   4.13992946E-001
     95.49366   4.41896620E-001
     95.64199   4.70915875E-001
     95.79032   5.01035066E-001
     95.93866   5.32233547E-001
     96.08699   5.64485590E-001
     96.23532   5.97760340E-001
     96.38365   6.32021799E-001
     96.53198   6.67228852E-001
     96.68031   7.03335319E-001
     96.82864   7.40290053E-001
     96.97697   7.78037066E-001
     97.12530   8.16515697E-001
     97.27363   8.55660807E-001
     97.42196   8.95403019E-001
     97.57029   9.35668978E-001
     97.71863   9.76381655E-001
     97.86696   1.01746067E+000
     98.01529   1.05882263E+000
     98.16362   1.10038155E+000
     98.31195   1.14204919E+000
     98.46028   1.18373554E+000
     98.60861   1.22534917E+000
     98.75694   1.26679777E+000
     98.90527   1.30798853E+000
     99.05360   1.34882861E+000
     99.20193   1.38922563E+000
     99.35026   1.42908810E+000
     99.49860   1.46832590E+000
     99.64693   1.50685067E+000
     99.79526   1.54457631E+000
     99.94359   1.58141934E+000
    100.09192   1.61729934E+000
    100.24025   1.65213929E+000
    100.38858   1.68586596E+000
    100.53691   1.71841020E+000
    100.68524   1.74970727E+000
    100.83357   1.77969712E+000
    100.98190   1.80832457E+000
    101.13023   1.83553958E+000
    101.27857   1.86129741E+000
    101.42690   1.88555872E+000
    101.57523   1.90828972E+000
    101.72356   1.92946222E+000
    101.87189   1.94905369E+000
    102.02022   1.96704722E+000
    102.16855   1.98343153E+000
    102.31688   1.99820088E+000
    102.46521   2.01135502E+000
    102.61354   2.02289902E+000
    102.76187   2.03284317E+000
    102.91020   2.04120276E+000
    103.05854   2.04799793E+000
    103.20687   2.05325344E+000
    103.35520   2.05699840E+000
    103.50353   2.05926608E+000
    103.65186   2.06009358E+000
    103.80019   2.05952160E+000
    103.94852   2.05759412E+000
    104.09685   2.05435813E+000
    104.24518   2.04986330E+000
    104.39351   2.04416171E+000
    104.54184   2.03730752E+000
    104.69017   2.02935666E+000
    104.83851   2.02036657E+000
    104.98684   2.01039585E+000
    105.13517   1.99950402E+000
    105.28350   1.98775122E+000
    105.43183   1.97519793E+000
    105.58016   1.96190471E+000
    105.72849   1.94793200E+000
    105.87682   1.93333981E+000
    106.02515   1.91818754E+000
    106.17348   1.90253379E+000
    106.32181   1.88643614E+000
    106.47014   1.86995098E+000
    106.61848   1.85313335E+000
    106.76681   1.83603681E+000
    106.91514   1.81871328E+000
    107.06347   1.80121297E+000
    107.21180   1.78358423E+000
    107.36013   1.76587350E+000
    107.50846   1.74812525E+000
    107.65679   1.73038189E+000
    107.80512   1.71268375E+000
    107.95345   1.69506906E+000
    108.10178   1.67757388E+000
    108.25011   1.66023219E+000
    108.39845   1.64307580E+000
    108.54678   1.62613440E+000
    108.69511   1.60943560E+000
    108.84344   1.59300495E+000
    108.99177   1.57686596E+000
    109.14010   1.56104016E+000
    109.28843   1.54554717E+000
    109.43676   1.53040470E+000
    109.58509   1.51562867E+000
    109.73342   1.50123325E+000
    109.88175   1.48723091E+000
    110.03008   1.47363252E+000
    110.17841   1.46044738E+000
    110.32675   1.44768335E+000
    110.47508   1.43534684E+000
    110.62341   1.42344298E+000
    110.77174   1.41197559E+000
    110.92007   1.40094734E+000
    111.06840   1.39035976E+000
    111.21673   1.38021334E+000
    111.36506   1.37050758E+000
    111.51339   1.36124107E+000
    111.66172   1.35241154E+000
    111.81005   1.34401594E+000
    111.95838   1.33605048E+000
    112.10672   1.32851069E+000
    112.25505   1.32139150E+000
    112.40338   1.31468726E+000
    112.55171   1.30839181E+000
    112.70004   1.30249852E+000
    112.84837   1.29700034E+000
    112.99670   1.29188985E+000
    113.14503   1.28715930E+000
    113.29336   1.28280064E+000
    113.44169   1.27880558E+000
    113.59002   1.27516558E+000
    113.73835   1.27187196E+000
    113.88669   1.26891587E+000
    114.03502   1.26628835E+000
    114.18335   1.26398035E+000
    114.33168   1.26198278E+000
    114.48001   1.26028650E+000
    114.62834   1.25888241E+000
    114.77667   1.25776139E+000
    114.92500   1.25691443E+000
    115.07333   1.25633255E+000
    115.22166   1.25600691E+000
    115.36999   1.25592877E+000
    115.51832   1.25608958E+000
    115.66666   1.25648092E+000
    115.81499   1.25709460E+000
    115.96332   1.25792263E+000
    116.11165   1.25895726E+000
    116.25998   1.26019100E+000
    116.40831   1.26161666E+000
    116.55664   1.26322731E+000
    116.70497   1.26501637E+000
    116.85330   1.26697758E+000
    117.00163   1.26910502E+000
    117.14996   1.27139318E+000
    117.29829   1.27383689E+000
    117.44663   1.27643141E+000
    117.59496   1.27917241E+000
    117.74329   1.28205599E+000
    117.89162   1.28507868E+000
    118.03995   1.28823748E+000
    118.18828   1.29152984E+000
    118.33661   1.29495371E+000
    118.48494   1.29850749E+000
    118.63327   1.30219009E+000
    118.78160   1.30600092E+000
    118.92993   1.30993987E+000
    119.07826   1.31400736E+000
    119.22660   1.31820429E+000
    119.37493   1.32253209E+000
    119.52326   1.32699268E+000
    119.67159   1.33158849E+000
    119.81992   1.33632245E+000
    119.96825   1.34119798E+000
    120.11658   1.34621898E+000
    120.26491   1.35138983E+000
    120.41324   1.35671539E+000
    120.56157   1.36220097E+000
    120.70990   1.36785231E+000
    120.85823   1.37367559E+000
    121.00657   1.37967738E+000
    121.15490   1.38586468E+000
    121.30323   1.39224484E+000
    121.45156   1.39882555E+000
    121.59989   1.40561485E+000
    121.74822   1.41262109E+000
    121.89655   1.41985290E+000
    122.04488   1.42731916E+000
    122.19321   1.43502899E+000
    122.34154   1.44299171E+000
    122.48987   1.45121681E+000
    122.63820   1.45971395E+000
    122.78654   1.46849288E+000
    122.93487   1.47756346E+000
    123.08320   1.48693558E+000
    123.23153   1.49661918E+000
    123.37986   1.50662418E+000
    123.52819   1.51696047E+000
    123.67652   1.52763786E+000
    123.82485   1.53866606E+000
    123.97318   1.55005466E+000
    124.12151   1.56181307E+000
    124.26984   1.57395051E+000
    124.41817   1.58647598E+000
    124.56650   1.59939822E+000
    124.71484   1.61272569E+000
    124.86317   1.62646652E+000
    125.01150   1.64062853E+000
    125.15983   1.65521914E+000
    125.30816   1.67024540E+000
    125.45649   1.68571394E+000
    125.60482   1.70163094E+000
    125.75315   1.71800211E+000
    125.90148   1.73483271E+000
    126.04981   1.75212746E+000
    126.19814   1.76989059E+000
    126.34647   1.78812576E+000
    126.49481   1.80683610E+000
    126.64314   1.82602418E+000
    126.79147   1.84569198E+000
    126.93980   1.86584088E+000
    127.08813   1.88647170E+000
    127.23646   1.90758463E+000
    127.38479   1.92917926E+000
    127.53312   1.95125455E+000
    127.68145   1.97380889E+000
    127.82978   1.99684000E+000
    127.97811   2.02034504E+000
    128.12644   2.04432051E+000
    128.27478   2.06876235E+000
    128.42311   2.09366588E+000
    128.57144   2.11902581E+000
    128.71977   2.14483629E+000
    128.86810   2.17109089E+000
    129.01643   2.19778262E+000
    129.16476   2.22490393E+000
    129.31309   2.25244674E+000
    129.46142   2.28040245E+000
    129.60975   2.30876195E+000
    129.75808   2.33751564E+000
    129.90641   2.36665347E+000
    130.05475   2.39616491E+000
    130.20308   2.42603902E+000
    130.35141   2.45626442E+000
    130.49974   2.48682937E+000
    130.64807   2.51772175E+000
    130.79640   2.54892907E+000
    130.94473   2.58043855E+000
    131.09306   2.61223706E+000
    131.24139   2.64431124E+000
    131.38972   2.67664743E+000
    131.53805   2.70923174E+000
    131.68638   2.74205009E+000
    131.83472   2.77508818E+000
    131.98305   2.80833155E+000
    132.13138   2.84176560E+000
    132.27971   2.87537560E+000
    132.42804   2.90914671E+000
    132.57637   2.94306402E+000
    132.72470   2.97711253E+000
    132.87303   3.01127724E+000
    133.02136   3.04554310E+000
    133.16969   3.07989506E+000
    133.31802   3.11431808E+000
    133.46635   3.14879717E+000
    133.61469   3.18331737E+000
    133.76302   3.21786380E+000
    133.91135   3.25242166E+000
    134.05968   3.28697624E+000
    134.20801   3.32151293E+000
    134.35634   3.35601727E+000
    134.50467   3.39047492E+000
    134.65300   3.42487168E+000
    134.80133   3.45919353E+000
    134.94966   3.49342660E+000
    135.09799   3.52755720E+000
    135.24632   3.56157183E+000
    135.39466   3.59545718E+000
    135.54299   3.62920015E+000
    135.69132   3.66278783E+000
    135.83965   3.69620754E+000
    135.98798   3.72944681E+000
    136.13631   3.76249339E+000
    136.28464   3.79533525E+000
    136.43297   3.82796059E+000
    136.58130   3.86035785E+000
    136.72963   3.89251569E+000
    136.87796   3.92442301E+000
    137.02629   3.95606894E+000
    137.17463   3.98744284E+000
    137.32296   4.01853432E+000
    137.47129   4.04933320E+000
    137.61962   4.07982955E+000
    137.76795   4.11001366E+000
    137.91628   4.13987606E+000
    138.06461   4.16940751E+000
    138.21294   4.19859897E+000
    138.36127   4.22744167E+000
    138.50960   4.25592702E+000
    138.65793   4.28404667E+000
    138.80626   4.31179247E+000
    138.95459   4.33915652E+000
    139.10293   4.36613110E+000
    139.25126   4.39270870E+000
    139.39959   4.41888203E+000
    139.54792   4.44464401E+000
    139.69625   4.46998774E+000
    139.84458   4.49490653E+000
    139.99291   4.51939390E+000
    140.14124   4.54344355E+000
    140.28957   4.56704938E+000
    140.43790   4.59020547E+000
    140.58623   4.61290610E+000
    140.73456   4.63514575E+000
    140.88290   4.65691906E+000
    141.03123   4.67822087E+000
    141.17956   4.69904620E+000
    141.32789   4.71939028E+000
    141.47622   4.73924847E+000
    141.62455   4.75861636E+000
    141.77288   4.77748970E+000
    141.92121   4.79586443E+000
    142.06954   4.81373666E+000
    142.21787   4.83110271E+000
    142.36620   4.84795905E+000
    142.51453   4.86430236E+000
    142.66287   4.88012949E+000
    142.81120   4.89543747E+000
    142.95953   4.91022353E+000
    143.10786   4.92448510E+000
    143.25619   4.93821975E+000
    143.40452   4.95142530E+000
    143.55285   4.96409972E+000
    143.70118   4.97624120E+000
    143.84951   4.98784809E+000
    143.99784   4.99891897E+000
    144.14617   5.00945260E+000
    144.29450   5.01944795E+000
    144.44284   5.02890419E+000
    144.59117   5.03782068E+000
    144.73950   5.04619700E+000
    144.88783   5.05403293E+000
    145.03616   5.06132844E+000
    145.18449   5.06808375E+000
    145.33282   5.07429925E+000
    145.48115   5.07997556E+000
    145.62948   5.08511350E+000
    145.77781   5.08971413E+000
    145.92614   5.09377870E+000
    146.07447   5.09730867E+000
    146.22281   5.10030574E+000
    146.37114   5.10277181E+000
    146.51947   5.10470899E+000
    146.66780   5.10611962E+000
    146.81613   5.10700625E+000
    146.96446   5.10737164E+000
    147.11279   5.10721878E+000
    147.26112   5.10655085E+000
    147.40945   5.10537125E+000
    147.55778   5.10368362E+000
    147.70611   5.10149177E+000
    147.85444   5.09879974E+000
    148.00278   5.09561177E+000
    148.15111   5.09193231E+000
    148.29944   5.08776599E+000
    148.44777   5.08311768E+000
    148.59610   5.07799241E+000
    148.74443   5.07239541E+000
    148.89276   5.06633212E+000
    149.04109   5.05980814E+000
    149.18942   5.05282926E+000
    149.33775   5.04540147E+000
    149.48608   5.03753090E+000
    149.63441   5.02922388E+000
    149.78275   5.02048688E+000
    149.93108   5.01132656E+000
    150.07941   5.00174970E+000
    150.22774   4.99176327E+000
    150.37607   4.98137436E+000
    150.52440   4.97059021E+000
    150.67273   4.95941818E+000
    150.82106   4.94786579E+000
    150.96939   4.93594066E+000
    151.11772   4.92365052E+000
    151.26605   4.91100325E+000
    151.41438   4.89800679E+000
    151.56272   4.88466921E+000
    151.71105   4.87099865E+000
    151.85938   4.85700337E+000
    152.00771   4.84269169E+000
    152.15604   4.82807199E+000
    152.30437   4.81315274E+000
    152.45270   4.79794247E+000
    152.60103   4.78244976E+000
    152.74936   4.76668324E+000
    152.89769   4.75065156E+000
    153.04602   4.73436345E+000
    153.19435   4.71782763E+000
    153.34269   4.70105286E+000
    153.49102   4.68404791E+000
    153.63935   4.66682157E+000
    153.78768   4.64938262E+000
    153.93601   4.63173985E+000
    154.08434   4.61390202E+000
    154.23267   4.59587790E+000
    154.38100   4.57767622E+000
    154.52933   4.55930569E+000
    154.67766   4.54077500E+000
    154.82599   4.52209278E+000
    154.97432   4.50326763E+000
    155.12265   4.48430809E+000
    155.27099   4.46522264E+000
    155.41932   4.44601973E+000
    155.56765   4.42670771E+000
    155.71598   4.40729488E+000
    155.86431   4.38778946E+000
    156.01264   4.36819958E+000
    156.16097   4.34853329E+000
    156.30930   4.32879857E+000
    156.45763   4.30900327E+000
    156.60596   4.28915518E+000
    156.75429   4.26926196E+000
    156.90262   4.24933119E+000
    157.05096   4.22937031E+000
    157.19929   4.20938667E+000
    157.34762   4.18938749E+000
    157.49595   4.16937989E+000
    157.64428   4.14937086E+000
    157.79261   4.12936724E+000
    157.94094   4.10937578E+000
    158.08927   4.08940307E+000
    158.23760   4.06945559E+000
    158.38593   4.04953967E+000
    158.53426   4.02966150E+000
    158.68259   4.00982714E+000
    158.83093   3.99004251E+000
    158.97926   3.97031337E+000
    159.12759   3.95064536E+000
    159.27592   3.93104395E+000
    159.42425   3.91151449E+000
    159.57258   3.89206215E+000
    159.72091   3.87269197E+000
    159.86924   3.85340885E+000
    160.01757   3.83421752E+000
    160.16590   3.81512255E+000
    160.31423   3.79612839E+000
    160.46256   3.77723932E+000
    160.61090   3.75845947E+000
    160.75923   3.73979281E+000
    160.90756   3.72124316E+000
    161.05589   3.70281421E+000
    161.20422   3.68450947E+000
    161.35255   3.66633231E+000
    161.50088   3.64828595E+000
    161.64921   3.63037347E+000
    161.79754   3.61259777E+000
    161.94587   3.59496163E+000
    162.09420   3.57746767E+000
    162.24253   3.56011838E+000
    162.39087   3.54291607E+000
    162.53920   3.52586294E+000
    162.68753   3.50896103E+000
    162.83586   3.49221224E+000
    162.98419   3.47561834E+000
    163.13252   3.45918093E+000
    163.28085   3.44290151E+000
    163.42918   3.42678143E+000
    163.57751   3.41082189E+000
    163.72584   3.39502398E+000
    163.87417   3.37938865E+000
    164.02250   3.36391673E+000
    164.17084   3.34860890E+000
    164.31917   3.33346573E+000
    164.46750   3.31848768E+000
    164.61583   3.30367507E+000
    164.76416   3.28902811E+000
    164.91249   3.27454688E+000
    165.06082   3.26023137E+000
    165.20915   3.24608143E+000
    165.35748   3.23209682E+000
    165.50581   3.21827718E+000
    165.65414   3.20462206E+000
    165.80247   3.19113089E+000
    165.95081   3.17780301E+000
    166.09914   3.16463765E+000
    166.24747   3.15163396E+000
    166.39580   3.13879099E+000
    166.54413   3.12610768E+000
    166.69246   3.11358291E+000
    166.84079   3.10121546E+000
    166.98912   3.08900403E+000
    167.13745   3.07694722E+000
    167.28578   3.06504359E+000
    167.43411   3.05329158E+000
    167.58244   3.04168959E+000
    167.73078   3.03023593E+000
    167.87911   3.01892884E+000
    168.02744   3.00776650E+000
    168.17577   2.99674704E+000
    168.32410   2.98586849E+000
    168.47243   2.97512887E+000
    168.62076   2.96452609E+000
    168.76909   2.95405806E+000
    168.91742   2.94372259E+000
    169.06575   2.93351747E+000
    169.21408   2.92344044E+000
    169.36241   2.91348919E+000
    169.51074   2.90366137E+000
    169.65908   2.89395458E+000
    169.80741   2.88436640E+000
    169.95574   2.87489437E+000
    170.10407   2.86553599E+000
    170.25240   2.85628873E+000
    170.40073   2.84715005E+000
    170.54906   2.83811736E+000
    170.69739   2.82918805E+000
    170.84572   2.82035952E+000
    170.99405   2.81162910E+000
    171.14238   2.80299415E+000
    171.29071   2.79445199E+000
    171.43905   2.78599993E+000
    171.58738   2.77763527E+000
    171.73571   2.76935531E+000
    171.88404   2.76115733E+000
    172.03237   2.75303862E+000
    172.18070   2.74499646E+000
    172.32903   2.73702814E+000
    172.47736   2.72913092E+000
    172.62569   2.72130210E+000
    172.77402   2.71353896E+000
    172.92235   2.70583881E+000
    173.07068   2.69819895E+000
    173.21902   2.69061670E+000
    173.36735   2.68308938E+000
    173.51568   2.67561435E+000
    173.66401   2.66818895E+000
    173.81234   2.66081056E+000
    173.96067   2.65347658E+000
    174.10900   2.64618442E+000
    174.25733   2.63893152E+000
    174.40566   2.63171534E+000
    174.55399   2.62453335E+000
    174.70232   2.61738308E+000
    174.85065   2.61026206E+000
    174.99899   2.60316786E+000
    175.14732   2.59609806E+000
    175.29565   2.58905030E+000
    175.44398   2.58202223E+000
    175.59231   2.57501156E+000
    175.74064   2.56801599E+000
    175.88897   2.56103331E+000
    176.03730   2.55406130E+000
    176.18563   2.54709780E+000
    176.33396   2.54014070E+000
    176.48229   2.53318789E+000
    176.63062   2.52623734E+000
    176.77896   2.51928703E+000
    176.92729   2.51233502E+000
    177.07562   2.50537938E+000
    177.22395   2.49841822E+000
    177.37228   2.49144973E+000
    177.52061   2.48447210E+000
    177.66894   2.47748360E+000
    177.81727   2.47048252E+000
    177.96560   2.46346723E+000
    178.11393   2.45643610E+000
    178.26226   2.44938758E+000
    178.41059   2.44232016E+000
    178.55893   2.43523239E+000
    178.70726   2.42812283E+000
    178.85559   2.42099013E+000
    179.00392   2.41383297E+000
    179.15225   2.40665008E+000
    179.30058   2.39944023E+000
    179.44891   2.39220226E+000
    179.59724   2.38493505E+000
    179.74557   2.37763752E+000
    179.89390   2.37030864E+000
    180.04223   2.36294745E+000
    180.19056   2.35555302E+000
    180.33890   2.34812448E+000
    180.48723   2.34066099E+000
    180.63556   2.33316178E+000
    180.78389   2.32562611E+000
    180.93222   2.31805332E+000
    181.08055   2.31044277E+000
    181.22888   2.30279387E+000
    181.37721   2.29510609E+000
    181.52554   2.28737894E+000
    181.67387   2.27961198E+000
    181.82220   2.27180481E+000
    181.97053   2.26395709E+000
    182.11887   2.25606852E+000
    182.26720   2.24813885E+000
    182.41553   2.24016785E+000
    182.56386   2.23215538E+000
    182.71219   2.22410129E+000
    182.86052   2.21600553E+000
    183.00885   2.20786805E+000
    183.15718   2.19968887E+000
    183.30551   2.19146803E+000
    183.45384   2.18320563E+000
    183.60217   2.17490181E+000
    183.75050   2.16655673E+000
    183.89883   2.15817061E+000
    184.04717   2.14974370E+000
    184.19550   2.14127630E+000
    184.34383   2.13276873E+000
    184.49216   2.12422136E+000
    184.64049   2.11563460E+000
    184.78882   2.10700888E+000
    184.93715   2.09834467E+000
    185.08548   2.08964248E+000
    185.23381   2.08090285E+000
    185.38214   2.07212636E+000
    185.53047   2.06331361E+000
    185.67880   2.05446523E+000
    185.82714   2.04558190E+000
    185.97547   2.03666431E+000
    186.12380   2.02771318E+000
    186.27213   2.01872926E+000
    186.42046   2.00971334E+000
    186.56879   2.00066623E+000
    186.71712   1.99158875E+000
    186.86545   1.98248175E+000
    187.01378   1.97334613E+000
    187.16211   1.96418278E+000
    187.31044   1.95499263E+000
    187.45877   1.94577663E+000
    187.60711   1.93653573E+000
    187.75544   1.92727094E+000
    187.90377   1.91798325E+000
    188.05210   1.90867370E+000
    188.20043   1.89934331E+000
    188.34876   1.88999315E+000
    188.49709   1.88062430E+000
    188.64542   1.87123784E+000
    188.79375   1.86183487E+000
    188.94208   1.85241652E+000
    189.09041   1.84298390E+000
    189.23874   1.83353816E+000
    189.38708   1.82408046E+000
    189.53541   1.81461194E+000
    189.68374   1.80513379E+000
    189.83207   1.79564718E+000
    189.98040   1.78615330E+000
    190.12873   1.77665334E+000
    190.27706   1.76714850E+000
    190.42539   1.75764000E+000
    190.57372   1.74812904E+000
    190.72205   1.73861683E+000
    190.87038   1.72910460E+000
    191.01871   1.71959357E+000
    191.16705   1.71008496E+000
    191.31538   1.70058000E+000
    191.46371   1.69107992E+000
    191.61204   1.68158593E+000
    191.76037   1.67209927E+000
    191.90870   1.66262117E+000
    192.05703   1.65315284E+000
    192.20536   1.64369550E+000
    192.35369   1.63425038E+000
    192.50202   1.62481869E+000
    192.65035   1.61540164E+000
    192.79868   1.60600043E+000
    192.94702   1.59661626E+000
    193.09535   1.58725034E+000
    193.24368   1.57790384E+000
    193.39201   1.56857796E+000
    193.54034   1.55927385E+000
    193.68867   1.54999270E+000
    193.83700   1.54073566E+000
    193.98533   1.53150388E+000
    194.13366   1.52229849E+000
    194.28199   1.51312064E+000
    194.43032   1.50397143E+000
    194.57865   1.49485198E+000
    194.72699   1.48576340E+000
    194.87532   1.47670676E+000
    195.02365   1.46768315E+000
    195.17198   1.45869362E+000
    195.32031   1.44973923E+000
    195.46864   1.44082103E+000
    195.61697   1.43194003E+000
    195.76530   1.42309725E+000
    195.91363   1.41429368E+000
    196.06196   1.40553032E+000
    196.21029   1.39680814E+000
    196.35862   1.38812808E+000
    196.50696   1.37949110E+000
    196.65529   1.37089812E+000
    196.80362   1.36235005E+000
    196.95195   1.35384778E+000
    197.10028   1.34539220E+000
    197.24861   1.33698418E+000
    197.39694   1.32862455E+000
    197.54527   1.32031416E+000
    197.69360   1.31205381E+000
    197.84193   1.30384431E+000
    197.99026   1.29568644E+000
    198.13859   1.28758097E+000
    198.28692   1.27952864E+000
    198.43526   1.27153019E+000
    198.58359   1.26358632E+000
    198.73192   1.25569774E+000
    198.88025   1.24786513E+000
    199.02858   1.24008915E+000
    199.17691   1.23237044E+000
    199.32524   1.22470964E+000
    199.47357   1.21710734E+000
    199.62190   1.20956415E+000
    199.77023   1.20208063E+000
    199.91856   1.19465735E+000
    200.06689   1.18729484E+000
    200.21523   1.17999363E+000
    200.36356   1.17275421E+000
    200.51189   1.16557707E+000
    200.66022   1.15846269E+000
    200.80855   1.15141151E+000
    200.95688   1.14442396E+000
    201.10521   1.13750047E+000
    201.25354   1.13064142E+000
    201.40187   1.12384721E+000
    201.55020   1.11711818E+000
    201.69853   1.11045469E+000
    201.84686   1.10385707E+000
    201.99520   1.09732563E+000
    202.14353   1.09086066E+000
    202.29186   1.08446244E+000
    202.44019   1.07813122E+000
    202.58852   1.07186727E+000
    202.73685   1.06567079E+000
    202.88518   1.05954200E+000
    203.03351   1.05348110E+000
    203.18184   1.04748826E+000
    203.33017   1.04156365E+000
    203.47850   1.03570741E+000
    203.62683   1.02991967E+000
    203.77517   1.02420054E+000
    203.92350   1.01855013E+000
    204.07183   1.01296851E+000
    204.22016   1.00745575E+000
    204.36849   1.00201192E+000
    204.51682   9.96637034E-001
    204.66515   9.91331129E-001
    204.81348   9.86094209E-001
    204.96181   9.80926269E-001
    205.11014   9.75827288E-001
    205.25847   9.70797232E-001
    205.40680   9.65836053E-001
    205.55514   9.60943688E-001
    205.70347   9.56120062E-001
    205.85180   9.51365086E-001
    206.00013   9.46678657E-001
    206.14846   9.42060662E-001
    206.29679   9.37510971E-001
    206.44512   9.33029445E-001
    206.59345   9.28615931E-001
    206.74178   9.24270263E-001
    206.89011   9.19992265E-001
    207.03844   9.15781748E-001
    207.18677   9.11638512E-001
    207.33511   9.07562344E-001
    207.48344   9.03553023E-001
    207.63177   8.99610313E-001
    207.78010   8.95733971E-001
    207.92843   8.91923741E-001
    208.07676   8.88179357E-001
    208.22509   8.84500544E-001
    208.37342   8.80887016E-001
    208.52175   8.77338478E-001
    208.67008   8.73854624E-001
    208.81841   8.70435141E-001
    208.96674   8.67079704E-001
    209.11508   8.63787981E-001
    209.26341   8.60559631E-001
    209.41174   8.57394305E-001
    209.56007   8.54291644E-001
    209.70840   8.51251282E-001
    209.85673   8.48272845E-001
    210.00506   8.45355953E-001
    210.15339   8.42500214E-001
    210.30172   8.39705233E-001
    210.45005   8.36970606E-001
    210.59838   8.34295923E-001
    210.74671   8.31680766E-001
    210.89505   8.29124711E-001
    211.04338   8.26627329E-001
    211.19171   8.24188182E-001
    211.34004   8.21806830E-001
    211.48837   8.19482823E-001
    211.63670   8.17215708E-001
    211.78503   8.15005026E-001
    211.93336   8.12850314E-001
    212.08169   8.10751102E-001
    212.23002   8.08706916E-001
    212.37835   8.06717278E-001
    212.52668   8.04781705E-001
    212.67502   8.02899709E-001
    212.82335   8.01070799E-001
    212.97168   7.99294480E-001
    213.12001   7.97570252E-001
    213.26834   7.95897614E-001
    213.41667   7.94276058E-001
    213.56500   7.92705076E-001
    213.71333   7.91184156E-001
    213.86166   7.89712781E-001
    214.00999   7.88290434E-001
    214.15832   7.86916595E-001
    214.30665   7.85590740E-001
    214.45498   7.84312344E-001
    214.60332   7.83080879E-001
    214.75165   7.81895817E-001
    214.89998   7.80756625E-001
    215.04831   7.79662771E-001
    215.19664   7.78613720E-001
    215.34497   7.77608937E-001
    215.49330   7.76647885E-001
    215.64163   7.75730025E-001
    215.78996   7.74854818E-001
    215.93829   7.74021725E-001
    216.08662   7.73230204E-001
    216.23495   7.72479714E-001
    216.38329   7.71769714E-001
    216.53162   7.71099662E-001
    216.67995   7.70469016E-001
    216.82828   7.69877233E-001
    216.97661   7.69323772E-001
    217.12494   7.68808090E-001
    217.27327   7.68329646E-001
    217.42160   7.67887898E-001
    217.56993   7.67482307E-001
    217.71826   7.67112331E-001
    217.86659   7.66777431E-001
    218.01492   7.66477070E-001
    218.16326   7.66210709E-001
    218.31159   7.65977813E-001
    218.45992   7.65777845E-001
    218.60825   7.65610272E-001
    218.75658   7.65474561E-001
    218.90491   7.65370181E-001
    219.05324   7.65296603E-001
    219.20157   7.65253297E-001
    219.34990   7.65239738E-001
    219.49823   7.65255401E-001
    219.64656   7.65299764E-001
    219.79489   7.65372306E-001
    219.94323   7.65472508E-001
    220.09156   7.65599854E-001
    220.23989   7.65753829E-001
    220.38822   7.65933921E-001
    220.53655   7.66139621E-001
    220.68488   7.66370421E-001
    220.83321   7.66625816E-001
    220.98154   7.66905305E-001
    221.12987   7.67208388E-001
    221.27820   7.67534567E-001
    221.42653   7.67883349E-001
    221.57486   7.68254242E-001
    221.72320   7.68646757E-001
    221.87153   7.69060409E-001
    222.01986   7.69494716E-001
    222.16819   7.69949197E-001
    222.31652   7.70423376E-001
    222.46485   7.70916780E-001
    222.61318   7.71428938E-001
    222.76151   7.71959383E-001
    222.90984   7.72507652E-001
    223.05817   7.73073285E-001
    223.20650   7.73655823E-001
    223.35483   7.74254813E-001
    223.50317   7.74869805E-001
    223.65150   7.75500352E-001
    223.79983   7.76146010E-001
    223.94816   7.76806340E-001
    224.09649   7.77480906E-001
    224.24482   7.78169275E-001
    224.39315   7.78871017E-001
    224.54148   7.79585707E-001
    224.68981   7.80312924E-001
    224.83814   7.81052250E-001
    224.98647   7.81803269E-001
    225.13480   7.82565572E-001
    225.28314   7.83338752E-001
    225.43147   7.84122406E-001
    225.57980   7.84916134E-001
    225.72813   7.85719542E-001
    225.87646   7.86532237E-001
    226.02479   7.87353832E-001
    226.17312   7.88183943E-001
    226.32145   7.89022190E-001
    226.46978   7.89868198E-001
    226.61811   7.90721594E-001
    226.76644   7.91582009E-001
    226.91477   7.92449080E-001
    227.06311   7.93322447E-001
    227.21144   7.94201752E-001
    227.35977   7.95086643E-001
    227.50810   7.95976773E-001
    227.65643   7.96871795E-001
    227.80476   7.97771371E-001
    227.95309   7.98675162E-001
    228.10142   7.99582837E-001
    228.24975   8.00494066E-001
    228.39808   8.01408525E-001
    228.54641   8.02325893E-001
    228.69474   8.03245853E-001
    228.84307   8.04168092E-001
    228.99141   8.05092302E-001
    229.13974   8.06018177E-001
    229.28807   8.06945415E-001
    229.43640   8.07873721E-001
    229.58473   8.08802800E-001
    229.73306   8.09732363E-001
    229.88139   8.10662125E-001
    230.02972   8.11591804E-001
    230.17805   8.12521123E-001
    230.32638   8.13449807E-001
    230.47471   8.14377587E-001
    230.62304   8.15304196E-001
    230.77138   8.16229373E-001
    230.91971   8.17152858E-001
    231.06804   8.18074398E-001
    231.21637   8.18993741E-001
    231.36470   8.19910639E-001
    231.51303   8.20824851E-001
    231.66136   8.21736136E-001
    231.80969   8.22644258E-001
    231.95802   8.23548985E-001
    232.10635   8.24450089E-001
    232.25468   8.25347345E-001
    232.40301   8.26240532E-001
    232.55135   8.27129432E-001
    232.69968   8.28013831E-001
    232.84801   8.28893519E-001
    232.99634   8.29768290E-001
    233.14467   8.30637940E-001
    233.29300   8.31502270E-001
    233.44133   8.32361083E-001
    233.58966   8.33214186E-001
    233.73799   8.34061392E-001
    233.88632   8.34902514E-001
    234.03465   8.35737369E-001
    234.18298   8.36565780E-001
    234.33132   8.37387570E-001
    234.47965   8.38202567E-001
    234.62798   8.39010603E-001
    234.77631   8.39811511E-001
    234.92464   8.40605131E-001
    235.07297   8.41391302E-001
    235.22130   8.42169870E-001
    235.36963   8.42940682E-001
    235.51796   8.43703588E-001
    235.66629   8.44458442E-001
    235.81462   8.45205101E-001
    235.96295   8.45943426E-001
    236.11129   8.46673280E-001
    236.25962   8.47394528E-001
    236.40795   8.48107040E-001
    236.55628   8.48810689E-001
    236.70461   8.49505349E-001
    236.85294   8.50190900E-001
    237.00127   8.50867221E-001
    237.14960   8.51534197E-001
    237.29793   8.52191716E-001
    237.44626   8.52839666E-001
    237.59459   8.53477941E-001
    237.74292   8.54106435E-001
    237.89126   8.54725047E-001
    238.03959   8.55333679E-001
    238.18792   8.55932232E-001
    238.33625   8.56520615E-001
    238.48458   8.57098735E-001
    238.63291   8.57666504E-001
    238.78124   8.58223837E-001
    238.92957   8.58770650E-001
    239.07790   8.59306863E-001
    239.22623   8.59832398E-001
    239.37456   8.60347178E-001
    239.52289   8.60851130E-001
    239.67123   8.61344185E-001
    239.81956   8.61826273E-001
    239.96789   8.62297329E-001
    240.11622   8.62757289E-001
    240.26455   8.63206092E-001
    240.41288   8.63643679E-001
    240.56121   8.64069993E-001
    240.70954   8.64484979E-001
    240.85787   8.64888587E-001
    241.00620   8.65280766E-001
    241.15453   8.65661467E-001
    241.30286   8.66030646E-001
    241.45120   8.66388259E-001
    241.59953   8.66734264E-001
    241.74786   8.67068622E-001
    241.89619   8.67391296E-001
    242.04452   8.67702251E-001
    242.19285   8.68001453E-001
    242.34118   8.68288871E-001
    242.48951   8.68564475E-001
    242.63784   8.68828239E-001
    242.78617   8.69080136E-001
    242.93450   8.69320143E-001
    243.08283   8.69548237E-001
    243.23116   8.69764400E-001
    243.37950   8.69968613E-001
    243.52783   8.70160858E-001
    243.67616   8.70341122E-001
    243.82449   8.70509391E-001
    243.97282   8.70665655E-001
    244.12115   8.70809902E-001
    244.26948   8.70942126E-001
    244.41781   8.71062319E-001
    244.56614   8.71170478E-001
    244.71447   8.71266598E-001
    244.86280   8.71350678E-001
    245.01113   8.71422718E-001
    245.15947   8.71482720E-001
    245.30780   8.71530685E-001
    245.45613   8.71566618E-001
    245.60446   8.71590525E-001
    245.75279   8.71602413E-001
    245.90112   8.71602290E-001
    246.04945   8.71590167E-001
    246.19778   8.71566054E-001
    246.34611   8.71529963E-001
    246.49444   8.71481910E-001
    246.64277   8.71421908E-001
    246.79110   8.71349974E-001
    246.93944   8.71266126E-001
    247.08777   8.71170382E-001
    247.23610   8.71062763E-001
    247.38443   8.70943289E-001
    247.53276   8.70811982E-001
    247.68109   8.70668867E-001
    247.82942   8.70513968E-001
    247.97775   8.70347310E-001
    248.12608   8.70168919E-001
    248.27441   8.69978825E-001
    248.42274   8.69777055E-001
    248.57107   8.69563639E-001
    248.71941   8.69338608E-001
    248.86774   8.69101994E-001
    249.01607   8.68853829E-001
    249.16440   8.68594147E-001
    249.31273   8.68322983E-001
    249.46106   8.68040372E-001
    249.60939   8.67746350E-001
    249.75772   8.67440954E-001
    249.90605   8.67124223E-001
    250.05438   8.66796195E-001
    250.20271   8.66456911E-001
    250.35104   8.66106409E-001
    250.49938   8.65744732E-001
    250.64771   8.65371922E-001
    250.79604   8.64988021E-001
    250.94437   8.64593073E-001
    251.09270   8.64187121E-001
    251.24103   8.63770212E-001
    251.38936   8.63342389E-001
    251.53769   8.62903700E-001
    251.68602   8.62454191E-001
    251.83435   8.61993910E-001
    251.98268   8.61522904E-001
    252.13101   8.61041223E-001
    252.27935   8.60548915E-001
    252.42768   8.60046030E-001
    252.57601   8.59532620E-001
    252.72434   8.59008733E-001
    252.87267   8.58474423E-001
    253.02100   8.57929740E-001
    253.16933   8.57374738E-001
    253.31766   8.56809469E-001
    253.46599   8.56233986E-001
    253.61432   8.55648344E-001
    253.76265   8.55052596E-001
    253.91098   8.54446798E-001
    254.05932   8.53831003E-001
    254.20765   8.53205269E-001
    254.35598   8.52569650E-001
    254.50431   8.51924204E-001
    254.65264   8.51268986E-001
    254.80097   8.50604053E-001
    254.94930   8.49929464E-001
    255.09763   8.49245274E-001
    255.24596   8.48551544E-001
    255.39429   8.47848330E-001
    255.54262   8.47135691E-001
    255.69095   8.46413687E-001
    255.83929   8.45682375E-001
    255.98762   8.44941816E-001
    256.13595   8.44192070E-001
    256.28428   8.43433195E-001
    256.43261   8.42665252E-001
    256.58094   8.41888302E-001
    256.72927   8.41102405E-001
    256.87760   8.40307621E-001
    257.02593   8.39504012E-001
    257.17426   8.38691638E-001
    257.32259   8.37870560E-001
    257.47092   8.37040841E-001
    257.61925   8.36202541E-001
    257.76759   8.35355723E-001
    257.91592   8.34500447E-001
    258.06425   8.33636777E-001
    258.21258   8.32764773E-001
    258.36091   8.31884499E-001
    258.50924   8.30996015E-001
    258.65757   8.30099385E-001
    258.80590   8.29194672E-001
    258.95423   8.28281936E-001
    259.10256   8.27361241E-001
    259.25089   8.26432650E-001
    259.39922   8.25496225E-001
    259.54756   8.24552028E-001
    259.69589   8.23600123E-001
    259.84422   8.22640572E-001
    259.99255   8.21673437E-001
    260.14088   8.20698782E-001
    260.28921   8.19716669E-001
    260.43754   8.18727161E-001
    260.58587   8.17730320E-001
    260.73420   8.16726210E-001
    260.88253   8.15714892E-001
    261.03086   8.14696429E-001
    261.17919   8.13670885E-001
    261.32753   8.12638321E-001
    261.47586   8.11598800E-001
    261.62419   8.10552385E-001
    261.77252   8.09499137E-001
    261.92085   8.08439119E-001
    262.06918   8.07372394E-001
    262.21751   8.06299022E-001
    262.36584   8.05219067E-001
    262.51417   8.04132591E-001
    262.66250   8.03039654E-001
    262.81083   8.01940319E-001
    262.95916   8.00834648E-001
    263.10750   7.99722702E-001
    263.25583   7.98604542E-001
    263.40416   7.97480230E-001
    263.55249   7.96349827E-001
    263.70082   7.95213393E-001
    263.84915   7.94070990E-001
    263.99748   7.92922679E-001
    264.14581   7.91768520E-001
    264.29414   7.90608573E-001
    264.44247   7.89442899E-001
    264.59080   7.88271558E-001
    264.73913   7.87094610E-001
    264.88747   7.85912114E-001
    265.03580   7.84724131E-001
    265.18413   7.83530719E-001
    265.33246   7.82331939E-001
    265.48079   7.81127848E-001
    265.62912   7.79918507E-001
    265.77745   7.78703973E-001
    265.92578   7.77484306E-001
    266.07411   7.76259564E-001
    266.22244   7.75029804E-001
    266.37077   7.73795085E-001
    266.51910   7.72555465E-001
    266.66744   7.71311001E-001
    266.81577   7.70061750E-001
    266.96410   7.68807769E-001
    267.11243   7.67549116E-001
    267.26076   7.66285847E-001
    267.40909   7.65018019E-001
    267.55742   7.63745688E-001
    267.70575   7.62468909E-001
    267.85408   7.61187739E-001
    268.00241   7.59902234E-001
    268.15074   7.58612448E-001
    268.29907   7.57318436E-001
    268.44741   7.56020254E-001
    268.59574   7.54717957E-001
    268.74407   7.53411597E-001
    268.89240   7.52101231E-001
    269.04073   7.50786911E-001
    269.18906   7.49468691E-001
    269.33739   7.48146626E-001
    269.48572   7.46820767E-001
    269.63405   7.45491168E-001
    269.78238   7.44157881E-001
    269.93071   7.42820959E-001
    270.07904   7.41480454E-001
    270.22738   7.40136419E-001
    270.37571   7.38788903E-001
    270.52404   7.37437960E-001
    270.67237   7.36083640E-001
    270.82070   7.34725994E-001
    270.96903   7.33365073E-001
    271.11736   7.32000926E-001
    271.26569   7.30633605E-001
    271.41402   7.29263159E-001
    271.56235   7.27889637E-001
    271.71068   7.26513089E-001
    271.85901   7.25133563E-001
    272.00735   7.23751110E-001
    272.15568   7.22365776E-001
    272.30401   7.20977610E-001
    272.45234   7.19586661E-001
    272.60067   7.18192976E-001
    272.74900   7.16796602E-001
    272.89733   7.15397586E-001
    273.04566   7.13995976E-001
    273.19399   7.12591818E-001
    273.34232   7.11185158E-001
    273.49065   7.09776042E-001
    273.63898   7.08364517E-001
    273.78731   7.06950627E-001
    273.93565   7.05534418E-001
    274.08398   7.04115935E-001
    274.23231   7.02695222E-001
    274.38064   7.01272325E-001
    274.52897   6.99847286E-001
    274.67730   6.98420150E-001
    274.82563   6.96990961E-001
    274.97396   6.95559762E-001
    275.12229   6.94126596E-001
    275.27062   6.92691505E-001
    275.41895   6.91254533E-001
    275.56728   6.89815721E-001
    275.71562   6.88375112E-001
    275.86395   6.86932747E-001
    276.01228   6.85488667E-001
    276.16061   6.84042914E-001
    276.30894   6.82595528E-001
    276.45727   6.81146551E-001
    276.60560   6.79696022E-001
    276.75393   6.78243981E-001
    276.90226   6.76790469E-001
    277.05059   6.75335525E-001
    277.19892   6.73879187E-001
    277.34725   6.72421496E-001
    277.49559   6.70962489E-001
    277.64392   6.69502206E-001
    277.79225   6.68040684E-001
    277.94058   6.66577962E-001
    278.08891   6.65114076E-001
    278.23724   6.63649064E-001
    278.38557   6.62182964E-001
    278.53390   6.60715813E-001
    278.68223   6.59247646E-001
    278.83056   6.57778500E-001
    278.97889   6.56308411E-001
    279.12722   6.54837416E-001
    279.27556   6.53365549E-001
    279.42389   6.51892846E-001
    279.57222   6.50419341E-001
    279.72055   6.48945071E-001
    279.86888   6.47470068E-001
    280.01721   6.45994368E-001
    280.16554   6.44518004E-001
    280.31387   6.43041010E-001
    280.46220   6.41563420E-001
    280.61053   6.40085267E-001
    280.75886   6.38606583E-001
    280.90719   6.37127402E-001
    281.05553   6.35647756E-001
    281.20386   6.34167677E-001
    281.35219   6.32687197E-001
    281.50052   6.31206348E-001
    281.64885   6.29725162E-001
    281.79718   6.28243669E-001
    281.94551   6.26761900E-001
    282.09384   6.25279887E-001
    282.24217   6.23797660E-001
    282.39050   6.22315249E-001
    282.53883   6.20832685E-001
    282.68716   6.19349996E-001
    282.83550   6.17867213E-001
    282.98383   6.16384364E-001
    283.13216   6.14901479E-001
    283.28049   6.13418587E-001
    283.42882   6.11935717E-001
    283.57715   6.10452896E-001
    283.72548   6.08970153E-001
    283.87381   6.07487515E-001
    284.02214   6.06005011E-001
    284.17047   6.04522668E-001
    284.31880   6.03040513E-001
    284.46713   6.01558573E-001
    284.61547   6.00076875E-001
    284.76380   5.98595446E-001
    284.91213   5.97114311E-001
    285.06046   5.95633497E-001
    285.20879   5.94153029E-001
    285.35712   5.92672934E-001
    285.50545   5.91193237E-001
    285.65378   5.89713963E-001
    285.80211   5.88235137E-001
    285.95044   5.86756784E-001
    286.09877   5.85278928E-001
    286.24710   5.83801594E-001
    286.39544   5.82324807E-001
    286.54377   5.80848589E-001
    286.69210   5.79372964E-001
    286.84043   5.77897958E-001
    286.98876   5.76423591E-001
    287.13709   5.74949888E-001
    287.28542   5.73476872E-001
    287.43375   5.72004566E-001
    287.58208   5.70532991E-001
    287.73041   5.69062170E-001
    287.87874   5.67592125E-001
    288.02707   5.66122879E-001
    288.17540   5.64654453E-001
    288.32374   5.63186868E-001
    288.47207   5.61720146E-001
    288.62040   5.60254308E-001
    288.76873   5.58789374E-001
    288.91706   5.57325367E-001
    289.06539   5.55862305E-001
    289.21372   5.54400210E-001
    289.36205   5.52939102E-001
    289.51038   5.51479001E-001
    289.65871   5.50019926E-001
    289.80704   5.48561897E-001
    289.95537   5.47104934E-001
    290.10371   5.45649056E-001
    290.25204   5.44194282E-001
    290.40037   5.42740631E-001
    290.54870   5.41288122E-001
    290.69703   5.39836773E-001
    290.84536   5.38386602E-001
    290.99369   5.36937629E-001
    291.14202   5.35489870E-001
    291.29035   5.34043344E-001
    291.43868   5.32598069E-001
    291.58701   5.31154061E-001
    291.73534   5.29711339E-001
    291.88368   5.28269919E-001
    292.03201   5.26829819E-001
    292.18034   5.25391055E-001
    292.32867   5.23953644E-001
    292.47700   5.22517602E-001
    292.62533   5.21082947E-001
    292.77366   5.19649694E-001
    292.92199   5.18217859E-001
    293.07032   5.16787458E-001
    293.21865   5.15358507E-001
    293.36698   5.13931021E-001
    293.51531   5.12505016E-001
    293.66365   5.11080507E-001
    293.81198   5.09657509E-001
    293.96031   5.08236038E-001
    294.10864   5.06816107E-001
    294.25697   5.05397732E-001
    294.40530   5.03980927E-001
    294.55363   5.02565707E-001
    294.70196   5.01152085E-001
    294.85029   4.99740076E-001
    294.99862   4.98329693E-001
    295.14695   4.96920951E-001
    295.29528   4.95513863E-001
    295.44362   4.94108443E-001
    295.59195   4.92704703E-001
    295.74028   4.91302658E-001
    295.88861   4.89902320E-001
    296.03694   4.88503702E-001
    296.18527   4.87106817E-001
    296.33360   4.85711677E-001
    296.48193   4.84318296E-001
    296.63026   4.82926685E-001
    296.77859   4.81536857E-001
    296.92692   4.80148824E-001
    297.07525   4.78762598E-001
    297.22359   4.77378191E-001
    297.37192   4.75995614E-001
    297.52025   4.74614880E-001
    297.66858   4.73235999E-001
    297.81691   4.71858983E-001
    297.96524   4.70483844E-001
    298.11357   4.69110592E-001
    298.26190   4.67739238E-001
    298.41023   4.66369793E-001
    298.55856   4.65002269E-001
    298.70689   4.63636675E-001
    298.85522   4.62273022E-001
    299.00356   4.60911321E-001
    299.15189   4.59551581E-001
    299.30022   4.58193814E-001
    299.44855   4.56838028E-001
    299.59688   4.55484234E-001
    299.74521   4.54132442E-001
    299.89354   4.52782662E-001
    300.04187   4.51434902E-001
    300.19020   4.50089173E-001
    300.33853   4.48745484E-001
    300.48686   4.47403844E-001
    300.63519   4.46064262E-001
    300.78353   4.44726747E-001
    300.93186   4.43391308E-001
    301.08019   4.42057954E-001
    301.22852   4.40726694E-001
    301.37685   4.39397537E-001
    301.52518   4.38070490E-001
    301.67351   4.36745562E-001
    301.82184   4.35422762E-001
    301.97017   4.34102097E-001
    302.11850   4.32783576E-001
    302.26683   4.31467207E-001
    302.41516   4.30152998E-001
    302.56349   4.28840956E-001
    302.71183   4.27531089E-001
    302.86016   4.26223405E-001
    303.00849   4.24917911E-001
    303.15682   4.23614615E-001
    303.30515   4.22313523E-001
    303.45348   4.21014644E-001
    303.60181   4.19717984E-001
    303.75014   4.18423550E-001
    303.89847   4.17131349E-001
    304.04680   4.15841389E-001
    304.19513   4.14553675E-001
    304.34346   4.13268215E-001
    304.49180   4.11985014E-001
    304.64013   4.10704080E-001
    304.78846   4.09425419E-001
    304.93679   4.08149037E-001
    305.08512   4.06874941E-001
    305.23345   4.05603136E-001
    305.38178   4.04333628E-001
    305.53011   4.03066424E-001
    305.67844   4.01801530E-001
    305.82677   4.00538950E-001
    305.97510   3.99278692E-001
    306.12343   3.98020759E-001
    306.27177   3.96765159E-001
    306.42010   3.95511897E-001
    306.56843   3.94260977E-001
    306.71676   3.93012405E-001
    306.86509   3.91766186E-001
    307.01342   3.90522326E-001
    307.16175   3.89280830E-001
    307.31008   3.88041702E-001
    307.45841   3.86804947E-001
    307.60674   3.85570571E-001
    307.75507   3.84338577E-001
    307.90340   3.83108971E-001
    308.05174   3.81881758E-001
    308.20007   3.80656941E-001
    308.34840   3.79434525E-001
    308.49673   3.78214514E-001
    308.64506   3.76996914E-001
    308.79339   3.75781728E-001
    308.94172   3.74568959E-001
    309.09005   3.73358613E-001
    309.23838   3.72150694E-001
    309.38671   3.70945204E-001
    309.53504   3.69742149E-001
    309.68337   3.68541531E-001
    309.83171   3.67343355E-001
    309.98004   3.66147625E-001
    310.12837   3.64954343E-001
    310.27670   3.63763514E-001
    310.42503   3.62575140E-001
    310.57336   3.61389226E-001
    310.72169   3.60205774E-001
    310.87002   3.59024788E-001
    311.01835   3.57846271E-001
    311.16668   3.56670226E-001
    311.31501   3.55496656E-001
    311.46334   3.54325564E-001
    311.61168   3.53156954E-001
    311.76001   3.51990827E-001
    311.90834   3.50827187E-001
    312.05667   3.49666037E-001
    312.20500   3.48507379E-001
    312.35333   3.47351216E-001
    312.50166   3.46197550E-001
    312.64999   3.45046384E-001
    312.79832   3.43897720E-001
    312.94665   3.42751561E-001
    313.09498   3.41607909E-001
    313.24331   3.40466766E-001
    313.39165   3.39328135E-001
    313.53998   3.38192017E-001
    313.68831   3.37058415E-001
    313.83664   3.35927331E-001
    313.98497   3.34798766E-001
    314.13330   3.33672723E-001
    314.28163   3.32549204E-001
    314.42996   3.31428210E-001
    314.57829   3.30309743E-001
    314.72662   3.29193804E-001
    314.87495   3.28080396E-001
    315.02328   3.26969520E-001
    315.17162   3.25861177E-001
    315.31995   3.24755370E-001
    315.46828   3.23652098E-001
    315.61661   3.22551365E-001
    315.76494   3.21453170E-001
    315.91327   3.20357516E-001
    316.06160   3.19264403E-001
    316.20993   3.18173833E-001
    316.35826   3.17085807E-001
    316.50659   3.16000325E-001
    316.65492   3.14917390E-001
    316.80325   3.13837001E-001
    316.95158   3.12759160E-001
    317.09992   3.11683868E-001
    317.24825   3.10611125E-001
    317.39658   3.09540932E-001
    317.54491   3.08473290E-001
    317.69324   3.07408199E-001
    317.84157   3.06345661E-001
    317.98990   3.05285676E-001
    318.13823   3.04228243E-001
    318.28656   3.03173365E-001
    318.43489   3.02121040E-001
    318.58322   3.01071270E-001
    318.73155   3.00024055E-001
    318.87989   2.98979395E-001
    319.02822   2.97937291E-001
    319.17655   2.96897742E-001
    319.32488   2.95860749E-001
    319.47321   2.94826312E-001
    319.62154   2.93794430E-001
    319.76987   2.92765105E-001
    319.91820   2.91738335E-001
    320.06653   2.90714122E-001
    320.21486   2.89692464E-001
    320.36319   2.88673362E-001
    320.51152   2.87656815E-001
    320.65986   2.86642823E-001
    320.80819   2.85631386E-001
    320.95652   2.84622504E-001
    321.10485   2.83616176E-001
    321.25318   2.82612402E-001
    321.40151   2.81611181E-001
    321.54984   2.80612513E-001
    321.69817   2.79616397E-001
    321.84650   2.78622833E-001
    321.99483   2.77631820E-001
    322.14316   2.76643358E-001
    322.29149   2.75657446E-001
    322.43983   2.74674083E-001
    322.58816   2.73693268E-001
    322.73649   2.72715001E-001
    322.88482   2.71739280E-001
    323.03315   2.70766106E-001
    323.18148   2.69795476E-001
    323.32981   2.68827390E-001
    323.47814   2.67861848E-001
    323.62647   2.66898847E-001
    323.77480   2.65938387E-001
    323.92313   2.64980467E-001
    324.07146   2.64025086E-001
    324.21980   2.63072242E-001
    324.36813   2.62121934E-001
    324.51646   2.61174162E-001
    324.66479   2.60228923E-001
    324.81312   2.59286217E-001
    324.96145   2.58346042E-001
    325.10978   2.57408396E-001
    325.25811   2.56473279E-001
    325.40644   2.55540689E-001
    325.55477   2.54610624E-001
    325.70310   2.53683083E-001
    325.85143   2.52758064E-001
    325.99977   2.51835566E-001
    326.14810   2.50915587E-001
    326.29643   2.49998125E-001
    326.44476   2.49083180E-001
    326.59309   2.48170748E-001
    326.74142   2.47260828E-001
    326.88975   2.46353419E-001
    327.03808   2.45448519E-001
    327.18641   2.44546125E-001
    327.33474   2.43646237E-001
    327.48307   2.42748851E-001
    327.63140   2.41853967E-001
    327.77974   2.40961581E-001
    327.92807   2.40071693E-001
    328.07640   2.39184300E-001
    328.22473   2.38299400E-001
    328.37306   2.37416991E-001
    328.52139   2.36537071E-001
    328.66972   2.35659637E-001
    328.81805   2.34784688E-001
    328.96638   2.33912221E-001
    329.11471   2.33042235E-001
    329.26304   2.32174726E-001
    329.41137   2.31309692E-001
    329.55971   2.30447132E-001
    329.70804   2.29587043E-001
    329.85637   2.28729422E-001
    330.00470   2.27874267E-001
    330.15303   2.27021575E-001
    330.30136   2.26171345E-001
    330.44969   2.25323573E-001
    330.59802   2.24478258E-001
    330.74635   2.23635396E-001
    330.89468   2.22794985E-001
    331.04301   2.21957023E-001
    331.19134   2.21121506E-001
    331.33967   2.20288433E-001
    331.48801   2.19457800E-001
    331.63634   2.18629605E-001
    331.78467   2.17803845E-001
    331.93300   2.16980517E-001
    332.08133   2.16159619E-001
    332.22966   2.15341148E-001
    332.37799   2.14525101E-001
    332.52632   2.13711474E-001
    332.67465   2.12900266E-001
    332.82298   2.12091473E-001
    332.97131   2.11285093E-001
    333.11964   2.10481122E-001
    333.26798   2.09679558E-001
    333.41631   2.08880397E-001
    333.56464   2.08083637E-001
    333.71297   2.07289274E-001
    333.86130   2.06497306E-001
    334.00963   2.05707728E-001
    334.15796   2.04920540E-001
    334.30629   2.04135736E-001
    334.45462   2.03353314E-001
    334.60295   2.02573271E-001
    334.75128   2.01795604E-001
    334.89961   2.01020309E-001
    335.04795   2.00247383E-001
    335.19628   1.99476823E-001
    335.34461   1.98708626E-001
    335.49294   1.97942788E-001
    335.64127   1.97179307E-001
    335.78960   1.96418177E-001
    335.93793   1.95659398E-001
    336.08626   1.94902964E-001
    336.23459   1.94148873E-001
    336.38292   1.93397121E-001
    336.53125   1.92647704E-001
    336.67958   1.91900620E-001
    336.82792   1.91155865E-001
    336.97625   1.90413435E-001
    337.12458   1.89673327E-001
    337.27291   1.88935537E-001
    337.42124   1.88200062E-001
    337.56957   1.87466898E-001
    337.71790   1.86736042E-001
    337.86623   1.86007490E-001
    338.01456   1.85281238E-001
    338.16289   1.84557282E-001
    338.31122   1.83835620E-001
    338.45955   1.83116247E-001
    338.60789   1.82399160E-001
    338.75622   1.81684355E-001
    338.90455   1.80971828E-001
    339.05288   1.80261576E-001
    339.20121   1.79553594E-001
    339.34954   1.78847880E-001
    339.49787   1.78144429E-001
    339.64620   1.77443237E-001
    339.79453   1.76744301E-001
    339.94286   1.76047616E-001
    340.09119   1.75353179E-001
    340.23952   1.74660987E-001
    340.38786   1.73971034E-001
    340.53619   1.73283318E-001
    340.68452   1.72597835E-001
    340.83285   1.71914579E-001
    340.98118   1.71233548E-001
    341.12951   1.70554738E-001
    341.27784   1.69878144E-001
    341.42617   1.69203763E-001
    341.57450   1.68531591E-001
    341.72283   1.67861623E-001
    341.87116   1.67193855E-001
    342.01949   1.66528284E-001
    342.16783   1.65864906E-001
    342.31616   1.65203716E-001
    342.46449   1.64544710E-001
    342.61282   1.63887884E-001
    342.76115   1.63233235E-001
    342.90948   1.62580758E-001
    343.05781   1.61930448E-001
    343.20614   1.61282302E-001
    343.35447   1.60636316E-001
    343.50280   1.59992485E-001
    343.65113   1.59350806E-001
    343.79946   1.58711273E-001
    343.94780   1.58073884E-001
    344.09613   1.57438633E-001
    344.24446   1.56805517E-001
    344.39279   1.56174530E-001
    344.54112   1.55545670E-001
    344.68945   1.54918931E-001
    344.83778   1.54294310E-001
    344.98611   1.53671802E-001
    345.13444   1.53051403E-001
    345.28277   1.52433109E-001
    345.43110   1.51816915E-001
    345.57943   1.51202816E-001
    345.72777   1.50590810E-001
    345.87610   1.49980890E-001
    346.02443   1.49373054E-001
    346.17276   1.48767296E-001
    346.32109   1.48163613E-001
    346.46942   1.47561999E-001
    346.61775   1.46962451E-001
    346.76608   1.46364964E-001
    346.91441   1.45769534E-001
    347.06274   1.45176156E-001
    347.21107   1.44584826E-001
    347.35940   1.43995539E-001
    347.50773   1.43408292E-001
    347.65607   1.42823079E-001
    347.80440   1.42239896E-001
    347.95273   1.41658739E-001
    348.10106   1.41079603E-001
    348.24939   1.40502484E-001
    348.39772   1.39927377E-001
    348.54605   1.39354278E-001
    348.69438   1.38783182E-001
    348.84271   1.38214085E-001
    348.99104   1.37646983E-001
    349.13937   1.37081870E-001
    349.28770   1.36518743E-001
    349.43604   1.35957596E-001
    349.58437   1.35398426E-001
    349.73270   1.34841227E-001
    349.88103   1.34285995E-001
    350.02936   1.33732726E-001
    350.17769   1.33181415E-001
    350.32602   1.32632058E-001
    350.47435   1.32084650E-001
    350.62268   1.31539186E-001
    350.77101   1.30995661E-001
    350.91934   1.30454072E-001
    351.06767   1.29914414E-001
    351.21601   1.29376681E-001
    351.36434   1.28840871E-001
    351.51267   1.28306977E-001
    351.66100   1.27774995E-001
    351.80933   1.27244921E-001
    351.95766   1.26716749E-001
    352.10599   1.26190477E-001
    352.25432   1.25666098E-001
    352.40265   1.25143608E-001
    352.55098   1.24623003E-001
    352.69931   1.24104278E-001
    352.84764   1.23587428E-001
    352.99598   1.23072448E-001
    353.14431   1.22559335E-001
    353.29264   1.22048083E-001
    353.44097   1.21538688E-001
    353.58930   1.21031145E-001
    353.73763   1.20525449E-001
    353.88596   1.20021596E-001
    354.03429   1.19519581E-001
    354.18262   1.19019400E-001
    354.33095   1.18521047E-001
    354.47928   1.18024519E-001
    354.62761   1.17529810E-001
    354.77595   1.17036916E-001
    354.92428   1.16545831E-001
    355.07261   1.16056553E-001
    355.22094   1.15569075E-001
    355.36927   1.15083393E-001
    355.51760   1.14599503E-001
    355.66593   1.14117399E-001
    355.81426   1.13637077E-001
    355.96259   1.13158533E-001
    356.11092   1.12681762E-001
    356.25925   1.12206758E-001
    356.40758   1.11733518E-001
    356.55592   1.11262036E-001
    356.70425   1.10792309E-001
    356.85258   1.10324330E-001
    357.00091   1.09858097E-001
    357.14924   1.09393603E-001
    357.29757   1.08930844E-001
    357.44590   1.08469816E-001
    357.59423   1.08010514E-001
    357.74256   1.07552933E-001
    357.89089   1.07097069E-001
    358.03922   1.06642916E-001
    358.18755   1.06190470E-001
    358.33589   1.05739727E-001
    358.48422   1.05290681E-001
    358.63255   1.04843329E-001
    358.78088   1.04397665E-001
    358.92921   1.03953684E-001
    359.07754   1.03511383E-001
    359.22587   1.03070756E-001
    359.37420   1.02631799E-001
    359.52253   1.02194506E-001
    359.67086   1.01758874E-001
    359.81919   1.01324898E-001
    359.96752   1.00892572E-001
    360.11586   1.00461893E-001
    360.26419   1.00032855E-001
    360.41252   9.96054545E-002
    360.56085   9.91796860E-002
    360.70918   9.87555452E-002
    360.85751   9.83330273E-002
    361.00584   9.79121277E-002
    361.15417   9.74928417E-002
    361.30250   9.70751647E-002
    361.45083   9.66590920E-002
    361.59916   9.62446190E-002
    361.74749   9.58317410E-002
    361.89582   9.54204534E-002
    362.04416   9.50107515E-002
    362.19249   9.46026307E-002
    362.34082   9.41960864E-002
    362.48915   9.37911139E-002
    362.63748   9.33877086E-002
    362.78581   9.29858658E-002
    362.93414   9.25855810E-002
    363.08247   9.21868495E-002
    363.23080   9.17896667E-002
    363.37913   9.13940280E-002
    363.52746   9.09999288E-002
    363.67579   9.06073644E-002
    363.82413   9.02163303E-002
    363.97246   8.98268219E-002
    364.12079   8.94388345E-002
    364.26912   8.90523636E-002
    364.41745   8.86674046E-002
    364.56578   8.82839528E-002
    364.71411   8.79020038E-002
    364.86244   8.75215530E-002
    365.01077   8.71425957E-002
    365.15910   8.67651274E-002
    365.30743   8.63891436E-002
    365.45576   8.60146396E-002
    365.60410   8.56416110E-002
    365.75243   8.52700531E-002
    365.90076   8.48999615E-002
    366.04909   8.45313316E-002
    366.19742   8.41641588E-002
    366.34575   8.37984387E-002
    366.49408   8.34341667E-002
    366.64241   8.30713382E-002
    366.79074   8.27099488E-002
    366.93907   8.23499940E-002
    367.08740   8.19914692E-002
    367.23573   8.16343700E-002
    367.38407   8.12786918E-002
    367.53240   8.09244302E-002
    367.68073   8.05715807E-002
    367.82906   8.02201388E-002
    367.97739   7.98701000E-002
    368.12572   7.95214599E-002
    368.27405   7.91742139E-002
    368.42238   7.88283578E-002
    368.57071   7.84838869E-002
    368.71904   7.81407969E-002
    368.86737   7.77990833E-002
    369.01570   7.74587416E-002
    369.16404   7.71197676E-002
    369.31237   7.67821567E-002
    369.46070   7.64459044E-002
    369.60903   7.61110066E-002
    369.75736   7.57774586E-002
    369.90569   7.54452561E-002
    370.05402   7.51143948E-002
    370.20235   7.47848702E-002
    370.35068   7.44566780E-002
    370.49901   7.41298138E-002
    370.64734   7.38042732E-002
    370.79567   7.34800519E-002
    370.94401   7.31571456E-002
    371.09234   7.28355498E-002
    371.24067   7.25152603E-002
    371.38900   7.21962727E-002
    371.53733   7.18785827E-002
    371.68566   7.15621860E-002
    371.83399   7.12470783E-002
    371.98232   7.09332552E-002
    372.13065   7.06207125E-002
    372.27898   7.03094460E-002
    372.42731   6.99994512E-002
    372.57564   6.96907240E-002
    372.72398   6.93832600E-002
    372.87231   6.90770551E-002
    373.02064   6.87721049E-002
    373.16897   6.84684052E-002
    373.31730   6.81659518E-002
    373.46563   6.78647405E-002
    373.61396   6.75647670E-002
    373.76229   6.72660271E-002
    373.91062   6.69685166E-002
    374.05895   6.66722313E-002
    374.20728   6.63771670E-002
    374.35561   6.60833196E-002
    374.50395   6.57906848E-002
    374.65228   6.54992585E-002
    374.80061   6.52090366E-002
    374.94894   6.49200148E-002
    375.09727   6.46321890E-002
    375.24560   6.43455551E-002
    375.39393   6.40601090E-002
    375.54226   6.37758465E-002
    375.69059   6.34927636E-002
    375.83892   6.32108560E-002
    375.98725   6.29301198E-002
    376.13558   6.26505508E-002
    376.28391   6.23721450E-002
    376.43225   6.20948982E-002
    376.58058   6.18188065E-002
    376.72891   6.15438657E-002
    376.87724   6.12700718E-002
    377.02557   6.09974208E-002
    377.17390   6.07259087E-002
    377.32223   6.04555313E-002
    377.47056   6.01862847E-002
    377.61889   5.99181649E-002
    377.76722   5.96511680E-002
    377.91555   5.93852898E-002
    378.06388   5.91205264E-002
    378.21222   5.88568739E-002
    378.36055   5.85943282E-002
    378.50888   5.83328855E-002
    378.65721   5.80725418E-002
    378.80554   5.78132931E-002
    378.95387   5.75551355E-002
    379.10220   5.72980651E-002
    379.25053   5.70420780E-002
    379.39886   5.67871702E-002
    379.54719   5.65333379E-002
    379.69552   5.62805772E-002
    379.84385   5.60288843E-002
    379.99219   5.57782551E-002
    380.14052   5.55286859E-002
    380.28885   5.52801729E-002
    380.43718   5.50327122E-002
    380.58551   5.47862999E-002
    380.73384   5.45409322E-002
    380.88217   5.42966053E-002
    381.03050   5.40533155E-002
    381.17883   5.38110588E-002
    381.32716   5.35698316E-002
    381.47549   5.33296300E-002
    381.62382   5.30904502E-002
    381.77216   5.28522886E-002
    381.92049   5.26151413E-002
    382.06882   5.23790046E-002
    382.21715   5.21438748E-002
    382.36548   5.19097481E-002
    382.51381   5.16766209E-002
    382.66214   5.14444894E-002
    382.81047   5.12133499E-002
    382.95880   5.09831987E-002
    383.10713   5.07540322E-002
    383.25546   5.05258466E-002
    383.40379   5.02986384E-002
    383.55213   5.00724038E-002
    383.70046   4.98471393E-002
    383.84879   4.96228411E-002
    383.99712   4.93995057E-002
    384.14545   4.91771294E-002
    384.29378   4.89557087E-002
    384.44211   4.87352399E-002
    384.59044   4.85157195E-002
    384.73877   4.82971438E-002
    384.88710   4.80795094E-002
    385.03543   4.78628126E-002
    385.18376   4.76470498E-002
    385.33210   4.74322177E-002
    385.48043   4.72183125E-002
    385.62876   4.70053308E-002
    385.77709   4.67932691E-002
    385.92542   4.65821239E-002
    386.07375   4.63718917E-002
    386.22208   4.61625689E-002
    386.37041   4.59541522E-002
    386.51874   4.57466381E-002
    386.66707   4.55400230E-002
    386.81540   4.53343035E-002
    386.96373   4.51294763E-002
    387.11207   4.49255379E-002
    387.26040   4.47224848E-002
    387.40873   4.45203136E-002
    387.55706   4.43190210E-002
    387.70539   4.41186036E-002
    387.85372   4.39190579E-002
    388.00205   4.37203806E-002
    388.15038   4.35225684E-002
    388.29871   4.33256178E-002
    388.44704   4.31295256E-002
    388.59537   4.29342884E-002
    388.74370   4.27399029E-002
    388.89204   4.25463657E-002
    389.04037   4.23536735E-002
    389.18870   4.21618231E-002
    389.33703   4.19708112E-002
    389.48536   4.17806345E-002
    389.63369   4.15912897E-002
    389.78202   4.14027736E-002
    389.93035   4.12150828E-002
    390.07868   4.10282142E-002
    390.22701   4.08421646E-002
    390.37534   4.06569307E-002
    390.52367   4.04725093E-002
    390.67200   4.02888972E-002
    390.82034   4.01060912E-002
    390.96867   3.99240881E-002
    391.11700   3.97428847E-002
    391.26533   3.95624780E-002
    391.41366   3.93828646E-002
    391.56199   3.92040416E-002
    391.71032   3.90260057E-002
    391.85865   3.88487538E-002
    392.00698   3.86722828E-002
    392.15531   3.84965896E-002
    392.30364   3.83216711E-002
    392.45197   3.81475241E-002
    392.60031   3.79741457E-002
    392.74864   3.78015328E-002
    392.89697   3.76296822E-002
    393.04530   3.74585910E-002
    393.19363   3.72882560E-002
    393.34196   3.71186743E-002
    393.49029   3.69498429E-002
    393.63862   3.67817586E-002
    393.78695   3.66144186E-002
    393.93528   3.64478198E-002
    394.08361   3.62819592E-002
    394.23194   3.61168339E-002
    394.38028   3.59524408E-002
    394.52861   3.57887771E-002
    394.67694   3.56258397E-002
    394.82527   3.54636258E-002
    394.97360   3.53021324E-002
    395.12193   3.51413565E-002
    395.27026   3.49812954E-002
    395.41859   3.48219460E-002
    395.56692   3.46633054E-002
    395.71525   3.45053709E-002
    395.86358   3.43481395E-002
    396.01191   3.41916083E-002
    396.16025   3.40357745E-002
    396.30858   3.38806352E-002
    396.45691   3.37261877E-002
    396.60524   3.35724290E-002
    396.75357   3.34193564E-002
    396.90190   3.32669670E-002
    397.05023   3.31152581E-002
    397.19856   3.29642268E-002
    397.34689   3.28138704E-002
    397.49522   3.26641860E-002
    397.64355   3.25151710E-002
    397.79188   3.23668226E-002
    397.94022   3.22191380E-002
    398.08855   3.20721144E-002
    398.23688   3.19257492E-002
    398.38521   3.17800397E-002
    398.53354   3.16349831E-002
    398.68187   3.14905767E-002
    398.83020   3.13468179E-002
    398.97853   3.12037038E-002
    399.12686   3.10612320E-002
    399.27519   3.09193997E-002
    399.42352   3.07782042E-002
    399.57185   3.06376430E-002
    399.72019   3.04977132E-002
    399.86852   3.03584125E-002
    400.01685   3.02197380E-002
    400.16518   3.00816873E-002
    400.31351   2.99442576E-002
    400.46184   2.98074465E-002
    400.61017   2.96712513E-002
    400.75850   2.95356694E-002
    400.90683   2.94006983E-002
    401.05516   2.92663355E-002
    401.20349   2.91325783E-002
    401.35182   2.89994242E-002
    401.50016   2.88668707E-002
    401.64849   2.87349153E-002
    401.79682   2.86035555E-002
    401.94515   2.84727887E-002
    402.09348   2.83426125E-002
    402.24181   2.82130243E-002
    402.39014   2.80840217E-002
    402.53847   2.79556023E-002
    402.68680   2.78277635E-002
    402.83513   2.77005029E-002
    402.98346   2.75738180E-002
    403.13179   2.74477065E-002
    403.28013   2.73221659E-002
    403.42846   2.71971937E-002
    403.57679   2.70727876E-002
    403.72512   2.69489452E-002
    403.87345   2.68256640E-002
    404.02178   2.67029417E-002
    404.17011   2.65807760E-002
    404.31844   2.64591643E-002
    404.46677   2.63381045E-002
    404.61510   2.62175940E-002
    404.76343   2.60976307E-002
    404.91176   2.59782121E-002
    405.06010   2.58593359E-002
    405.20843   2.57409999E-002
    405.35676   2.56232016E-002
    405.50509   2.55059388E-002
    405.65342   2.53892093E-002
    405.80175   2.52730106E-002
    405.95008   2.51573407E-002
    406.09841   2.50421970E-002
    406.24674   2.49275776E-002
    406.39507   2.48134799E-002
    406.54340   2.46999020E-002
    406.69173   2.45868414E-002
    406.84006   2.44742959E-002
    406.98840   2.43622635E-002
    407.13673   2.42507417E-002
    407.28506   2.41397285E-002
    407.43339   2.40292217E-002
    407.58172   2.39192190E-002
    407.73005   2.38097183E-002
    407.87838   2.37007174E-002
    408.02671   2.35922141E-002
    408.17504   2.34842064E-002
    408.32337   2.33766920E-002
    408.47170   2.32696688E-002
    408.62003   2.31631347E-002
    408.76837   2.30570876E-002
    408.91670   2.29515253E-002
    409.06503   2.28464458E-002
    409.21336   2.27418470E-002
    409.36169   2.26377267E-002
    409.51002   2.25340828E-002
    409.65835   2.24309134E-002
    409.80668   2.23282164E-002
    409.95501   2.22259896E-002
    410.10334   2.21242310E-002
    410.25167   2.20229387E-002
    410.40000   2.19221104E-002
    410.54834   2.18217444E-002
    410.69667   2.17218384E-002
    410.84500   2.16223905E-002
    410.99333   2.15233988E-002
    411.14166   2.14248611E-002
    411.28999   2.13267755E-002
    411.43832   2.12291401E-002
    411.58665   2.11319528E-002
    411.73498   2.10352117E-002
    411.88331   2.09389149E-002
    412.03164   2.08430603E-002
    412.17997   2.07476460E-002
    412.32831   2.06526702E-002
    412.47664   2.05581309E-002
    412.62497   2.04640261E-002
    412.77330   2.03703539E-002
    412.92163   2.02771125E-002
    413.06996   2.01842999E-002
    413.21829   2.00919142E-002
    413.36662   1.99999537E-002
    413.51495   1.99084163E-002
    413.66328   1.98173002E-002
    413.81161   1.97266036E-002
    413.95994   1.96363246E-002
    414.10828   1.95464613E-002
    414.25661   1.94570119E-002
    414.40494   1.93679747E-002
    414.55327   1.92793477E-002
    414.70160   1.91911291E-002
    414.84993   1.91033172E-002
    414.99826   1.90159100E-002
    415.14659   1.89289059E-002
    415.29492   1.88423031E-002
    415.44325   1.87560997E-002
    415.59158   1.86702940E-002
    415.73991   1.85848842E-002
    415.88825   1.84998685E-002
    416.03658   1.84152453E-002
    416.18491   1.83310126E-002
    416.33324   1.82471689E-002
    416.48157   1.81637124E-002
    416.62990   1.80806413E-002
    416.77823   1.79979540E-002
    416.92656   1.79156486E-002
    417.07489   1.78337236E-002
    417.22322   1.77521772E-002
    417.37155   1.76710077E-002
    417.51988   1.75902134E-002
    417.66822   1.75097927E-002
    417.81655   1.74297438E-002
    417.96488   1.73500652E-002
    418.11321   1.72707551E-002
    418.26154   1.71918120E-002
    418.40987   1.71132341E-002
    418.55820   1.70350198E-002
    418.70653   1.69571675E-002
    418.85486   1.68796756E-002
    419.00319   1.68025425E-002
    419.15152   1.67257664E-002
    419.29985   1.66493459E-002
    419.44819   1.65732794E-002
    419.59652   1.64975651E-002
    419.74485   1.64222017E-002
    419.89318   1.63471873E-002
    420.04151   1.62725206E-002
    420.18984   1.61982000E-002
    420.33817   1.61242238E-002
    420.48650   1.60505905E-002
    420.63483   1.59772986E-002
    420.78316   1.59043465E-002
    420.93149   1.58317328E-002
    421.07982   1.57594558E-002
    421.22815   1.56875140E-002
    421.37649   1.56159060E-002
    421.52482   1.55446302E-002
    421.67315   1.54736851E-002
    421.82148   1.54030693E-002
    421.96981   1.53327811E-002
    422.11814   1.52628193E-002
    422.26647   1.51931822E-002
    422.41480   1.51238684E-002
    422.56313   1.50548764E-002
    422.71146   1.49862048E-002
    422.85979   1.49178521E-002
    423.00812   1.48498168E-002
    423.15646   1.47820976E-002
    423.30479   1.47146930E-002
    423.45312   1.46476016E-002
    423.60145   1.45808219E-002
    423.74978   1.45143525E-002
    423.89811   1.44481920E-002
    424.04644   1.43823390E-002
    424.19477   1.43167921E-002
    424.34310   1.42515499E-002
    424.49143   1.41866111E-002
    424.63976   1.41219741E-002
    424.78809   1.40576378E-002
    424.93643   1.39936006E-002
    425.08476   1.39298612E-002
    425.23309   1.38664183E-002
    425.38142   1.38032705E-002
    425.52975   1.37404165E-002
    425.67808   1.36778549E-002
    425.82641   1.36155843E-002
    425.97474   1.35536035E-002
    426.12307   1.34919112E-002
    426.27140   1.34305059E-002
    426.41973   1.33693865E-002
    426.56806   1.33085515E-002
    426.71640   1.32479997E-002
    426.86473   1.31877298E-002
    427.01306   1.31277404E-002
    427.16139   1.30680304E-002
    427.30972   1.30085984E-002
    427.45805   1.29494432E-002
    427.60638   1.28905634E-002
    427.75471   1.28319578E-002
    427.90304   1.27736252E-002
    428.05137   1.27155643E-002
    428.19970   1.26577739E-002
    428.34803   1.26002526E-002
    428.49637   1.25429993E-002
    428.64470   1.24860128E-002
    428.79303   1.24292918E-002
    428.94136   1.23728350E-002
    429.08969   1.23166414E-002
    429.23802   1.22607096E-002
    429.38635   1.22050384E-002
    429.53468   1.21496267E-002
    429.68301   1.20944733E-002
    429.83134   1.20395769E-002
    429.97967   1.19849365E-002
    430.12800   1.19305507E-002
    430.27634   1.18764184E-002
    430.42467   1.18225385E-002
    430.57300   1.17689098E-002
    430.72133   1.17155312E-002
    430.86966   1.16624014E-002
    431.01799   1.16095193E-002
    431.16632   1.15568839E-002
    431.31465   1.15044938E-002
    431.46298   1.14523481E-002
    431.61131   1.14004456E-002
    431.75964   1.13487851E-002
    431.90797   1.12973655E-002
    432.05631   1.12461858E-002
    432.20464   1.11952447E-002
    432.35297   1.11445413E-002
    432.50130   1.10940744E-002
    432.64963   1.10438429E-002
    432.79796   1.09938456E-002
    432.94629   1.09440817E-002
    433.09462   1.08945498E-002
    433.24295   1.08452491E-002
    433.39128   1.07961783E-002
    433.53961   1.07473364E-002
    433.68794   1.06987225E-002
    433.83628   1.06503353E-002
    433.98461   1.06021739E-002
    434.13294   1.05542372E-002
    434.28127   1.05065242E-002
    434.42960   1.04590337E-002
    434.57793   1.04117649E-002
    434.72626   1.03647166E-002
    434.87459   1.03178879E-002
    435.02292   1.02712777E-002
    435.17125   1.02248849E-002
    435.31958   1.01787087E-002
    435.46791   1.01327479E-002
    435.61624   1.00870016E-002
    435.76458   1.00414688E-002
    435.91291   9.99614842E-003
    436.06124   9.95103955E-003
    436.20957   9.90614119E-003
    436.35790   9.86145234E-003
    436.50623   9.81697204E-003
    436.65456   9.77269930E-003
    436.80289   9.72863317E-003
    436.95122   9.68477268E-003
    437.09955   9.64111687E-003
    437.24788   9.59766478E-003
    437.39621   9.55441547E-003
    437.54455   9.51136798E-003
    437.69288   9.46852137E-003
    437.84121   9.42587471E-003
    437.98954   9.38342706E-003
    438.13787   9.34117749E-003
    438.28620   9.29912507E-003
    438.43453   9.25726889E-003
    438.58286   9.21560802E-003
    438.73119   9.17414156E-003
    438.87952   9.13286858E-003
    439.02785   9.09178820E-003
    439.17618   9.05089950E-003
    439.32452   9.01020159E-003
    439.47285   8.96969357E-003
    439.62118   8.92937456E-003
    439.76951   8.88924367E-003
    439.91784   8.84930002E-003
    440.06617   8.80954274E-003
    440.21450   8.76997094E-003
    440.36283   8.73058377E-003
    440.51116   8.69138034E-003
    440.65949   8.65235982E-003
    440.80782   8.61352132E-003
    440.95615   8.57486401E-003
    441.10449   8.53638703E-003
    441.25282   8.49808954E-003
    441.40115   8.45997069E-003
    441.54948   8.42202965E-003
    441.69781   8.38426557E-003
    441.84614   8.34667764E-003
    441.99447   8.30926502E-003
    442.14280   8.27202689E-003
    442.29113   8.23496242E-003
    442.43946   8.19807082E-003
    442.58779   8.16135125E-003
    442.73612   8.12480292E-003
    442.88446   8.08842501E-003
    443.03279   8.05221673E-003
    443.18112   8.01617729E-003
    443.32945   7.98030587E-003
    443.47778   7.94460171E-003
    443.62611   7.90906400E-003
    443.77444   7.87369197E-003
    443.92277   7.83848483E-003
    444.07110   7.80344182E-003
    444.21943   7.76856215E-003
    444.36776   7.73384506E-003
    444.51609   7.69928979E-003
    444.66443   7.66489557E-003
    444.81276   7.63066164E-003
    444.96109   7.59658725E-003
    445.10942   7.56267164E-003
    445.25775   7.52891408E-003
    445.40608   7.49531380E-003
    445.55441   7.46187009E-003
    445.70274   7.42858218E-003
    445.85107   7.39544936E-003
    445.99940   7.36247089E-003
    446.14773   7.32964604E-003
    446.29606   7.29697408E-003
    446.44440   7.26445431E-003
    446.59273   7.23208599E-003
    446.74106   7.19986841E-003
    446.88939   7.16780087E-003
    447.03772   7.13588266E-003
    447.18605   7.10411306E-003
    447.33438   7.07249139E-003
    447.48271   7.04101693E-003
    447.63104   7.00968900E-003
    447.77937   6.97850690E-003
    447.92770   6.94746995E-003
    448.07603   6.91657747E-003
    448.22437   6.88582875E-003
    448.37270   6.85522314E-003
    448.52103   6.82475995E-003
    448.66936   6.79443851E-003
    448.81769   6.76425815E-003
    448.96602   6.73421821E-003
    449.11435   6.70431801E-003
    449.26268   6.67455691E-003
    449.41101   6.64493423E-003
    449.55934   6.61544934E-003
    449.70767   6.58610157E-003
    449.85600   6.55689028E-003
    450.00433   6.52781482E-003
    450.15267   6.49887455E-003
    450.30100   6.47006884E-003
    450.44933   6.44139704E-003
    450.59766   6.41285852E-003
    450.74599   6.38445265E-003
    450.89432   6.35617880E-003
    451.04265   6.32803635E-003
    451.19098   6.30002468E-003
    451.33931   6.27214317E-003
    451.48764   6.24439120E-003
    451.63597   6.21676815E-003
    451.78430   6.18927343E-003
    451.93264   6.16190642E-003
    452.08097   6.13466651E-003
    452.22930   6.10755311E-003
    452.37763   6.08056561E-003
    452.52596   6.05370342E-003
    452.67429   6.02696595E-003
    452.82262   6.00035260E-003
    452.97095   5.97386279E-003
    453.11928   5.94749594E-003
    453.26761   5.92125145E-003
    453.41594   5.89512875E-003
    453.56427   5.86912727E-003
    453.71261   5.84324642E-003
    453.86094   5.81748564E-003
    454.00927   5.79184436E-003
    454.15760   5.76632201E-003
    454.30593   5.74091803E-003
    454.45426   5.71563186E-003
    454.60259   5.69046293E-003
    454.75092   5.66541070E-003
    454.89925   5.64047460E-003
    455.04758   5.61565410E-003
    455.19591   5.59094863E-003
    455.34424   5.56635767E-003
    455.49258   5.54188065E-003
    455.64091   5.51751705E-003
    455.78924   5.49326632E-003
    455.93757   5.46912793E-003
    456.08590   5.44510135E-003
    456.23423   5.42118604E-003
    456.38256   5.39738148E-003
    456.53089   5.37368715E-003
    456.67922   5.35010251E-003
    456.82755   5.32662705E-003
    456.97588   5.30326026E-003
    457.12421   5.28000161E-003
    457.27255   5.25685060E-003
    457.42088   5.23380671E-003
    457.56921   5.21086943E-003
    457.71754   5.18803826E-003
    457.86587   5.16531270E-003
    458.01420   5.14269224E-003
    458.16253   5.12017639E-003
    458.31086   5.09776464E-003
    458.45919   5.07545651E-003
    458.60752   5.05325150E-003
    458.75585   5.03114913E-003
    458.90418   5.00914890E-003
    459.05252   4.98725033E-003
    459.20085   4.96545294E-003
    459.34918   4.94375626E-003
    459.49751   4.92215979E-003
    459.64584   4.90066306E-003
    459.79417   4.87926561E-003
    459.94250   4.85796696E-003
    460.09083   4.83676664E-003
    460.23916   4.81566419E-003
    460.38749   4.79465913E-003
    460.53582   4.77375101E-003
    460.68415   4.75293937E-003
    460.83249   4.73222375E-003
    460.98082   4.71160369E-003
    461.12915   4.69107874E-003
    461.27748   4.67064845E-003
    461.42581   4.65031237E-003
    461.57414   4.63007005E-003
    461.72247   4.60992105E-003
    461.87080   4.58986492E-003
    462.01913   4.56990122E-003
    462.16746   4.55002951E-003
    462.31579   4.53024936E-003
    462.46412   4.51056034E-003
    462.61246   4.49096200E-003
    462.76079   4.47145392E-003
    462.90912   4.45203567E-003
    463.05745   4.43270682E-003
    463.20578   4.41346696E-003
    463.35411   4.39431564E-003
    463.50244   4.37525247E-003
    463.65077   4.35627701E-003
    463.79910   4.33738885E-003
    463.94743   4.31858758E-003
    464.09576   4.29987279E-003
    464.24409   4.28124405E-003
    464.39243   4.26270097E-003
    464.54076   4.24424314E-003
    464.68909   4.22587015E-003
    464.83742   4.20758160E-003
    464.98575   4.18937709E-003
    465.13408   4.17125623E-003
    465.28241   4.15321860E-003
    465.43074   4.13526382E-003
    465.57907   4.11739150E-003
    465.72740   4.09960124E-003
    465.87573   4.08189265E-003
    466.02406   4.06426535E-003
    466.17239   4.04671895E-003
    466.32073   4.02925306E-003
    466.46906   4.01186731E-003
    466.61739   3.99456131E-003
    466.76572   3.97733469E-003
    466.91405   3.96018706E-003
    467.06238   3.94311806E-003
    467.21071   3.92612730E-003
    467.35904   3.90921443E-003
    467.50737   3.89237906E-003
    467.65570   3.87562083E-003
    467.80403   3.85893938E-003
    467.95236   3.84233433E-003
    468.10070   3.82580534E-003
    468.24903   3.80935203E-003
    468.39736   3.79297405E-003
    468.54569   3.77667103E-003
    468.69402   3.76044264E-003
    468.84235   3.74428850E-003
    468.99068   3.72820826E-003
    469.13901   3.71220159E-003
    469.28734   3.69626812E-003
    469.43567   3.68040752E-003
    469.58400   3.66461943E-003
    469.73233   3.64890350E-003
    469.88067   3.63325941E-003
    470.02900   3.61768681E-003
    470.17733   3.60218535E-003
    470.32566   3.58675470E-003
    470.47399   3.57139453E-003
    470.62232   3.55610450E-003
    470.77065   3.54088428E-003
    470.91898   3.52573354E-003
    471.06731   3.51065194E-003
    471.21564   3.49563916E-003
    471.36397   3.48069488E-003
    471.51230   3.46581876E-003
    471.66064   3.45101049E-003
    471.80897   3.43626974E-003
    471.95730   3.42159620E-003
    472.10563   3.40698954E-003
    472.25396   3.39244945E-003
    472.40229   3.37797561E-003
    472.55062   3.36356771E-003
    472.69895   3.34922543E-003
    472.84728   3.33494847E-003
    472.99561   3.32073652E-003
    473.14394   3.30658926E-003
    473.29227   3.29250639E-003
    473.44061   3.27848761E-003
    473.58894   3.26453260E-003
    473.73727   3.25064108E-003
    473.88560   3.23681274E-003
    474.03393   3.22304727E-003
    474.18226   3.20934439E-003
    474.33059   3.19570379E-003
    474.47892   3.18212518E-003
    474.62725   3.16860827E-003
    474.77558   3.15515276E-003
    474.92391   3.14175837E-003
    475.07224   3.12842480E-003
    475.22058   3.11515176E-003
    475.36891   3.10193898E-003
    475.51724   3.08878616E-003
    475.66557   3.07569302E-003
    475.81390   3.06265927E-003
    475.96223   3.04968465E-003
    476.11056   3.03676886E-003
    476.25889   3.02391163E-003
    476.40722   3.01111268E-003
    476.55555   2.99837173E-003
    476.70388   2.98568852E-003
    476.85221   2.97306276E-003
    477.00055   2.96049420E-003
    477.14888   2.94798254E-003
    477.29721   2.93552753E-003
    477.44554   2.92312891E-003
    477.59387   2.91078639E-003
    477.74220   2.89849972E-003
    477.89053   2.88626863E-003
    478.03886   2.87409286E-003
    478.18719   2.86197215E-003
    478.33552   2.84990624E-003
    478.48385   2.83789487E-003
    478.63218   2.82593778E-003
    478.78052   2.81403471E-003
    478.92885   2.80218541E-003
    479.07718   2.79038963E-003
    479.22551   2.77864710E-003
    479.37384   2.76695759E-003
    479.52217   2.75532084E-003
    479.67050   2.74373660E-003
    479.81883   2.73220463E-003
    479.96716   2.72072467E-003
    480.11549   2.70929648E-003
    480.26382   2.69791981E-003
    480.41215   2.68659443E-003
    480.56048   2.67532009E-003
    480.70882   2.66409655E-003
    480.85715   2.65292357E-003
    481.00548   2.64180091E-003
    481.15381   2.63072834E-003
    481.30214   2.61970561E-003
    481.45047   2.60873249E-003
    481.59880   2.59780876E-003
    481.74713   2.58693416E-003
    481.89546   2.57610849E-003
    482.04379   2.56533149E-003
    482.19212   2.55460295E-003
    482.34045   2.54392263E-003
    482.48879   2.53329031E-003
    482.63712   2.52270577E-003
    482.78545   2.51216876E-003
    482.93378   2.50167908E-003
    483.08211   2.49123650E-003
    483.23044   2.48084080E-003
    483.37877   2.47049175E-003
    483.52710   2.46018914E-003
    483.67543   2.44993275E-003
    483.82376   2.43972235E-003
    483.97209   2.42955774E-003
    484.12042   2.41943870E-003
    484.26876   2.40936501E-003
    484.41709   2.39933646E-003
    484.56542   2.38935283E-003
    484.71375   2.37941393E-003
    484.86208   2.36951952E-003
    485.01041   2.35966942E-003
    485.15874   2.34986340E-003
    485.30707   2.34010126E-003
    485.45540   2.33038279E-003
    485.60373   2.32070779E-003
    485.75206   2.31107606E-003
    485.90039   2.30148739E-003
    486.04873   2.29194157E-003
    486.19706   2.28243841E-003
    486.34539   2.27297770E-003
    486.49372   2.26355926E-003
    486.64205   2.25418286E-003
    486.79038   2.24484833E-003
    486.93871   2.23555547E-003
    487.08704   2.22630407E-003
    487.23537   2.21709394E-003
    487.38370   2.20792489E-003
    487.53203   2.19879673E-003
    487.68036   2.18970926E-003
    487.82870   2.18066229E-003
    487.97703   2.17165564E-003
    488.12536   2.16268911E-003
    488.27369   2.15376252E-003
    488.42202   2.14487567E-003
    488.57035   2.13602839E-003
    488.71868   2.12722048E-003
    488.86701   2.11845176E-003
    489.01534   2.10972205E-003
    489.16367   2.10103117E-003
    489.31200   2.09237893E-003
    489.46033   2.08376515E-003
    489.60867   2.07518964E-003
    489.75700   2.06665225E-003
    489.90533   2.05815277E-003
    490.05366   2.04969104E-003
    490.20199   2.04126688E-003
    490.35032   2.03288011E-003
    490.49865   2.02453056E-003
    490.64698   2.01621805E-003
    490.79531   2.00794241E-003
    490.94364   1.99970346E-003
    491.09197   1.99150105E-003
    491.24030   1.98333499E-003
    491.38864   1.97520511E-003
    491.53697   1.96711124E-003
    491.68530   1.95905323E-003
    491.83363   1.95103089E-003
    491.98196   1.94304406E-003
    492.13029   1.93509258E-003
    492.27862   1.92717628E-003
    492.42695   1.91929500E-003
    492.57528   1.91144857E-003
    492.72361   1.90363683E-003
    492.87194   1.89585962E-003
    493.02027   1.88811677E-003
    493.16861   1.88040813E-003
    493.31694   1.87273353E-003
    493.46527   1.86509282E-003
    493.61360   1.85748584E-003
    493.76193   1.84991244E-003
    493.91026   1.84237244E-003
    494.05859   1.83486571E-003
    494.20692   1.82739208E-003
    494.35525   1.81995139E-003
    494.50358   1.81254351E-003
    494.65191   1.80516826E-003
    494.80024   1.79782551E-003
    494.94857   1.79051509E-003
    495.09691   1.78323687E-003
    495.24524   1.77599068E-003
    495.39357   1.76877637E-003
    495.54190   1.76159381E-003
    495.69023   1.75444284E-003
    495.83856   1.74732332E-003
    495.98689   1.74023510E-003
    496.13522   1.73317802E-003
    496.28355   1.72615196E-003
    496.43188   1.71915676E-003
    496.58021   1.71219228E-003
    496.72854   1.70525837E-003
    496.87688   1.69835490E-003
    497.02521   1.69148173E-003
    497.17354   1.68463870E-003
    497.32187   1.67782569E-003
    497.47020   1.67104255E-003
    497.61853   1.66428914E-003
    497.76686   1.65756533E-003
    497.91519   1.65087098E-003
    498.06352   1.64420594E-003
    498.21185   1.63757010E-003
    498.36018   1.63096330E-003
    498.50851   1.62438541E-003
    498.65685   1.61783631E-003
    498.80518   1.61131585E-003
    498.95351   1.60482391E-003
    499.10184   1.59836034E-003
    499.25017   1.59192503E-003
    499.39850   1.58551783E-003
    499.54683   1.57913862E-003
    499.69516   1.57278727E-003
    499.84349   1.56646365E-003
    499.99182   1.56016763E-003
    500.14015   1.55389909E-003
    500.28848   1.54765788E-003
    500.43682   1.54144390E-003
    500.58515   1.53525701E-003
    500.73348   1.52909708E-003
    500.88181   1.52296400E-003
    501.03014   1.51685764E-003
    501.17847   1.51077786E-003
    501.32680   1.50472457E-003
    501.47513   1.49869761E-003
    501.62346   1.49269689E-003
    501.77179   1.48672227E-003
    501.92012   1.48077363E-003
    502.06845   1.47485086E-003
    502.21679   1.46895384E-003
    502.36512   1.46308244E-003
    502.51345   1.45723655E-003
    502.66178   1.45141604E-003
    502.81011   1.44562081E-003
    502.95844   1.43985074E-003
    503.10677   1.43410570E-003
    503.25510   1.42838559E-003
    503.40343   1.42269029E-003
    503.55176   1.41701968E-003
    503.70009   1.41137365E-003
    503.84842   1.40575208E-003
    503.99676   1.40015488E-003
    504.14509   1.39458191E-003
    504.29342   1.38903307E-003
    504.44175   1.38350825E-003
    504.59008   1.37800734E-003
    504.73841   1.37253023E-003
    504.88674   1.36707681E-003
    505.03507   1.36164696E-003
    505.18340   1.35624059E-003
