     89.17445   1.36458085E-017
     89.48656   3.06266489E-017
     89.79867   6.77531971E-017
     90.11078   1.47773563E-016
     90.42289   3.17837302E-016
     90.73500   6.74305566E-016
     91.04711   1.41140958E-015
     91.35922   2.91536296E-015
     91.67133   5.94391319E-015
     91.98344   1.19643127E-014
     92.29555   2.37811035E-014
     92.60766   4.66871087E-014
     92.91977   9.05467359E-014
     93.23188   1.73519366E-013
     93.54399   3.28631616E-013
     93.85610   6.15236812E-013
     94.16821   1.13875604E-012
     94.48032   2.08428367E-012
     94.79243   3.77312855E-012
     95.10454   6.75685334E-012
     95.41665   1.19719137E-011
     95.72876   2.09911189E-011
     96.04087   3.64280493E-011
     96.35298   6.25804474E-011
     96.66509   1.06442891E-010
     96.97720   1.79283986E-010
     97.28931   2.99077373E-010
     97.60142   4.94210560E-010
     97.91353   8.09086442E-010
     98.22564   1.31249954E-009
     98.53775   2.11003915E-009
     98.84986   3.36227854E-009
     99.16197   5.31119595E-009
     99.47408   8.31819355E-009
     99.78619   1.29183000E-008
    100.09830   1.98967414E-008
    100.41041   3.03961382E-008
    100.72252   4.60652471E-008
    101.03463   6.92635398E-008
    101.34674   1.03340148E-007
    101.65885   1.53010960E-007
    101.97096   2.24864106E-007
    102.28307   3.28031912E-007
    102.59518   4.75076782E-007
    102.90729   6.83149633E-007
    103.21940   9.75492578E-007
    103.53151   1.38337266E-006
    103.84362   1.94855074E-006
    104.15573   2.72640918E-006
    104.46784   3.78988363E-006
    104.77995   5.23436801E-006
    105.09206   7.18378751E-006
    105.40417   9.79806152E-006
    105.71628   1.32822069E-005
    106.02839   1.78973600E-005
    106.34050   2.39740262E-005
    106.65261   3.19278890E-005
    106.96472   4.22785409E-005
    107.27683   5.56715148E-005
    107.58894   7.29040139E-005
    107.90105   9.49547475E-005
    108.21316   1.23018283E-004
    108.52527   1.58544316E-004
    108.83738   2.03282250E-004
    109.14949   2.59331436E-004
    109.46160   3.29197391E-004
    109.77371   4.15854261E-004
    110.08582   5.22813701E-004
    110.39793   6.54200297E-004
    110.71004   8.14833515E-004
    111.02215   1.01031608E-003
    111.33426   1.24712851E-003
    111.64637   1.53272953E-003
    111.95849   1.87566162E-003
    112.27060   2.28566132E-003
    112.58271   2.77377308E-003
    112.89482   3.35246597E-003
    113.20693   4.03575181E-003
    113.51904   4.83930350E-003
    113.83115   5.78057205E-003
    114.14326   6.87890058E-003
    114.45537   8.15563360E-003
    114.76748   9.63421970E-003
    115.07959   1.13403056E-002
    115.39170   1.33018197E-002
    115.70381   1.55490428E-002
    116.01592   1.81146644E-002
    116.32803   2.10338220E-002
    116.64014   2.43441220E-002
    116.95225   2.80856397E-002
    117.26436   3.23008978E-002
    117.57647   3.70348202E-002
    117.88858   4.23346611E-002
    118.20069   4.82499084E-002
    118.51280   5.48321588E-002
    118.82491   6.21349663E-002
    119.13702   7.02136618E-002
    119.44913   7.91251457E-002
    119.76124   8.89276521E-002
    120.07335   9.96804867E-002
    120.38546   1.11443738E-001
    120.69757   1.24277967E-001
    121.00968   1.38243870E-001
    121.32179   1.53401922E-001
    121.63390   1.69812007E-001
    121.94601   1.87533026E-001
    122.25812   2.06622499E-001
    122.57023   2.27136148E-001
    122.88234   2.49127488E-001
    123.19445   2.72647406E-001
    123.50656   2.97743746E-001
    123.81867   3.24460894E-001
    124.13078   3.52839382E-001
    124.44289   3.82915500E-001
    124.75500   4.14720922E-001
    125.06711   4.48282360E-001
    125.37922   4.83621240E-001
    125.69133   5.20753403E-001
    126.00344   5.59688844E-001
    126.31555   6.00431481E-001
    126.62766   6.42978962E-001
    126.93977   6.87322511E-001
    127.25188   7.33446819E-001
    127.56399   7.81329970E-001
    127.87610   8.30943422E-001
    128.18821   8.82252023E-001
    128.50032   9.35214077E-001
    128.81243   9.89781451E-001
    129.12454   1.04589973E+000
    129.43665   1.10350842E+000
    129.74876   1.16254116E+000
    130.06087   1.22292602E+000
    130.37298   1.28458582E+000
    130.68509   1.34743845E+000
    130.99720   1.41139726E+000
    131.30931   1.47637146E+000
    131.62142   1.54226656E+000
    131.93353   1.60898479E+000
    132.24564   1.67642560E+000
    132.55775   1.74448609E+000
    132.86986   1.81306153E+000
    133.18197   1.88204583E+000
    133.49408   1.95133202E+000
    133.80619   2.02081272E+000
    134.11830   2.09038066E+000
    134.43041   2.15992908E+000
    134.74252   2.22935220E+000
    135.05463   2.29854566E+000
    135.36674   2.36740689E+000
    135.67885   2.43583551E+000
    135.99096   2.50373370E+000
    136.30307   2.57100648E+000
    136.61518   2.63756202E+000
    136.92729   2.70331195E+000
    137.23940   2.76817152E+000
    137.55151   2.83205983E+000
    137.86362   2.89490002E+000
    138.17573   2.95661934E+000
    138.48784   3.01714934E+000
    138.79995   3.07642584E+000
    139.11206   3.13438906E+000
    139.42417   3.19098356E+000
    139.73628   3.24615826E+000
    140.04839   3.29986641E+000
    140.36050   3.35206547E+000
    140.67261   3.40271709E+000
    140.98473   3.45178695E+000
    141.29684   3.49924466E+000
    141.60895   3.54506361E+000
    141.92106   3.58922084E+000
    142.23317   3.63169683E+000
    142.54528   3.67247539E+000
    142.85739   3.71154343E+000
    143.16950   3.74889081E+000
    143.48161   3.78451014E+000
    143.79372   3.81839662E+000
    144.10583   3.85054783E+000
    144.41794   3.88096358E+000
    144.73005   3.90964571E+000
    145.04216   3.93659796E+000
    145.35427   3.96182576E+000
    145.66638   3.98533615E+000
    145.97849   4.00713757E+000
    146.29060   4.02723979E+000
    146.60271   4.04565373E+000
    146.91482   4.06239143E+000
    147.22693   4.07746587E+000
    147.53904   4.09089094E+000
    147.85115   4.10268138E+000
    148.16326   4.11285264E+000
    148.47537   4.12142091E+000
    148.78748   4.12840306E+000
    149.09959   4.13381657E+000
    149.41170   4.13767957E+000
    149.72381   4.14001077E+000
    150.03592   4.14082950E+000
    150.34803   4.14015571E+000
    150.66014   4.13800993E+000
    150.97225   4.13441336E+000
    151.28436   4.12938785E+000
    151.59647   4.12295592E+000
    151.90858   4.11514081E+000
    152.22069   4.10596649E+000
    152.53280   4.09545771E+000
    152.84491   4.08364002E+000
    153.15702   4.07053979E+000
    153.46913   4.05618429E+000
    153.78124   4.04060166E+000
    154.09335   4.02382098E+000
    154.40546   4.00587225E+000
    154.71757   3.98678647E+000
    155.02968   3.96659561E+000
    155.34179   3.94533262E+000
    155.65390   3.92303148E+000
    155.96601   3.89972716E+000
    156.27812   3.87545564E+000
    156.59023   3.85025387E+000
    156.90234   3.82415981E+000
    157.21445   3.79721235E+000
    157.52656   3.76945131E+000
    157.83867   3.74091743E+000
    158.15078   3.71165228E+000
    158.46289   3.68169827E+000
    158.77500   3.65109854E+000
    159.08711   3.61989699E+000
    159.39922   3.58813812E+000
    159.71133   3.55586706E+000
    160.02344   3.52312941E+000
    160.33555   3.48997127E+000
    160.64766   3.45643907E+000
    160.95977   3.42257954E+000
    161.27188   3.38843962E+000
    161.58399   3.35406636E+000
    161.89610   3.31950687E+000
    162.20821   3.28480819E+000
    162.52032   3.25001722E+000
    162.83243   3.21518064E+000
    163.14454   3.18034478E+000
    163.45665   3.14555558E+000
    163.76876   3.11085848E+000
    164.08087   3.07629832E+000
    164.39298   3.04191927E+000
    164.70509   3.00776473E+000
    165.01720   2.97387725E+000
    165.32931   2.94029848E+000
    165.64142   2.90706902E+000
    165.95353   2.87422842E+000
    166.26564   2.84181507E+000
    166.57775   2.80986615E+000
    166.88986   2.77841753E+000
    167.20197   2.74750374E+000
    167.51408   2.71715791E+000
    167.82619   2.68741173E+000
    168.13830   2.65829534E+000
    168.45041   2.62983738E+000
    168.76252   2.60206487E+000
    169.07463   2.57500321E+000
    169.38674   2.54867615E+000
    169.69886   2.52310576E+000
    170.01097   2.49831241E+000
    170.32308   2.47431475E+000
    170.63519   2.45112969E+000
    170.94730   2.42877242E+000
    171.25941   2.40725638E+000
    171.57152   2.38659327E+000
    171.88363   2.36679304E+000
    172.19574   2.34786394E+000
    172.50785   2.32981249E+000
    172.81996   2.31264351E+000
    173.13207   2.29636016E+000
    173.44418   2.28096394E+000
    173.75629   2.26645471E+000
    174.06840   2.25283077E+000
    174.38051   2.24008882E+000
    174.69262   2.22822408E+000
    175.00473   2.21723024E+000
    175.31684   2.20709957E+000
    175.62895   2.19782295E+000
    175.94106   2.18938988E+000
    176.25317   2.18178858E+000
    176.56528   2.17500601E+000
    176.87739   2.16902790E+000
    177.18950   2.16383886E+000
    177.50161   2.15942238E+000
    177.81372   2.15576094E+000
    178.12583   2.15283599E+000
    178.43794   2.15062809E+000
    178.75005   2.14911690E+000
    179.06216   2.14828128E+000
    179.37427   2.14809935E+000
    179.68638   2.14854849E+000
    179.99849   2.14960549E+000
    180.31060   2.15124652E+000
    180.62271   2.15344726E+000
    180.93482   2.15618291E+000
    181.24693   2.15942827E+000
    181.55904   2.16315777E+000
    181.87115   2.16734558E+000
    182.18326   2.17196560E+000
    182.49537   2.17699156E+000
    182.80748   2.18239707E+000
    183.11959   2.18815563E+000
    183.43170   2.19424074E+000
    183.74381   2.20062591E+000
    184.05592   2.20728472E+000
    184.36803   2.21419087E+000
    184.68014   2.22131821E+000
    184.99225   2.22864082E+000
    185.30436   2.23613300E+000
    185.61647   2.24376937E+000
    185.92858   2.25152486E+000
    186.24069   2.25937477E+000
    186.55280   2.26729480E+000
    186.86491   2.27526110E+000
    187.17702   2.28325026E+000
    187.48913   2.29123940E+000
    187.80124   2.29920615E+000
    188.11335   2.30712870E+000
    188.42546   2.31498582E+000
    188.73757   2.32275689E+000
    189.04968   2.33042189E+000
    189.36179   2.33796147E+000
    189.67390   2.34535694E+000
    189.98601   2.35259026E+000
    190.29812   2.35964412E+000
    190.61023   2.36650189E+000
    190.92234   2.37314766E+000
    191.23445   2.37956625E+000
    191.54656   2.38574320E+000
    191.85867   2.39166481E+000
    192.17078   2.39731810E+000
    192.48289   2.40269085E+000
    192.79500   2.40777157E+000
    193.10711   2.41254953E+000
    193.41922   2.41701474E+000
    193.73133   2.42115794E+000
    194.04344   2.42497062E+000
    194.35555   2.42844500E+000
    194.66766   2.43157401E+000
    194.97977   2.43435132E+000
    195.29188   2.43677127E+000
    195.60399   2.43882893E+000
    195.91610   2.44052003E+000
    196.22821   2.44184100E+000
    196.54032   2.44278889E+000
    196.85243   2.44336143E+000
    197.16454   2.44355696E+000
    197.47665   2.44337444E+000
    197.78876   2.44281344E+000
    198.10087   2.44187408E+000
    198.41298   2.44055708E+000
    198.72510   2.43886368E+000
    199.03721   2.43679565E+000
    199.34932   2.43435529E+000
    199.66143   2.43154536E+000
    199.97354   2.42836911E+000
    200.28565   2.42483023E+000
    200.59776   2.42093285E+000
    200.90987   2.41668149E+000
    201.22198   2.41208109E+000
    201.53409   2.40713693E+000
    201.84620   2.40185465E+000
    202.15831   2.39624024E+000
    202.47042   2.39029996E+000
    202.78253   2.38404038E+000
    203.09464   2.37746836E+000
    203.40675   2.37059096E+000
    203.71886   2.36341551E+000
    204.03097   2.35594954E+000
    204.34308   2.34820076E+000
    204.65519   2.34017708E+000
    204.96730   2.33188652E+000
    205.27941   2.32333728E+000
    205.59152   2.31453766E+000
    205.90363   2.30549606E+000
    206.21574   2.29622097E+000
    206.52785   2.28672095E+000
    206.83996   2.27700461E+000
    207.15207   2.26708059E+000
    207.46418   2.25695757E+000
    207.77629   2.24664422E+000
    208.08840   2.23614922E+000
    208.40051   2.22548122E+000
    208.71262   2.21464884E+000
    209.02473   2.20366065E+000
    209.33684   2.19252519E+000
    209.64895   2.18125089E+000
    209.96106   2.16984615E+000
    210.27317   2.15831923E+000
    210.58528   2.14667835E+000
    210.89739   2.13493156E+000
    211.20950   2.12308685E+000
    211.52161   2.11115206E+000
    211.83372   2.09913489E+000
    212.14583   2.08704292E+000
    212.45794   2.07488358E+000
    212.77005   2.06266414E+000
    213.08216   2.05039173E+000
    213.39427   2.03807331E+000
    213.70638   2.02571568E+000
    214.01849   2.01332545E+000
    214.33060   2.00090907E+000
    214.64271   1.98847283E+000
    214.95482   1.97602281E+000
    215.26693   1.96356492E+000
    215.57904   1.95110490E+000
    215.89115   1.93864828E+000
    216.20326   1.92620043E+000
    216.51537   1.91376650E+000
    216.82748   1.90135148E+000
    217.13959   1.88896016E+000
    217.45170   1.87659713E+000
    217.76381   1.86426682E+000
    218.07592   1.85197345E+000
    218.38803   1.83972106E+000
    218.70014   1.82751350E+000
    219.01225   1.81535446E+000
    219.32436   1.80324742E+000
    219.63647   1.79119569E+000
    219.94858   1.77920241E+000
    220.26069   1.76727054E+000
    220.57280   1.75540286E+000
    220.88491   1.74360199E+000
    221.19702   1.73187039E+000
    221.50913   1.72021033E+000
    221.82124   1.70862396E+000
    222.13335   1.69711322E+000
    222.44546   1.68567996E+000
    222.75757   1.67432582E+000
    223.06968   1.66305233E+000
    223.38179   1.65186086E+000
    223.69390   1.64075267E+000
    224.00601   1.62972883E+000
    224.31812   1.61879034E+000
    224.63023   1.60793803E+000
    224.94234   1.59717263E+000
    225.25445   1.58649474E+000
    225.56656   1.57590484E+000
    225.87867   1.56540331E+000
    226.19078   1.55499043E+000
    226.50289   1.54466635E+000
    226.81500   1.53443114E+000
    227.12711   1.52428477E+000
    227.43923   1.51422714E+000
    227.75134   1.50425802E+000
    228.06345   1.49437712E+000
    228.37556   1.48458409E+000
    228.68767   1.47487848E+000
    228.99978   1.46525976E+000
    229.31189   1.45572736E+000
    229.62400   1.44628062E+000
    229.93611   1.43691885E+000
    230.24822   1.42764126E+000
    230.56033   1.41844704E+000
    230.87244   1.40933533E+000
    231.18455   1.40030521E+000
    231.49666   1.39135571E+000
    231.80877   1.38248583E+000
    232.12088   1.37369454E+000
    232.43299   1.36498077E+000
    232.74510   1.35634341E+000
    233.05721   1.34778134E+000
    233.36932   1.33929339E+000
    233.68143   1.33087839E+000
    233.99354   1.32253514E+000
    234.30565   1.31426242E+000
    234.61776   1.30605900E+000
    234.92987   1.29792364E+000
    235.24198   1.28985508E+000
    235.55409   1.28185206E+000
    235.86620   1.27391332E+000
    236.17831   1.26603758E+000
    236.49042   1.25822357E+000
    236.80253   1.25047001E+000
    237.11464   1.24277564E+000
    237.42675   1.23513918E+000
    237.73886   1.22755937E+000
    238.05097   1.22003496E+000
    238.36308   1.21256471E+000
    238.67519   1.20514736E+000
    238.98730   1.19778171E+000
    239.29941   1.19046653E+000
    239.61152   1.18320062E+000
    239.92363   1.17598281E+000
    240.23574   1.16881191E+000
    240.54785   1.16168679E+000
    240.85996   1.15460630E+000
    241.17207   1.14756933E+000
    241.48418   1.14057479E+000
    241.79629   1.13362160E+000
    242.10840   1.12670870E+000
    242.42051   1.11983507E+000
    242.73262   1.11299970E+000
    243.04473   1.10620159E+000
    243.35684   1.09943978E+000
    243.66895   1.09271334E+000
    243.98106   1.08602135E+000
    244.29317   1.07936291E+000
    244.60528   1.07273716E+000
    244.91739   1.06614326E+000
    245.22950   1.05958038E+000
    245.54161   1.05304775E+000
    245.85372   1.04654459E+000
    246.16583   1.04007015E+000
    246.47794   1.03362374E+000
    246.79005   1.02720465E+000
    247.10216   1.02081222E+000
    247.41427   1.01444581E+000
    247.72638   1.00810482E+000
    248.03849   1.00178864E+000
    248.35060   9.95496717E-001
    248.66271   9.89228512E-001
    248.97482   9.82983509E-001
    249.28693   9.76761219E-001
    249.59904   9.70561176E-001
    249.91115   9.64382936E-001
    250.22326   9.58226083E-001
    250.53537   9.52090219E-001
    250.84748   9.45974973E-001
    251.15959   9.39879994E-001
    251.47170   9.33804955E-001
    251.78381   9.27749549E-001
    252.09592   9.21713491E-001
    252.40803   9.15696518E-001
    252.72014   9.09698386E-001
    253.03225   9.03718872E-001
    253.34436   8.97757772E-001
    253.65647   8.91814903E-001
    253.96858   8.85890098E-001
    254.28069   8.79983211E-001
    254.59280   8.74094112E-001
    254.90491   8.68222690E-001
    255.21702   8.62368849E-001
    255.52913   8.56532511E-001
    255.84124   8.50713614E-001
    256.15335   8.44912110E-001
    256.46547   8.39127968E-001
    256.77758   8.33361170E-001
    257.08969   8.27611713E-001
    257.40180   8.21879607E-001
    257.71391   8.16164874E-001
    258.02602   8.10467552E-001
    258.33813   8.04787688E-001
    258.65024   7.99125342E-001
    258.96235   7.93480584E-001
    259.27446   7.87853497E-001
    259.58657   7.82244172E-001
    259.89868   7.76652711E-001
    260.21079   7.71079225E-001
    260.52290   7.65523833E-001
    260.83501   7.59986665E-001
    261.14712   7.54467857E-001
    261.45923   7.48967552E-001
    261.77134   7.43485902E-001
    262.08345   7.38023066E-001
    262.39556   7.32579206E-001
    262.70767   7.27154493E-001
    263.01978   7.21749103E-001
    263.33189   7.16363217E-001
    263.64400   7.10997021E-001
    263.95611   7.05650703E-001
    264.26822   7.00324459E-001
    264.58033   6.95018486E-001
    264.89244   6.89732985E-001
    265.20455   6.84468159E-001
    265.51666   6.79224215E-001
    265.82877   6.74001362E-001
    266.14088   6.68799810E-001
    266.45299   6.63619772E-001
    266.76510   6.58461460E-001
    267.07721   6.53325091E-001
    267.38932   6.48210879E-001
    267.70143   6.43119040E-001
    268.01354   6.38049790E-001
    268.32565   6.33003345E-001
    268.63776   6.27979921E-001
    268.94987   6.22979732E-001
    269.26198   6.18002994E-001
    269.57409   6.13049918E-001
    269.88620   6.08120718E-001
    270.19831   6.03215604E-001
    270.51042   5.98334783E-001
    270.82253   5.93478464E-001
    271.13464   5.88646850E-001
    271.44675   5.83840145E-001
    271.75886   5.79058548E-001
    272.07097   5.74302256E-001
    272.38308   5.69571464E-001
    272.69519   5.64866365E-001
    273.00730   5.60187145E-001
    273.31941   5.55533991E-001
    273.63152   5.50907085E-001
    273.94363   5.46306604E-001
    274.25574   5.41732724E-001
    274.56785   5.37185616E-001
    274.87996   5.32665446E-001
    275.19207   5.28172379E-001
    275.50418   5.23706572E-001
    275.81629   5.19268182E-001
    276.12840   5.14857360E-001
    276.44051   5.10474250E-001
    276.75262   5.06118997E-001
    277.06473   5.01791737E-001
    277.37684   4.97492604E-001
    277.68895   4.93221726E-001
    278.00106   4.88979227E-001
    278.31317   4.84765227E-001
    278.62528   4.80579840E-001
    278.93739   4.76423176E-001
    279.24950   4.72295341E-001
    279.56161   4.68196434E-001
    279.87372   4.64126551E-001
    280.18583   4.60085783E-001
    280.49794   4.56074215E-001
    280.81005   4.52091929E-001
    281.12216   4.48139000E-001
    281.43427   4.44215499E-001
    281.74638   4.40321494E-001
    282.05849   4.36457044E-001
    282.37060   4.32622207E-001
    282.68271   4.28817034E-001
    282.99482   4.25041572E-001
    283.30693   4.21295863E-001
    283.61904   4.17579944E-001
    283.93115   4.13893847E-001
    284.24326   4.10237600E-001
    284.55537   4.06611225E-001
    284.86748   4.03014741E-001
    285.17960   3.99448161E-001
    285.49171   3.95911493E-001
    285.80382   3.92404742E-001
    286.11593   3.88927907E-001
    286.42804   3.85480983E-001
    286.74015   3.82063960E-001
    287.05226   3.78676825E-001
    287.36437   3.75319559E-001
    287.67648   3.71992139E-001
    287.98859   3.68694539E-001
    288.30070   3.65426726E-001
    288.61281   3.62188666E-001
    288.92492   3.58980318E-001
    289.23703   3.55801639E-001
    289.54914   3.52652580E-001
    289.86125   3.49533091E-001
    290.17336   3.46443114E-001
    290.48547   3.43382591E-001
    290.79758   3.40351458E-001
    291.10969   3.37349647E-001
    291.42180   3.34377088E-001
    291.73391   3.31433706E-001
    292.04602   3.28519422E-001
    292.35813   3.25634155E-001
    292.67024   3.22777820E-001
    292.98235   3.19950329E-001
    293.29446   3.17151588E-001
    293.60657   3.14381504E-001
    293.91868   3.11639977E-001
    294.23079   3.08926906E-001
    294.54290   3.06242187E-001
    294.85501   3.03585712E-001
    295.16712   3.00957371E-001
    295.47923   2.98357049E-001
    295.79134   2.95784631E-001
    296.10345   2.93239999E-001
    296.41556   2.90723029E-001
    296.72767   2.88233598E-001
    297.03978   2.85771579E-001
    297.35189   2.83336843E-001
    297.66400   2.80929257E-001
    297.97611   2.78548688E-001
    298.28822   2.76195000E-001
    298.60033   2.73868053E-001
    298.91244   2.71567706E-001
    299.22455   2.69293818E-001
    299.53666   2.67046242E-001
    299.84877   2.64824832E-001
    300.16088   2.62629438E-001
    300.47299   2.60459910E-001
    300.78510   2.58316095E-001
    301.09721   2.56197839E-001
    301.40932   2.54104985E-001
    301.72143   2.52037377E-001
    302.03354   2.49994853E-001
    302.34565   2.47977255E-001
    302.65776   2.45984419E-001
    302.96987   2.44016181E-001
    303.28198   2.42072378E-001
    303.59409   2.40152841E-001
    303.90620   2.38257404E-001
    304.21831   2.36385897E-001
    304.53042   2.34538152E-001
    304.84253   2.32713996E-001
    305.15464   2.30913259E-001
    305.46675   2.29135765E-001
    305.77886   2.27381343E-001
    306.09097   2.25649816E-001
    306.40308   2.23941010E-001
    306.71519   2.22254747E-001
    307.02730   2.20590851E-001
    307.33941   2.18949143E-001
    307.65152   2.17329446E-001
    307.96363   2.15731579E-001
    308.27574   2.14155364E-001
    308.58785   2.12600619E-001
    308.89996   2.11067165E-001
    309.21207   2.09554820E-001
    309.52418   2.08063402E-001
    309.83629   2.06592731E-001
    310.14840   2.05142623E-001
    310.46051   2.03712896E-001
    310.77262   2.02303369E-001
    311.08473   2.00913857E-001
    311.39684   1.99544178E-001
    311.70895   1.98194149E-001
    312.02106   1.96863587E-001
    312.33317   1.95552309E-001
    312.64528   1.94260132E-001
    312.95739   1.92986871E-001
    313.26950   1.91732346E-001
    313.58161   1.90496371E-001
    313.89372   1.89278766E-001
    314.20584   1.88079346E-001
    314.51795   1.86897930E-001
    314.83006   1.85734335E-001
    315.14217   1.84588380E-001
    315.45428   1.83459882E-001
    315.76639   1.82348661E-001
    316.07850   1.81254535E-001
    316.39061   1.80177323E-001
    316.70272   1.79116847E-001
    317.01483   1.78072924E-001
    317.32694   1.77045377E-001
    317.63905   1.76034026E-001
    317.95116   1.75038693E-001
    318.26327   1.74059201E-001
    318.57538   1.73095370E-001
    318.88749   1.72147026E-001
    319.19960   1.71213991E-001
    319.51171   1.70296091E-001
    319.82382   1.69393149E-001
    320.13593   1.68504993E-001
    320.44804   1.67631447E-001
    320.76015   1.66772340E-001
    321.07226   1.65927499E-001
    321.38437   1.65096753E-001
    321.69648   1.64279931E-001
    322.00859   1.63476862E-001
    322.32070   1.62687378E-001
    322.63281   1.61911310E-001
    322.94492   1.61148491E-001
    323.25703   1.60398754E-001
    323.56914   1.59661932E-001
    323.88125   1.58937862E-001
    324.19336   1.58226378E-001
    324.50547   1.57527317E-001
    324.81758   1.56840518E-001
    325.12969   1.56165817E-001
    325.44180   1.55503056E-001
    325.75391   1.54852073E-001
    326.06602   1.54212711E-001
    326.37813   1.53584812E-001
    326.69024   1.52968219E-001
    327.00235   1.52362775E-001
    327.31446   1.51768327E-001
    327.62657   1.51184719E-001
    327.93868   1.50611801E-001
    328.25079   1.50049419E-001
    328.56290   1.49497423E-001
    328.87501   1.48955663E-001
    329.18712   1.48423990E-001
    329.49923   1.47902257E-001
    329.81134   1.47390317E-001
    330.12345   1.46888025E-001
    330.43556   1.46395235E-001
    330.74767   1.45911804E-001
    331.05978   1.45437591E-001
    331.37189   1.44972453E-001
    331.68400   1.44516251E-001
    331.99611   1.44068845E-001
    332.30822   1.43630098E-001
    332.62033   1.43199871E-001
    332.93244   1.42778031E-001
    333.24455   1.42364441E-001
    333.55666   1.41958968E-001
    333.86877   1.41561480E-001
    334.18088   1.41171845E-001
    334.49299   1.40789932E-001
    334.80510   1.40415614E-001
    335.11721   1.40048761E-001
    335.42932   1.39689247E-001
    335.74143   1.39336946E-001
    336.05354   1.38991733E-001
    336.36565   1.38653484E-001
    336.67776   1.38322078E-001
    336.98987   1.37997393E-001
    337.30198   1.37679308E-001
    337.61409   1.37367705E-001
    337.92620   1.37062466E-001
    338.23831   1.36763473E-001
    338.55042   1.36470612E-001
    338.86253   1.36183767E-001
    339.17464   1.35902825E-001
    339.48675   1.35627674E-001
    339.79886   1.35358203E-001
    340.11097   1.35094301E-001
    340.42308   1.34835860E-001
    340.73519   1.34582771E-001
    341.04730   1.34334929E-001
    341.35941   1.34092227E-001
    341.67152   1.33854561E-001
    341.98363   1.33621827E-001
    342.29574   1.33393924E-001
    342.60785   1.33170749E-001
    342.91997   1.32952203E-001
    343.23208   1.32738187E-001
    343.54419   1.32528604E-001
    343.85630   1.32323355E-001
    344.16841   1.32122346E-001
    344.48052   1.31925481E-001
    344.79263   1.31732668E-001
    345.10474   1.31543813E-001
    345.41685   1.31358826E-001
    345.72896   1.31177615E-001
    346.04107   1.31000093E-001
    346.35318   1.30826169E-001
    346.66529   1.30655758E-001
    346.97740   1.30488773E-001
    347.28951   1.30325129E-001
    347.60162   1.30164742E-001
    347.91373   1.30007529E-001
    348.22584   1.29853408E-001
    348.53795   1.29702298E-001
    348.85006   1.29554119E-001
    349.16217   1.29408792E-001
    349.47428   1.29266240E-001
    349.78639   1.29126385E-001
    350.09850   1.28989151E-001
    350.41061   1.28854465E-001
    350.72272   1.28722251E-001
    351.03483   1.28592436E-001
    351.34694   1.28464950E-001
    351.65905   1.28339721E-001
    351.97116   1.28216678E-001
    352.28327   1.28095754E-001
    352.59538   1.27976879E-001
    352.90749   1.27859987E-001
    353.21960   1.27745012E-001
    353.53171   1.27631887E-001
    353.84382   1.27520550E-001
    354.15593   1.27410936E-001
    354.46804   1.27302984E-001
    354.78015   1.27196630E-001
    355.09226   1.27091816E-001
    355.40437   1.26988481E-001
    355.71648   1.26886566E-001
    356.02859   1.26786013E-001
    356.34070   1.26686766E-001
    356.65281   1.26588768E-001
    356.96492   1.26491963E-001
    357.27703   1.26396298E-001
    357.58914   1.26301718E-001
    357.90125   1.26208171E-001
    358.21336   1.26115605E-001
    358.52547   1.26023969E-001
    358.83758   1.25933212E-001
    359.14969   1.25843286E-001
    359.46180   1.25754141E-001
    359.77391   1.25665730E-001
    360.08602   1.25578006E-001
    360.39813   1.25490922E-001
    360.71024   1.25404433E-001
    361.02235   1.25318495E-001
    361.33446   1.25233064E-001
    361.64657   1.25148096E-001
    361.95868   1.25063550E-001
    362.27079   1.24979383E-001
    362.58290   1.24895555E-001
    362.89501   1.24812026E-001
    363.20712   1.24728757E-001
    363.51923   1.24645709E-001
    363.83134   1.24562843E-001
    364.14345   1.24480124E-001
    364.45556   1.24397514E-001
    364.76767   1.24314978E-001
    365.07978   1.24232481E-001
    365.39189   1.24149988E-001
    365.70400   1.24067466E-001
    366.01611   1.23984881E-001
    366.32822   1.23902202E-001
    366.64033   1.23819397E-001
    366.95244   1.23736434E-001
    367.26455   1.23653284E-001
    367.57666   1.23569916E-001
    367.88877   1.23486302E-001
    368.20088   1.23402414E-001
    368.51299   1.23318222E-001
    368.82510   1.23233701E-001
    369.13721   1.23148824E-001
    369.44932   1.23063564E-001
    369.76143   1.22977896E-001
    370.07354   1.22891796E-001
    370.38565   1.22805239E-001
    370.69776   1.22718201E-001
    371.00987   1.22630661E-001
    371.32198   1.22542594E-001
    371.63410   1.22453979E-001
    371.94621   1.22364795E-001
    372.25832   1.22275021E-001
    372.57043   1.22184637E-001
    372.88254   1.22093622E-001
    373.19465   1.22001958E-001
    373.50676   1.21909626E-001
    373.81887   1.21816608E-001
    374.13098   1.21722885E-001
    374.44309   1.21628442E-001
    374.75520   1.21533261E-001
    375.06731   1.21437325E-001
    375.37942   1.21340620E-001
    375.69153   1.21243130E-001
    376.00364   1.21144840E-001
    376.31575   1.21045736E-001
    376.62786   1.20945804E-001
    376.93997   1.20845031E-001
    377.25208   1.20743403E-001
    377.56419   1.20640909E-001
    377.87630   1.20537536E-001
    378.18841   1.20433273E-001
    378.50052   1.20328108E-001
    378.81263   1.20222031E-001
    379.12474   1.20115031E-001
    379.43685   1.20007098E-001
    379.74896   1.19898223E-001
    380.06107   1.19788397E-001
    380.37318   1.19677611E-001
    380.68529   1.19565856E-001
    380.99740   1.19453124E-001
    381.30951   1.19339408E-001
    381.62162   1.19224701E-001
    381.93373   1.19108996E-001
    382.24584   1.18992286E-001
    382.55795   1.18874564E-001
    382.87006   1.18755826E-001
    383.18217   1.18636066E-001
    383.49428   1.18515278E-001
    383.80639   1.18393457E-001
    384.11850   1.18270600E-001
    384.43061   1.18146702E-001
    384.74272   1.18021760E-001
    385.05483   1.17895768E-001
    385.36694   1.17768726E-001
    385.67905   1.17640629E-001
    385.99116   1.17511474E-001
    386.30327   1.17381261E-001
    386.61538   1.17249986E-001
    386.92749   1.17117647E-001
    387.23960   1.16984244E-001
    387.55171   1.16849775E-001
    387.86382   1.16714239E-001
    388.17593   1.16577636E-001
    388.48804   1.16439964E-001
    388.80015   1.16301225E-001
    389.11226   1.16161417E-001
    389.42437   1.16020542E-001
    389.73648   1.15878600E-001
    390.04859   1.15735591E-001
    390.36070   1.15591517E-001
    390.67281   1.15446380E-001
    390.98492   1.15300180E-001
    391.29703   1.15152919E-001
    391.60914   1.15004599E-001
    391.92125   1.14855223E-001
    392.23336   1.14704793E-001
    392.54547   1.14553311E-001
    392.85758   1.14400781E-001
    393.16969   1.14247204E-001
    393.48180   1.14092585E-001
    393.79391   1.13936926E-001
    394.10602   1.13780232E-001
    394.41813   1.13622505E-001
    394.73024   1.13463751E-001
    395.04235   1.13303972E-001
    395.35446   1.13143173E-001
    395.66657   1.12981359E-001
    395.97868   1.12818534E-001
    396.29079   1.12654703E-001
    396.60290   1.12489871E-001
    396.91501   1.12324042E-001
    397.22712   1.12157222E-001
    397.53923   1.11989417E-001
    397.85134   1.11820631E-001
    398.16345   1.11650871E-001
    398.47556   1.11480142E-001
    398.78767   1.11308450E-001
    399.09978   1.11135801E-001
    399.41189   1.10962201E-001
    399.72400   1.10787656E-001
    400.03611   1.10612173E-001
    400.34822   1.10435759E-001
    400.66034   1.10258419E-001
    400.97245   1.10080161E-001
    401.28456   1.09900992E-001
    401.59667   1.09720918E-001
    401.90878   1.09539946E-001
    402.22089   1.09358083E-001
    402.53300   1.09175338E-001
    402.84511   1.08991716E-001
    403.15722   1.08807226E-001
    403.46933   1.08621875E-001
    403.78144   1.08435670E-001
    404.09355   1.08248620E-001
    404.40566   1.08060731E-001
    404.71777   1.07872012E-001
    405.02988   1.07682471E-001
    405.34199   1.07492115E-001
    405.65410   1.07300953E-001
    405.96621   1.07108993E-001
    406.27832   1.06916242E-001
    406.59043   1.06722710E-001
    406.90254   1.06528404E-001
    407.21465   1.06333332E-001
    407.52676   1.06137504E-001
    407.83887   1.05940927E-001
    408.15098   1.05743610E-001
    408.46309   1.05545562E-001
    408.77520   1.05346791E-001
    409.08731   1.05147305E-001
    409.39942   1.04947114E-001
    409.71153   1.04746227E-001
    410.02364   1.04544651E-001
    410.33575   1.04342395E-001
    410.64786   1.04139470E-001
    410.95997   1.03935882E-001
    411.27208   1.03731642E-001
    411.58419   1.03526758E-001
    411.89630   1.03321240E-001
    412.20841   1.03115095E-001
    412.52052   1.02908333E-001
    412.83263   1.02700963E-001
    413.14474   1.02492994E-001
    413.45685   1.02284435E-001
    413.76896   1.02075296E-001
    414.08107   1.01865584E-001
    414.39318   1.01655310E-001
    414.70529   1.01444482E-001
    415.01740   1.01233110E-001
    415.32951   1.01021202E-001
    415.64162   1.00808767E-001
    415.95373   1.00595816E-001
    416.26584   1.00382356E-001
    416.57795   1.00168397E-001
    416.89006   9.99539484E-002
    417.20217   9.97390189E-002
    417.51428   9.95236176E-002
    417.82639   9.93077537E-002
    418.13850   9.90914363E-002
    418.45061   9.88746744E-002
    418.76272   9.86574773E-002
    419.07483   9.84398538E-002
    419.38694   9.82218131E-002
    419.69905   9.80033642E-002
    420.01116   9.77845162E-002
    420.32327   9.75652781E-002
    420.63538   9.73456588E-002
    420.94749   9.71256674E-002
    421.25960   9.69053129E-002
    421.57171   9.66846041E-002
    421.88382   9.64635500E-002
    422.19593   9.62421596E-002
    422.50804   9.60204416E-002
    422.82015   9.57984050E-002
    423.13226   9.55760586E-002
    423.44437   9.53534112E-002
    423.75648   9.51304716E-002
    424.06859   9.49072485E-002
    424.38070   9.46837507E-002
    424.69281   9.44599869E-002
    425.00492   9.42359657E-002
    425.31703   9.40116958E-002
    425.62914   9.37871859E-002
    425.94125   9.35624444E-002
    426.25336   9.33374799E-002
    426.56547   9.31123009E-002
    426.87758   9.28869160E-002
    427.18969   9.26613335E-002
    427.50180   9.24355618E-002
    427.81391   9.22096094E-002
    428.12602   9.19834845E-002
    428.43813   9.17571954E-002
    428.75024   9.15307504E-002
    429.06235   9.13041578E-002
    429.37447   9.10774256E-002
    429.68658   9.08505620E-002
    429.99869   9.06235751E-002
    430.31080   9.03964730E-002
    430.62291   9.01692636E-002
    430.93502   8.99419550E-002
    431.24713   8.97145550E-002
    431.55924   8.94870715E-002
    431.87135   8.92595124E-002
    432.18346   8.90318855E-002
    432.49557   8.88041985E-002
    432.80768   8.85764590E-002
    433.11979   8.83486748E-002
    433.43190   8.81208535E-002
    433.74401   8.78930026E-002
    434.05612   8.76651296E-002
    434.36823   8.74372420E-002
    434.68034   8.72093472E-002
    434.99245   8.69814526E-002
    435.30456   8.67535655E-002
    435.61667   8.65256932E-002
    435.92878   8.62978429E-002
    436.24089   8.60700217E-002
    436.55300   8.58422368E-002
    436.86511   8.56144953E-002
    437.17722   8.53868041E-002
    437.48933   8.51591703E-002
    437.80144   8.49316008E-002
    438.11355   8.47041024E-002
    438.42566   8.44766820E-002
    438.73777   8.42493463E-002
    439.04988   8.40221020E-002
    439.36199   8.37949558E-002
    439.67410   8.35679144E-002
    439.98621   8.33409842E-002
    440.29832   8.31141717E-002
    440.61043   8.28874836E-002
    440.92254   8.26609260E-002
    441.23465   8.24345054E-002
    441.54676   8.22082281E-002
    441.85887   8.19821002E-002
    442.17098   8.17561281E-002
    442.48309   8.15303178E-002
    442.79520   8.13046754E-002
    443.10731   8.10792070E-002
    443.41942   8.08539185E-002
    443.73153   8.06288158E-002
    444.04364   8.04039048E-002
    444.35575   8.01791914E-002
    444.66786   7.99546812E-002
    444.97997   7.97303800E-002
    445.29208   7.95062935E-002
    445.60419   7.92824271E-002
    445.91630   7.90587866E-002
    446.22841   7.88353774E-002
    446.54052   7.86122048E-002
    446.85263   7.83892744E-002
    447.16474   7.81665914E-002
    447.47685   7.79441611E-002
    447.78896   7.77219888E-002
    448.10107   7.75000795E-002
    448.41318   7.72784385E-002
    448.72529   7.70570708E-002
    449.03740   7.68359813E-002
    449.34951   7.66151751E-002
    449.66162   7.63946571E-002
    449.97373   7.61744321E-002
    450.28584   7.59545049E-002
    450.59795   7.57348803E-002
    450.91006   7.55155629E-002
    451.22217   7.52965574E-002
    451.53428   7.50778683E-002
    451.84639   7.48595003E-002
    452.15850   7.46414578E-002
    452.47061   7.44237452E-002
    452.78272   7.42063670E-002
    453.09483   7.39893273E-002
    453.40694   7.37726306E-002
    453.71905   7.35562810E-002
    454.03116   7.33402828E-002
    454.34327   7.31246399E-002
    454.65538   7.29093566E-002
    454.96749   7.26944368E-002
    455.27960   7.24798844E-002
    455.59171   7.22657035E-002
    455.90382   7.20518979E-002
    456.21593   7.18384713E-002
    456.52804   7.16254276E-002
    456.84015   7.14127705E-002
    457.15226   7.12005037E-002
    457.46437   7.09886307E-002
    457.77648   7.07771551E-002
    458.08859   7.05660805E-002
    458.40071   7.03554104E-002
    458.71282   7.01451480E-002
    459.02493   6.99352970E-002
    459.33704   6.97258604E-002
    459.64915   6.95168417E-002
    459.96126   6.93082441E-002
    460.27337   6.91000707E-002
    460.58548   6.88923246E-002
    460.89759   6.86850091E-002
    461.20970   6.84781270E-002
    461.52181   6.82716815E-002
    461.83392   6.80656754E-002
    462.14603   6.78601117E-002
    462.45814   6.76549932E-002
    462.77025   6.74503227E-002
    463.08236   6.72461030E-002
    463.39447   6.70423368E-002
    463.70658   6.68390268E-002
    464.01869   6.66361756E-002
    464.33080   6.64337858E-002
    464.64291   6.62318599E-002
    464.95502   6.60304005E-002
    465.26713   6.58294100E-002
    465.57924   6.56288908E-002
    465.89135   6.54288453E-002
    466.20346   6.52292757E-002
    466.51557   6.50301845E-002
    466.82768   6.48315738E-002
    467.13979   6.46334457E-002
    467.45190   6.44358026E-002
    467.76401   6.42386464E-002
    468.07612   6.40419793E-002
    468.38823   6.38458033E-002
    468.70034   6.36501204E-002
    469.01245   6.34549325E-002
    469.32456   6.32602415E-002
    469.63667   6.30660494E-002
    469.94878   6.28723579E-002
    470.26089   6.26791688E-002
    470.57300   6.24864839E-002
    470.88511   6.22943049E-002
    471.19722   6.21026334E-002
    471.50933   6.19114712E-002
    471.82144   6.17208198E-002
    472.13355   6.15306807E-002
    472.44566   6.13410555E-002
    472.75777   6.11519457E-002
    473.06988   6.09633527E-002
    473.38199   6.07752779E-002
    473.69410   6.05877228E-002
    474.00621   6.04006885E-002
    474.31832   6.02141765E-002
    474.63043   6.00281881E-002
    474.94254   5.98427243E-002
    475.25465   5.96577865E-002
    475.56676   5.94733758E-002
    475.87887   5.92894933E-002
    476.19098   5.91061402E-002
    476.50309   5.89233174E-002
    476.81520   5.87410260E-002
    477.12731   5.85592670E-002
    477.43942   5.83780414E-002
    477.75153   5.81973500E-002
    478.06364   5.80171938E-002
    478.37575   5.78375737E-002
    478.68786   5.76584904E-002
    478.99997   5.74799448E-002
    479.31208   5.73019376E-002
    479.62419   5.71244695E-002
    479.93630   5.69475414E-002
    480.24841   5.67711537E-002
    480.56052   5.65953073E-002
    480.87263   5.64200026E-002
    481.18474   5.62452403E-002
    481.49685   5.60710209E-002
    481.80896   5.58973450E-002
    482.12107   5.57242130E-002
    482.43318   5.55516254E-002
    482.74529   5.53795827E-002
    483.05740   5.52080853E-002
    483.36951   5.50371334E-002
    483.68162   5.48667276E-002
    483.99373   5.46968681E-002
    484.30584   5.45275552E-002
    484.61795   5.43587892E-002
    484.93006   5.41905703E-002
    485.24217   5.40228988E-002
    485.55428   5.38557748E-002
    485.86639   5.36891985E-002
    486.17850   5.35231701E-002
    486.49061   5.33576896E-002
    486.80272   5.31927572E-002
    487.11484   5.30283729E-002
    487.42695   5.28645368E-002
    487.73906   5.27012489E-002
    488.05117   5.25385091E-002
    488.36328   5.23763175E-002
    488.67539   5.22146739E-002
    488.98750   5.20535784E-002
    489.29961   5.18930308E-002
    489.61172   5.17330309E-002
    489.92383   5.15735787E-002
    490.23594   5.14146740E-002
    490.54805   5.12563165E-002
    490.86016   5.10985061E-002
    491.17227   5.09412426E-002
    491.48438   5.07845256E-002
    491.79649   5.06283549E-002
    492.10860   5.04727301E-002
    492.42071   5.03176511E-002
    492.73282   5.01631174E-002
    493.04493   5.00091287E-002
    493.35704   4.98556846E-002
    493.66915   4.97027846E-002
    493.98126   4.95504285E-002
    494.29337   4.93986157E-002
    494.60548   4.92473458E-002
    494.91759   4.90966182E-002
    495.22970   4.89464326E-002
    495.54181   4.87967884E-002
    495.85392   4.86476851E-002
    496.16603   4.84991221E-002
    496.47814   4.83510988E-002
    496.79025   4.82036148E-002
    497.10236   4.80566692E-002
    497.41447   4.79102617E-002
    497.72658   4.77643914E-002
    498.03869   4.76190578E-002
    498.35080   4.74742602E-002
    498.66291   4.73299979E-002
    498.97502   4.71862702E-002
    499.28713   4.70430764E-002
    499.59924   4.69004158E-002
    499.91135   4.67582875E-002
    500.22346   4.66166909E-002
    500.53557   4.64756252E-002
    500.84768   4.63350896E-002
    501.15979   4.61950832E-002
    501.47190   4.60556053E-002
    501.78401   4.59166550E-002
    502.09612   4.57782315E-002
    502.40823   4.56403339E-002
    502.72034   4.55029613E-002
    503.03245   4.53661128E-002
    503.34456   4.52297876E-002
    503.65667   4.50939846E-002
    503.96878   4.49587031E-002
    504.28089   4.48239420E-002
    504.59300   4.46897004E-002
    504.90511   4.45559774E-002
    505.21722   4.44227719E-002
    505.52933   4.42900829E-002
    505.84144   4.41579095E-002
    506.15355   4.40262506E-002
    506.46566   4.38951053E-002
    506.77777   4.37644724E-002
    507.08988   4.36343510E-002
    507.40199   4.35047399E-002
    507.71410   4.33756382E-002
    508.02621   4.32470447E-002
    508.33832   4.31189583E-002
    508.65043   4.29913780E-002
    508.96254   4.28643026E-002
    509.27465   4.27377310E-002
    509.58676   4.26116621E-002
    509.89887   4.24860948E-002
    510.21098   4.23610279E-002
    510.52309   4.22364602E-002
    510.83520   4.21123906E-002
    511.14731   4.19888179E-002
    511.45942   4.18657409E-002
    511.77153   4.17431584E-002
    512.08364   4.16210693E-002
    512.39575   4.14994723E-002
    512.70786   4.13783662E-002
    513.01997   4.12577499E-002
    513.33208   4.11376219E-002
    513.64419   4.10179812E-002
    513.95630   4.08988265E-002
    514.26841   4.07801564E-002
    514.58052   4.06619698E-002
    514.89263   4.05442655E-002
    515.20474   4.04270420E-002
    515.51685   4.03102982E-002
    515.82896   4.01940327E-002
    516.14108   4.00782442E-002
    516.45319   3.99629316E-002
    516.76530   3.98480933E-002
    517.07741   3.97337282E-002
    517.38952   3.96198349E-002
    517.70163   3.95064121E-002
    518.01374   3.93934585E-002
    518.32585   3.92809727E-002
    518.63796   3.91689533E-002
    518.95007   3.90573992E-002
    519.26218   3.89463088E-002
    519.57429   3.88356808E-002
    519.88640   3.87255139E-002
    520.19851   3.86158067E-002
    520.51062   3.85065579E-002
    520.82273   3.83977660E-002
    521.13484   3.82894297E-002
    521.44695   3.81815476E-002
    521.75906   3.80741183E-002
    522.07117   3.79671404E-002
    522.38328   3.78606125E-002
    522.69539   3.77545333E-002
    523.00750   3.76489013E-002
    523.31961   3.75437152E-002
    523.63172   3.74389734E-002
    523.94383   3.73346746E-002
    524.25594   3.72308175E-002
    524.56805   3.71274004E-002
    524.88016   3.70244221E-002
    525.19227   3.69218812E-002
    525.50438   3.68197761E-002
    525.81649   3.67181055E-002
    526.12860   3.66168679E-002
    526.44071   3.65160619E-002
    526.75282   3.64156860E-002
    527.06493   3.63157388E-002
    527.37704   3.62162190E-002
    527.68915   3.61171249E-002
    528.00126   3.60184552E-002
    528.31337   3.59202084E-002
    528.62548   3.58223832E-002
    528.93759   3.57249779E-002
    529.24970   3.56279912E-002
    529.56181   3.55314216E-002
    529.87392   3.54352677E-002
    530.18603   3.53395280E-002
    530.49814   3.52442011E-002
    530.81025   3.51492854E-002
    531.12236   3.50547795E-002
    531.43447   3.49606820E-002
    531.74658   3.48669914E-002
    532.05869   3.47737062E-002
    532.37080   3.46808250E-002
    532.68291   3.45883463E-002
    532.99502   3.44962686E-002
    533.30713   3.44045905E-002
    533.61924   3.43133105E-002
    533.93135   3.42224271E-002
    534.24346   3.41319389E-002
    534.55557   3.40418444E-002
    534.86768   3.39521421E-002
    535.17979   3.38628306E-002
    535.49190   3.37739083E-002
    535.80401   3.36853739E-002
    536.11612   3.35972259E-002
    536.42823   3.35094627E-002
    536.74034   3.34220829E-002
    537.05245   3.33350852E-002
    537.36456   3.32484678E-002
    537.67667   3.31622296E-002
    537.98878   3.30763688E-002
    538.30089   3.29908842E-002
    538.61300   3.29057742E-002
    538.92511   3.28210373E-002
    539.23722   3.27366722E-002
    539.54933   3.26526773E-002
    539.86144   3.25690511E-002
    540.17355   3.24857923E-002
    540.48566   3.24028993E-002
    540.79777   3.23203708E-002
    541.10988   3.22382052E-002
    541.42199   3.21564010E-002
    541.73410   3.20749570E-002
    542.04621   3.19938715E-002
    542.35832   3.19131431E-002
    542.67043   3.18327704E-002
    542.98254   3.17527519E-002
    543.29465   3.16730863E-002
    543.60676   3.15937720E-002
    543.91887   3.15148075E-002
    544.23098   3.14361916E-002
    544.54309   3.13579226E-002
    544.85521   3.12799993E-002
    545.16732   3.12024201E-002
    545.47943   3.11251835E-002
    545.79154   3.10482883E-002
    546.10365   3.09717329E-002
    546.41576   3.08955160E-002
    546.72787   3.08196360E-002
    547.03998   3.07440916E-002
    547.35209   3.06688814E-002
    547.66420   3.05940039E-002
    547.97631   3.05194577E-002
    548.28842   3.04452413E-002
    548.60053   3.03713535E-002
    548.91264   3.02977928E-002
    549.22475   3.02245577E-002
    549.53686   3.01516469E-002
    549.84897   3.00790590E-002
    550.16108   3.00067925E-002
    550.47319   2.99348460E-002
    550.78530   2.98632183E-002
    551.09741   2.97919078E-002
    551.40952   2.97209132E-002
    551.72163   2.96502331E-002
    552.03374   2.95798661E-002
    552.34585   2.95098109E-002
    552.65796   2.94400660E-002
    552.97007   2.93706301E-002
    553.28218   2.93015018E-002
    553.59429   2.92326798E-002
    553.90640   2.91641626E-002
    554.21851   2.90959490E-002
    554.53062   2.90280374E-002
    554.84273   2.89604267E-002
    555.15484   2.88931155E-002
    555.46695   2.88261023E-002
    555.77906   2.87593858E-002
    556.09117   2.86929648E-002
    556.40328   2.86268378E-002
    556.71539   2.85610035E-002
    557.02750   2.84954606E-002
    557.33961   2.84302077E-002
    557.65172   2.83652436E-002
    557.96383   2.83005669E-002
    558.27594   2.82361762E-002
    558.58805   2.81720703E-002
    558.90016   2.81082478E-002
    559.21227   2.80447075E-002
    559.52438   2.79814480E-002
    559.83649   2.79184679E-002
    560.14860   2.78557662E-002
    560.46071   2.77933413E-002
    560.77282   2.77311920E-002
    561.08493   2.76693171E-002
    561.39704   2.76077152E-002
    561.70915   2.75463851E-002
    562.02126   2.74853255E-002
    562.33337   2.74245351E-002
    562.64548   2.73640126E-002
    562.95759   2.73037568E-002
    563.26970   2.72437664E-002
    563.58181   2.71840401E-002
    563.89392   2.71245767E-002
    564.20603   2.70653749E-002
    564.51814   2.70064335E-002
    564.83025   2.69477512E-002
    565.14236   2.68893268E-002
    565.45447   2.68311591E-002
    565.76658   2.67732468E-002
    566.07869   2.67155886E-002
    566.39080   2.66581834E-002
    566.70291   2.66010300E-002
    567.01502   2.65441270E-002
    567.32713   2.64874734E-002
    567.63924   2.64310678E-002
    567.95135   2.63749091E-002
    568.26346   2.63189961E-002
    568.57557   2.62633275E-002
    568.88768   2.62079022E-002
    569.19979   2.61527190E-002
    569.51190   2.60977767E-002
    569.82401   2.60430741E-002
    570.13612   2.59886100E-002
    570.44823   2.59343833E-002
    570.76034   2.58803927E-002
    571.07245   2.58266372E-002
    571.38456   2.57731155E-002
    571.69667   2.57198265E-002
    572.00878   2.56667690E-002
    572.32089   2.56139419E-002
    572.63300   2.55613440E-002
    572.94511   2.55089742E-002
    573.25722   2.54568313E-002
    573.56933   2.54049142E-002
    573.88145   2.53532218E-002
    574.19356   2.53017530E-002
    574.50567   2.52505065E-002
    574.81778   2.51994814E-002
    575.12989   2.51486764E-002
    575.44200   2.50980905E-002
    575.75411   2.50477226E-002
    576.06622   2.49975715E-002
    576.37833   2.49476362E-002
    576.69044   2.48979155E-002
    577.00255   2.48484084E-002
    577.31466   2.47991138E-002
    577.62677   2.47500305E-002
    577.93888   2.47011576E-002
    578.25099   2.46524940E-002
    578.56310   2.46040384E-002
    578.87521   2.45557900E-002
    579.18732   2.45077477E-002
    579.49943   2.44599103E-002
    579.81154   2.44122768E-002
    580.12365   2.43648462E-002
    580.43576   2.43176175E-002
    580.74787   2.42705895E-002
    581.05998   2.42237613E-002
    581.37209   2.41771317E-002
    581.68420   2.41306999E-002
    581.99631   2.40844647E-002
    582.30842   2.40384251E-002
    582.62053   2.39925801E-002
    582.93264   2.39469288E-002
    583.24475   2.39014700E-002
    583.55686   2.38562028E-002
    583.86897   2.38111262E-002
    584.18108   2.37662391E-002
    584.49319   2.37215407E-002
    584.80530   2.36770298E-002
    585.11741   2.36327055E-002
    585.42952   2.35885669E-002
    585.74163   2.35446130E-002
    586.05374   2.35008427E-002
    586.36585   2.34572551E-002
    586.67796   2.34138492E-002
    586.99007   2.33706242E-002
    587.30218   2.33275789E-002
    587.61429   2.32847126E-002
    587.92640   2.32420241E-002
    588.23851   2.31995127E-002
    588.55062   2.31571772E-002
    588.86273   2.31150169E-002
    589.17484   2.30730307E-002
    589.48695   2.30312178E-002
    589.79906   2.29895771E-002
    590.11117   2.29481079E-002
    590.42328   2.29068091E-002
    590.73539   2.28656799E-002
    591.04750   2.28247194E-002
    591.35961   2.27839265E-002
    591.67172   2.27433006E-002
    591.98383   2.27028405E-002
    592.29594   2.26625456E-002
    592.60805   2.26224148E-002
    592.92016   2.25824472E-002
    593.23227   2.25426421E-002
    593.54438   2.25029985E-002
    593.85649   2.24635155E-002
    594.16860   2.24241923E-002
    594.48071   2.23850280E-002
    594.79282   2.23460218E-002
    595.10493   2.23071727E-002
    595.41704   2.22684800E-002
    595.72915   2.22299427E-002
    596.04126   2.21915602E-002
    596.35337   2.21533314E-002
    596.66548   2.21152555E-002
    596.97759   2.20773318E-002
    597.28970   2.20395594E-002
    597.60181   2.20019374E-002
    597.91392   2.19644651E-002
    598.22603   2.19271416E-002
    598.53814   2.18899661E-002
    598.85025   2.18529378E-002
    599.16236   2.18160559E-002
    599.47447   2.17793196E-002
    599.78658   2.17427280E-002
    600.09869   2.17062805E-002
    600.41080   2.16699761E-002
    600.72291   2.16338141E-002
    601.03502   2.15977938E-002
    601.34713   2.15619143E-002
    601.65924   2.15261748E-002
    601.97135   2.14905747E-002
    602.28346   2.14551130E-002
    602.59558   2.14197891E-002
    602.90769   2.13846022E-002
    603.21980   2.13495515E-002
    603.53191   2.13146363E-002
    603.84402   2.12798557E-002
    604.15613   2.12452092E-002
    604.46824   2.12106959E-002
    604.78035   2.11763150E-002
    605.09246   2.11420659E-002
    605.40457   2.11079478E-002
    605.71668   2.10739600E-002
    606.02879   2.10401017E-002
    606.34090   2.10063723E-002
    606.65301   2.09727710E-002
    606.96512   2.09392970E-002
    607.27723   2.09059498E-002
    607.58934   2.08727285E-002
    607.90145   2.08396325E-002
    608.21356   2.08066610E-002
    608.52567   2.07738134E-002
    608.83778   2.07410890E-002
    609.14989   2.07084871E-002
    609.46200   2.06760069E-002
    609.77411   2.06436479E-002
    610.08622   2.06114092E-002
    610.39833   2.05792904E-002
    610.71044   2.05472905E-002
    611.02255   2.05154091E-002
    611.33466   2.04836455E-002
    611.64677   2.04519988E-002
    611.95888   2.04204686E-002
    612.27099   2.03890542E-002
    612.58310   2.03577548E-002
    612.89521   2.03265699E-002
    613.20732   2.02954988E-002
    613.51943   2.02645409E-002
    613.83154   2.02336954E-002
    614.14365   2.02029619E-002
    614.45576   2.01723396E-002
    614.76787   2.01418278E-002
    615.07998   2.01114261E-002
    615.39209   2.00811337E-002
    615.70420   2.00509501E-002
    616.01631   2.00208746E-002
    616.32842   1.99909066E-002
    616.64053   1.99610455E-002
    616.95264   1.99312907E-002
    617.26475   1.99016416E-002
    617.57686   1.98720975E-002
    617.88897   1.98426579E-002
    618.20108   1.98133222E-002
    618.51319   1.97840898E-002
    618.82530   1.97549601E-002
    619.13741   1.97259326E-002
    619.44952   1.96970065E-002
    619.76163   1.96681815E-002
    620.07374   1.96394568E-002
    620.38585   1.96108319E-002
    620.69796   1.95823062E-002
    621.01007   1.95538792E-002
    621.32218   1.95255503E-002
    621.63429   1.94973190E-002
    621.94640   1.94691846E-002
    622.25851   1.94411467E-002
    622.57062   1.94132046E-002
    622.88273   1.93853579E-002
    623.19484   1.93576059E-002
    623.50695   1.93299482E-002
    623.81906   1.93023842E-002
    624.13117   1.92749133E-002
    624.44328   1.92475351E-002
    624.75539   1.92202489E-002
    625.06750   1.91930543E-002
    625.37961   1.91659508E-002
    625.69172   1.91389377E-002
    626.00383   1.91120147E-002
    626.31594   1.90851811E-002
    626.62805   1.90584365E-002
    626.94016   1.90317804E-002
    627.25227   1.90052121E-002
    627.56438   1.89787314E-002
    627.87649   1.89523375E-002
    628.18860   1.89260301E-002
    628.50071   1.88998086E-002
    628.81282   1.88736726E-002
    629.12493   1.88476215E-002
    629.43704   1.88216548E-002
    629.74915   1.87957722E-002
    630.06126   1.87699730E-002
    630.37337   1.87442568E-002
    630.68548   1.87186232E-002
    630.99759   1.86930716E-002
    631.30970   1.86676016E-002
    631.62182   1.86422127E-002
    631.93393   1.86169044E-002
    632.24604   1.85916763E-002
    632.55815   1.85665280E-002
    632.87026   1.85414588E-002
    633.18237   1.85164685E-002
    633.49448   1.84915565E-002
    633.80659   1.84667224E-002
    634.11870   1.84419658E-002
    634.43081   1.84172861E-002
    634.74292   1.83926830E-002
    635.05503   1.83681560E-002
    635.36714   1.83437047E-002
    635.67925   1.83193286E-002
    635.99136   1.82950272E-002
    636.30347   1.82708003E-002
    636.61558   1.82466473E-002
    636.92769   1.82225678E-002
    637.23980   1.81985613E-002
    637.55191   1.81746276E-002
    637.86402   1.81507661E-002
    638.17613   1.81269764E-002
    638.48824   1.81032581E-002
    638.80035   1.80796108E-002
    639.11246   1.80560341E-002
    639.42457   1.80325276E-002
    639.73668   1.80090908E-002
    640.04879   1.79857235E-002
    640.36090   1.79624251E-002
    640.67301   1.79391952E-002
    640.98512   1.79160336E-002
    641.29723   1.78929397E-002
    641.60934   1.78699133E-002
    641.92145   1.78469538E-002
    642.23356   1.78240610E-002
    642.54567   1.78012344E-002
    642.85778   1.77784736E-002
    643.16989   1.77557784E-002
    643.48200   1.77331482E-002
    643.79411   1.77105827E-002
    644.10622   1.76880816E-002
    644.41833   1.76656445E-002
    644.73044   1.76432710E-002
    645.04255   1.76209607E-002
    645.35466   1.75987133E-002
    645.66677   1.75765284E-002
    645.97888   1.75544056E-002
    646.29099   1.75323447E-002
    646.60310   1.75103452E-002
    646.91521   1.74884068E-002
    647.22732   1.74665292E-002
    647.53943   1.74447119E-002
    647.85154   1.74229546E-002
    648.16365   1.74012571E-002
    648.47576   1.73796189E-002
    648.78787   1.73580398E-002
    649.09998   1.73365193E-002
    649.41209   1.73150571E-002
    649.72420   1.72936530E-002
    650.03631   1.72723065E-002
    650.34842   1.72510173E-002
    650.66053   1.72297852E-002
    650.97264   1.72086098E-002
    651.28475   1.71874907E-002
    651.59686   1.71664276E-002
    651.90897   1.71454203E-002
    652.22108   1.71244684E-002
    652.53319   1.71035715E-002
    652.84530   1.70827294E-002
    653.15741   1.70619418E-002
    653.46952   1.70412083E-002
    653.78163   1.70205286E-002
    654.09374   1.69999025E-002
    654.40585   1.69793296E-002
    654.71796   1.69588096E-002
    655.03007   1.69383422E-002
    655.34218   1.69179271E-002
    655.65429   1.68975641E-002
    655.96640   1.68772528E-002
    656.27851   1.68569929E-002
    656.59062   1.68367841E-002
    656.90273   1.68166262E-002
    657.21484   1.67965188E-002
    657.52695   1.67764617E-002
    657.83906   1.67564546E-002
    658.15117   1.67364972E-002
    658.46328   1.67165892E-002
    658.77539   1.66967304E-002
    659.08750   1.66769204E-002
    659.39961   1.66571590E-002
    659.71172   1.66374459E-002
    660.02383   1.66177808E-002
    660.33595   1.65981635E-002
    660.64806   1.65785937E-002
    660.96017   1.65590712E-002
    661.27228   1.65395956E-002
    661.58439   1.65201667E-002
    661.89650   1.65007842E-002
    662.20861   1.64814479E-002
    662.52072   1.64621575E-002
    662.83283   1.64429128E-002
    663.14494   1.64237135E-002
    663.45705   1.64045593E-002
    663.76916   1.63854500E-002
    664.08127   1.63663854E-002
    664.39338   1.63473651E-002
    664.70549   1.63283890E-002
    665.01760   1.63094568E-002
    665.32971   1.62905682E-002
    665.64182   1.62717231E-002
    665.95393   1.62529211E-002
    666.26604   1.62341621E-002
    666.57815   1.62154457E-002
    666.89026   1.61967718E-002
    667.20237   1.61781401E-002
    667.51448   1.61595504E-002
    667.82659   1.61410024E-002
    668.13870   1.61224959E-002
    668.45081   1.61040308E-002
    668.76292   1.60856067E-002
    669.07503   1.60672234E-002
    669.38714   1.60488807E-002
    669.69925   1.60305784E-002
    670.01136   1.60123163E-002
    670.32347   1.59940941E-002
    670.63558   1.59759117E-002
    670.94769   1.59577687E-002
    671.25980   1.59396650E-002
    671.57191   1.59216004E-002
    671.88402   1.59035747E-002
    672.19613   1.58855876E-002
    672.50824   1.58676389E-002
    672.82035   1.58497285E-002
    673.13246   1.58318560E-002
    673.44457   1.58140214E-002
    673.75668   1.57962244E-002
    674.06879   1.57784647E-002
    674.38090   1.57607423E-002
    674.69301   1.57430569E-002
    675.00512   1.57254082E-002
    675.31723   1.57077961E-002
    675.62934   1.56902205E-002
    675.94145   1.56726810E-002
    676.25356   1.56551776E-002
    676.56567   1.56377099E-002
    676.87778   1.56202779E-002
    677.18989   1.56028813E-002
    677.50200   1.55855199E-002
    677.81411   1.55681936E-002
    678.12622   1.55509022E-002
    678.43833   1.55336454E-002
    678.75044   1.55164231E-002
    679.06255   1.54992351E-002
    679.37466   1.54820812E-002
    679.68677   1.54649613E-002
    679.99888   1.54478752E-002
    680.31099   1.54308226E-002
    680.62310   1.54138034E-002
    680.93521   1.53968175E-002
    681.24732   1.53798646E-002
    681.55943   1.53629446E-002
    681.87154   1.53460573E-002
    682.18365   1.53292025E-002
    682.49576   1.53123801E-002
    682.80787   1.52955899E-002
    683.11998   1.52788317E-002
    683.43209   1.52621053E-002
    683.74420   1.52454107E-002
    684.05631   1.52287476E-002
    684.36842   1.52121158E-002
    684.68053   1.51955153E-002
    684.99264   1.51789457E-002
    685.30475   1.51624071E-002
    685.61686   1.51458992E-002
    685.92897   1.51294218E-002
    686.24108   1.51129749E-002
    686.55319   1.50965582E-002
    686.86530   1.50801715E-002
    687.17741   1.50638148E-002
    687.48952   1.50474879E-002
    687.80163   1.50311907E-002
    688.11374   1.50149229E-002
    688.42585   1.49986844E-002
    688.73796   1.49824751E-002
    689.05008   1.49662949E-002
    689.36219   1.49501435E-002
    689.67430   1.49340209E-002
    689.98641   1.49179268E-002
    690.29852   1.49018612E-002
    690.61063   1.48858240E-002
    690.92274   1.48698148E-002
    691.23485   1.48538338E-002
    691.54696   1.48378805E-002
    691.85907   1.48219551E-002
    692.17118   1.48060572E-002
    692.48329   1.47901868E-002
    692.79540   1.47743438E-002
    693.10751   1.47585279E-002
    693.41962   1.47427391E-002
    693.73173   1.47269773E-002
    694.04384   1.47112422E-002
    694.35595   1.46955338E-002
    694.66806   1.46798519E-002
    694.98017   1.46641965E-002
    695.29228   1.46485673E-002
    695.60439   1.46329642E-002
    695.91650   1.46173872E-002
    696.22861   1.46018361E-002
    696.54072   1.45863107E-002
    696.85283   1.45708110E-002
    697.16494   1.45553368E-002
    697.47705   1.45398880E-002
    697.78916   1.45244645E-002
    698.10127   1.45090662E-002
    698.41338   1.44936928E-002
    698.72549   1.44783444E-002
    699.03760   1.44630208E-002
    699.34971   1.44477218E-002
    699.66182   1.44324475E-002
    699.97393   1.44171975E-002
    700.28604   1.44019719E-002
    700.59815   1.43867705E-002
    700.91026   1.43715933E-002
    701.22237   1.43564400E-002
    701.53448   1.43413105E-002
    701.84659   1.43262049E-002
    702.15870   1.43111229E-002
    702.47081   1.42960644E-002
    702.78292   1.42810294E-002
    703.09503   1.42660177E-002
    703.40714   1.42510292E-002
    703.71925   1.42360639E-002
    704.03136   1.42211215E-002
    704.34347   1.42062021E-002
    704.65558   1.41913055E-002
    704.96769   1.41764315E-002
    705.27980   1.41615801E-002
    705.59191   1.41467513E-002
    705.90402   1.41319448E-002
    706.21613   1.41171606E-002
    706.52824   1.41023986E-002
    706.84035   1.40876587E-002
    707.15246   1.40729407E-002
    707.46457   1.40582447E-002
    707.77668   1.40435705E-002
    708.08879   1.40289179E-002
    708.40090   1.40142870E-002
    708.71301   1.39996775E-002
    709.02512   1.39850895E-002
    709.33723   1.39705228E-002
    709.64934   1.39559773E-002
    709.96145   1.39414530E-002
    710.27356   1.39269497E-002
    710.58567   1.39124673E-002
    710.89778   1.38980058E-002
    711.20989   1.38835651E-002
    711.52200   1.38691450E-002
    711.83411   1.38547456E-002
    712.14622   1.38403666E-002
    712.45833   1.38260081E-002
    712.77044   1.38116699E-002
    713.08255   1.37973519E-002
    713.39466   1.37830541E-002
    713.70677   1.37687763E-002
    714.01888   1.37545186E-002
    714.33099   1.37402808E-002
    714.64310   1.37260628E-002
    714.95521   1.37118645E-002
    715.26732   1.36976859E-002
    715.57943   1.36835268E-002
    715.89154   1.36693873E-002
    716.20365   1.36552672E-002
    716.51576   1.36411664E-002
    716.82787   1.36270848E-002
    717.13998   1.36130225E-002
    717.45209   1.35989792E-002
    717.76420   1.35849550E-002
    718.07632   1.35709498E-002
    718.38843   1.35569634E-002
    718.70054   1.35429958E-002
    719.01265   1.35290469E-002
    719.32476   1.35151166E-002
    719.63687   1.35012050E-002
    719.94898   1.34873118E-002
    720.26109   1.34734371E-002
    720.57320   1.34595807E-002
    720.88531   1.34457426E-002
    721.19742   1.34319228E-002
    721.50953   1.34181210E-002
    721.82164   1.34043374E-002
    722.13375   1.33905717E-002
    722.44586   1.33768240E-002
    722.75797   1.33630941E-002
    723.07008   1.33493821E-002
    723.38219   1.33356878E-002
    723.69430   1.33220111E-002
    724.00641   1.33083520E-002
    724.31852   1.32947105E-002
    724.63063   1.32810864E-002
    724.94274   1.32674797E-002
    725.25485   1.32538904E-002
    725.56696   1.32403183E-002
    725.87907   1.32267634E-002
    726.19118   1.32132257E-002
    726.50329   1.31997051E-002
    726.81540   1.31862014E-002
    727.12751   1.31727148E-002
    727.43962   1.31592450E-002
    727.75173   1.31457920E-002
    728.06384   1.31323559E-002
    728.37595   1.31189364E-002
    728.68806   1.31055336E-002
    729.00017   1.30921474E-002
    729.31228   1.30787777E-002
    729.62439   1.30654246E-002
    729.93650   1.30520878E-002
    730.24861   1.30387674E-002
    730.56072   1.30254633E-002
    730.87283   1.30121754E-002
    731.18494   1.29989038E-002
    731.49705   1.29856482E-002
    731.80916   1.29724088E-002
    732.12127   1.29591854E-002
    732.43338   1.29459779E-002
    732.74549   1.29327864E-002
    733.05760   1.29196107E-002
    733.36971   1.29064509E-002
    733.68182   1.28933068E-002
    733.99393   1.28801784E-002
    734.30604   1.28670657E-002
    734.61815   1.28539686E-002
    734.93026   1.28408870E-002
    735.24237   1.28278209E-002
    735.55448   1.28147703E-002
    735.86659   1.28017351E-002
    736.17870   1.27887152E-002
    736.49081   1.27757106E-002
    736.80292   1.27627213E-002
    737.11503   1.27497472E-002
    737.42714   1.27367882E-002
    737.73925   1.27238443E-002
    738.05136   1.27109155E-002
    738.36347   1.26980017E-002
    738.67558   1.26851029E-002
    738.98769   1.26722190E-002
    739.29980   1.26593500E-002
    739.61191   1.26464957E-002
    739.92402   1.26336563E-002
    740.23613   1.26208316E-002
    740.54824   1.26080216E-002
    740.86035   1.25952263E-002
    741.17246   1.25824455E-002
    741.48457   1.25696793E-002
    741.79668   1.25569276E-002
    742.10879   1.25441904E-002
    742.42090   1.25314676E-002
    742.73301   1.25187592E-002
    743.04512   1.25060652E-002
    743.35723   1.24933854E-002
    743.66934   1.24807199E-002
    743.98145   1.24680687E-002
    744.29356   1.24554316E-002
    744.60567   1.24428086E-002
    744.91778   1.24301998E-002
    745.22989   1.24176050E-002
    745.54200   1.24050242E-002
    745.85411   1.23924574E-002
    746.16622   1.23799046E-002
    746.47833   1.23673656E-002
    746.79045   1.23548405E-002
    747.10256   1.23423292E-002
    747.41467   1.23298317E-002
    747.72678   1.23173480E-002
    748.03889   1.23048780E-002
    748.35100   1.22924216E-002
    748.66311   1.22799789E-002
    748.97522   1.22675498E-002
    749.28733   1.22551343E-002
    749.59944   1.22427322E-002
    749.91155   1.22303437E-002
    750.22366   1.22179686E-002
    750.53577   1.22056070E-002
    750.84788   1.21932587E-002
    751.15999   1.21809238E-002
    751.47210   1.21686022E-002
    751.78421   1.21562939E-002
    752.09632   1.21439989E-002
    752.40843   1.21317171E-002
    752.72054   1.21194484E-002
    753.03265   1.21071929E-002
    753.34476   1.20949505E-002
    753.65687   1.20827212E-002
    753.96898   1.20705050E-002
    754.28109   1.20583018E-002
    754.59320   1.20461115E-002
    754.90531   1.20339342E-002
    755.21742   1.20217699E-002
    755.52953   1.20096184E-002
    755.84164   1.19974798E-002
    756.15375   1.19853541E-002
    756.46586   1.19732411E-002
    756.77797   1.19611409E-002
    757.09008   1.19490535E-002
    757.40219   1.19369788E-002
    757.71430   1.19249167E-002
    758.02641   1.19128673E-002
    758.33852   1.19008306E-002
    758.65063   1.18888064E-002
    758.96274   1.18767948E-002
    759.27485   1.18647957E-002
    759.58696   1.18528092E-002
    759.89907   1.18408351E-002
    760.21118   1.18288735E-002
    760.52329   1.18169243E-002
    760.83540   1.18049875E-002
    761.14751   1.17930631E-002
    761.45962   1.17811511E-002
    761.77173   1.17692513E-002
    762.08384   1.17573639E-002
    762.39595   1.17454887E-002
    762.70806   1.17336257E-002
    763.02017   1.17217750E-002
    763.33228   1.17099364E-002
    763.64439   1.16981101E-002
    763.95650   1.16862958E-002
    764.26861   1.16744937E-002
    764.58072   1.16627036E-002
    764.89283   1.16509257E-002
    765.20494   1.16391597E-002
    765.51705   1.16274058E-002
    765.82916   1.16156638E-002
    766.14127   1.16039339E-002
    766.45338   1.15922158E-002
    766.76549   1.15805097E-002
    767.07760   1.15688155E-002
    767.38971   1.15571331E-002
    767.70182   1.15454626E-002
    768.01393   1.15338040E-002
    768.32604   1.15221571E-002
    768.63815   1.15105220E-002
    768.95026   1.14988986E-002
    769.26237   1.14872870E-002
    769.57448   1.14756871E-002
    769.88659   1.14640989E-002
    770.19870   1.14525224E-002
    770.51081   1.14409575E-002
    770.82292   1.14294042E-002
    771.13503   1.14178626E-002
    771.44714   1.14063325E-002
    771.75925   1.13948140E-002
    772.07136   1.13833070E-002
    772.38347   1.13718115E-002
    772.69558   1.13603275E-002
    773.00769   1.13488551E-002
    773.31980   1.13373940E-002
    773.63191   1.13259445E-002
    773.94402   1.13145063E-002
    774.25613   1.13030795E-002
    774.56824   1.12916641E-002
    774.88035   1.12802601E-002
    775.19246   1.12688674E-002
    775.50457   1.12574860E-002
    775.81669   1.12461159E-002
    776.12880   1.12347572E-002
    776.44091   1.12234096E-002
    776.75302   1.12120734E-002
    777.06513   1.12007483E-002
    777.37724   1.11894345E-002
    777.68935   1.11781318E-002
    778.00146   1.11668403E-002
    778.31357   1.11555600E-002
    778.62568   1.11442908E-002
    778.93779   1.11330327E-002
    779.24990   1.11217857E-002
    779.56201   1.11105498E-002
    779.87412   1.10993250E-002
    780.18623   1.10881112E-002
    780.49834   1.10769084E-002
    780.81045   1.10657167E-002
    781.12256   1.10545360E-002
    781.43467   1.10433662E-002
    781.74678   1.10322074E-002
    782.05889   1.10210595E-002
    782.37100   1.10099226E-002
    782.68311   1.09987966E-002
    782.99522   1.09876815E-002
    783.30733   1.09765772E-002
    783.61944   1.09654839E-002
    783.93155   1.09544014E-002
    784.24366   1.09433297E-002
    784.55577   1.09322688E-002
    784.86788   1.09212187E-002
    785.17999   1.09101795E-002
    785.49210   1.08991510E-002
    785.80421   1.08881332E-002
    786.11632   1.08771262E-002
    786.42843   1.08661299E-002
    786.74054   1.08551444E-002
    787.05265   1.08441695E-002
    787.36476   1.08332053E-002
    787.67687   1.08222518E-002
    787.98898   1.08113089E-002
    788.30109   1.08003767E-002
    788.61320   1.07894551E-002
    788.92531   1.07785441E-002
    789.23742   1.07676437E-002
    789.54953   1.07567539E-002
    789.86164   1.07458747E-002
    790.17375   1.07350060E-002
    790.48586   1.07241478E-002
    790.79797   1.07133002E-002
    791.11008   1.07024631E-002
    791.42219   1.06916365E-002
    791.73430   1.06808204E-002
    792.04641   1.06700147E-002
    792.35852   1.06592195E-002
    792.67063   1.06484348E-002
    792.98274   1.06376605E-002
    793.29485   1.06268966E-002
    793.60696   1.06161431E-002
    793.91907   1.06054000E-002
    794.23118   1.05946674E-002
    794.54329   1.05839450E-002
    794.85540   1.05732331E-002
    795.16751   1.05625314E-002
    795.47962   1.05518402E-002
    795.79173   1.05411592E-002
    796.10384   1.05304885E-002
    796.41595   1.05198282E-002
    796.72806   1.05091781E-002
    797.04017   1.04985383E-002
    797.35228   1.04879088E-002
    797.66439   1.04772895E-002
    797.97650   1.04666804E-002
    798.28861   1.04560816E-002
    798.60072   1.04454930E-002
    798.91283   1.04349146E-002
    799.22494   1.04243464E-002
    799.53705   1.04137883E-002
    799.84916   1.04032405E-002
    800.16127   1.03927028E-002
    800.47338   1.03821752E-002
    800.78549   1.03716578E-002
    801.09760   1.03611505E-002
    801.40971   1.03506533E-002
    801.72182   1.03401662E-002
    802.03393   1.03296892E-002
    802.34604   1.03192223E-002
    802.65815   1.03087654E-002
    802.97026   1.02983187E-002
    803.28237   1.02878819E-002
    803.59448   1.02774552E-002
    803.90659   1.02670386E-002
    804.21870   1.02566319E-002
    804.53082   1.02462353E-002
    804.84293   1.02358487E-002
    805.15504   1.02254720E-002
    805.46715   1.02151053E-002
    805.77926   1.02047486E-002
    806.09137   1.01944019E-002
    806.40348   1.01840651E-002
    806.71559   1.01737382E-002
    807.02770   1.01634213E-002
    807.33981   1.01531142E-002
    807.65192   1.01428171E-002
    807.96403   1.01325299E-002
    808.27614   1.01222526E-002
    808.58825   1.01119851E-002
    808.90036   1.01017276E-002
    809.21247   1.00914798E-002
    809.52458   1.00812420E-002
    809.83669   1.00710140E-002
    810.14880   1.00607958E-002
    810.46091   1.00505874E-002
    810.77302   1.00403889E-002
    811.08513   1.00302001E-002
    811.39724   1.00200212E-002
    811.70935   1.00098520E-002
    812.02146   9.99969260E-003
    812.33357   9.98954298E-003
    812.64568   9.97940312E-003
    812.95779   9.96927301E-003
    813.26990   9.95915265E-003
    813.58201   9.94904201E-003
    813.89412   9.93894110E-003
    814.20623   9.92884991E-003
    814.51834   9.91876843E-003
    814.83045   9.90869664E-003
    815.14256   9.89863454E-003
    815.45467   9.88858213E-003
    815.76678   9.87853939E-003
    816.07889   9.86850631E-003
    816.39100   9.85848289E-003
    816.70311   9.84846912E-003
    817.01522   9.83846499E-003
    817.32733   9.82847048E-003
    817.63944   9.81848561E-003
    817.95155   9.80851034E-003
    818.26366   9.79854469E-003
    818.57577   9.78858863E-003
    818.88788   9.77864217E-003
    819.19999   9.76870528E-003
    819.51210   9.75877797E-003
    819.82421   9.74886023E-003
    820.13632   9.73895205E-003
    820.44843   9.72905342E-003
    820.76054   9.71916433E-003
    821.07265   9.70928477E-003
    821.38476   9.69941475E-003
    821.69687   9.68955424E-003
    822.00898   9.67970325E-003
    822.32109   9.66986176E-003
    822.63320   9.66002976E-003
    822.94531   9.65020726E-003
    823.25742   9.64039424E-003
    823.56953   9.63059069E-003
    823.88164   9.62079661E-003
    824.19375   9.61101198E-003
    824.50586   9.60123681E-003
    824.81797   9.59147108E-003
    825.13008   9.58171479E-003
    825.44219   9.57196793E-003
    825.75430   9.56223049E-003
    826.06641   9.55250246E-003
    826.37852   9.54278385E-003
    826.69063   9.53307463E-003
    827.00274   9.52337481E-003
    827.31485   9.51368437E-003
    827.62696   9.50400331E-003
    827.93907   9.49433162E-003
    828.25118   9.48466929E-003
    828.56329   9.47501632E-003
    828.87540   9.46537271E-003
    829.18751   9.45573843E-003
    829.49962   9.44611349E-003
    829.81173   9.43649789E-003
    830.12384   9.42689160E-003
    830.43595   9.41729463E-003
    830.74806   9.40770696E-003
    831.06017   9.39812860E-003
    831.37228   9.38855953E-003
    831.68439   9.37899975E-003
    831.99650   9.36944925E-003
    832.30861   9.35990803E-003
    832.62072   9.35037607E-003
    832.93283   9.34085337E-003
    833.24494   9.33133993E-003
    833.55706   9.32183573E-003
    833.86917   9.31234078E-003
    834.18128   9.30285506E-003
    834.49339   9.29337856E-003
    834.80550   9.28391128E-003
    835.11761   9.27445322E-003
    835.42972   9.26500437E-003
    835.74183   9.25556472E-003
    836.05394   9.24613426E-003
    836.36605   9.23671299E-003
    836.67816   9.22730090E-003
    836.99027   9.21789798E-003
    837.30238   9.20850423E-003
    837.61449   9.19911965E-003
    837.92660   9.18974421E-003
    838.23871   9.18037793E-003
    838.55082   9.17102079E-003
    838.86293   9.16167279E-003
    839.17504   9.15233391E-003
    839.48715   9.14300416E-003
    839.79926   9.13368353E-003
    840.11137   9.12437201E-003
    840.42348   9.11506959E-003
    840.73559   9.10577626E-003
    841.04770   9.09649204E-003
    841.35981   9.08721689E-003
    841.67192   9.07795083E-003
    841.98403   9.06869383E-003
    842.29614   9.05944591E-003
    842.60825   9.05020705E-003
    842.92036   9.04097724E-003
    843.23247   9.03175647E-003
    843.54458   9.02254475E-003
    843.85669   9.01334207E-003
    844.16880   9.00414842E-003
    844.48091   8.99496379E-003
    844.79302   8.98578817E-003
    845.10513   8.97662157E-003
    845.41724   8.96746398E-003
    845.72935   8.95831538E-003
    846.04146   8.94917577E-003
    846.35357   8.94004516E-003
    846.66568   8.93092352E-003
    846.97779   8.92181086E-003
    847.28990   8.91270717E-003
    847.60201   8.90361244E-003
    847.91412   8.89452667E-003
    848.22623   8.88544985E-003
    848.53834   8.87638198E-003
    848.85045   8.86732305E-003
    849.16256   8.85827304E-003
    849.47467   8.84923197E-003
    849.78678   8.84019982E-003
    850.09889   8.83117658E-003
    850.41100   8.82216225E-003
    850.72311   8.81315683E-003
    851.03522   8.80416030E-003
    851.34733   8.79517267E-003
    851.65944   8.78619392E-003
    851.97155   8.77722405E-003
    852.28366   8.76826306E-003
    852.59577   8.75931093E-003
    852.90788   8.75036767E-003
    853.21999   8.74143326E-003
    853.53210   8.73250771E-003
    853.84421   8.72359100E-003
    854.15632   8.71468313E-003
    854.46843   8.70578409E-003
    854.78054   8.69689388E-003
    855.09265   8.68801250E-003
    855.40476   8.67913993E-003
    855.71687   8.67027617E-003
    856.02898   8.66142121E-003
    856.34109   8.65257505E-003
    856.65320   8.64373769E-003
    856.96531   8.63490912E-003
    857.27742   8.62608932E-003
    857.58953   8.61727830E-003
    857.90164   8.60847606E-003
    858.21375   8.59968257E-003
    858.52586   8.59089785E-003
    858.83797   8.58212188E-003
    859.15008   8.57335465E-003
    859.46219   8.56459617E-003
    859.77430   8.55584643E-003
    860.08641   8.54710541E-003
    860.39852   8.53837312E-003
    860.71063   8.52964955E-003
    861.02274   8.52093469E-003
    861.33485   8.51222854E-003
    861.64696   8.50353109E-003
    861.95907   8.49484233E-003
    862.27119   8.48616227E-003
    862.58330   8.47749089E-003
    862.89541   8.46882820E-003
    863.20752   8.46017417E-003
    863.51963   8.45152882E-003
    863.83174   8.44289212E-003
    864.14385   8.43426409E-003
    864.45596   8.42564470E-003
    864.76807   8.41703396E-003
    865.08018   8.40843186E-003
    865.39229   8.39983839E-003
    865.70440   8.39125356E-003
    866.01651   8.38267734E-003
    866.32862   8.37410975E-003
    866.64073   8.36555076E-003
    866.95284   8.35700038E-003
    867.26495   8.34845860E-003
    867.57706   8.33992542E-003
    867.88917   8.33140083E-003
    868.20128   8.32288482E-003
    868.51339   8.31437739E-003
    868.82550   8.30587853E-003
    869.13761   8.29738824E-003
    869.44972   8.28890651E-003
    869.76183   8.28043333E-003
    870.07394   8.27196871E-003
    870.38605   8.26351263E-003
    870.69816   8.25506509E-003
    871.01027   8.24662608E-003
    871.32238   8.23819561E-003
    871.63449   8.22977365E-003
    871.94660   8.22136021E-003
    872.25871   8.21295528E-003
    872.57082   8.20455886E-003
    872.88293   8.19617094E-003
    873.19504   8.18779151E-003
    873.50715   8.17942057E-003
    873.81926   8.17105812E-003
    874.13137   8.16270414E-003
    874.44348   8.15435864E-003
    874.75559   8.14602160E-003
    875.06770   8.13769302E-003
    875.37981   8.12937290E-003
    875.69192   8.12106123E-003
    876.00403   8.11275801E-003
    876.31614   8.10446322E-003
    876.62825   8.09617687E-003
    876.94036   8.08789894E-003
    877.25247   8.07962944E-003
    877.56458   8.07136835E-003
    877.87669   8.06311567E-003
    878.18880   8.05487140E-003
    878.50091   8.04663553E-003
    878.81302   8.03840805E-003
    879.12513   8.03018897E-003
    879.43724   8.02197826E-003
    879.74935   8.01377594E-003
    880.06146   8.00558198E-003
    880.37357   7.99739640E-003
    880.68568   7.98921917E-003
    880.99779   7.98105030E-003
    881.30990   7.97288978E-003
    881.62201   7.96473760E-003
    881.93412   7.95659376E-003
    882.24623   7.94845826E-003
    882.55834   7.94033108E-003
    882.87045   7.93221223E-003
    883.18256   7.92410169E-003
    883.49467   7.91599946E-003
    883.80678   7.90790554E-003
    884.11889   7.89981992E-003
    884.43100   7.89174259E-003
    884.74311   7.88367355E-003
    885.05522   7.87561279E-003
    885.36733   7.86756031E-003
    885.67944   7.85951611E-003
    885.99155   7.85148017E-003
    886.30366   7.84345249E-003
    886.61577   7.83543306E-003
    886.92788   7.82742189E-003
    887.23999   7.81941895E-003
    887.55210   7.81142426E-003
    887.86421   7.80343780E-003
    888.17632   7.79545957E-003
    888.48843   7.78748956E-003
    888.80054   7.77952776E-003
    889.11265   7.77157418E-003
    889.42476   7.76362880E-003
    889.73687   7.75569162E-003
    890.04898   7.74776263E-003
    890.36109   7.73984183E-003
    890.67320   7.73192921E-003
    890.98531   7.72402477E-003
    891.29743   7.71612850E-003
    891.60954   7.70824040E-003
    891.92165   7.70036046E-003
    892.23376   7.69248867E-003
    892.54587   7.68462503E-003
    892.85798   7.67676953E-003
    893.17009   7.66892217E-003
    893.48220   7.66108294E-003
    893.79431   7.65325184E-003
    894.10642   7.64542886E-003
    894.41853   7.63761399E-003
    894.73064   7.62980724E-003
    895.04275   7.62200859E-003
    895.35486   7.61421803E-003
    895.66697   7.60643557E-003
    895.97908   7.59866119E-003
    896.29119   7.59089490E-003
    896.60330   7.58313668E-003
    896.91541   7.57538653E-003
    897.22752   7.56764445E-003
    897.53963   7.55991042E-003
    897.85174   7.55218445E-003
    898.16385   7.54446652E-003
    898.47596   7.53675663E-003
    898.78807   7.52905479E-003
    899.10018   7.52136097E-003
    899.41229   7.51367517E-003
    899.72440   7.50599740E-003
    900.03651   7.49832764E-003
    900.34862   7.49066588E-003
    900.66073   7.48301213E-003
    900.97284   7.47536638E-003
    901.28495   7.46772861E-003
    901.59706   7.46009883E-003
    901.90917   7.45247703E-003
    902.22128   7.44486320E-003
    902.53339   7.43725734E-003
    902.84550   7.42965944E-003
    903.15761   7.42206950E-003
    903.46972   7.41448751E-003
    903.78183   7.40691346E-003
    904.09394   7.39934736E-003
    904.40605   7.39178918E-003
    904.71816   7.38423894E-003
    905.03027   7.37669661E-003
    905.34238   7.36916221E-003
    905.65449   7.36163571E-003
    905.96660   7.35411712E-003
    906.27871   7.34660643E-003
    906.59082   7.33910363E-003
    906.90293   7.33160872E-003
    907.21504   7.32412169E-003
    907.52715   7.31664253E-003
    907.83926   7.30917125E-003
    908.15137   7.30170783E-003
    908.46348   7.29425228E-003
    908.77559   7.28680457E-003
    909.08770   7.27936471E-003
    909.39981   7.27193270E-003
    909.71192   7.26450852E-003
    910.02403   7.25709217E-003
    910.33614   7.24968364E-003
    910.64825   7.24228294E-003
    910.96036   7.23489004E-003
    911.27247   7.22750496E-003
    911.58458   7.22012767E-003
    911.89669   7.21275819E-003
    912.20880   7.20539649E-003
    912.52091   7.19804257E-003
    912.83302   7.19069643E-003
    913.14513   7.18335807E-003
    913.45724   7.17602747E-003
    913.76935   7.16870464E-003
    914.08146   7.16138956E-003
    914.39357   7.15408222E-003
    914.70568   7.14678263E-003
    915.01779   7.13949078E-003
    915.32990   7.13220667E-003
    915.64201   7.12493027E-003
    915.95412   7.11766160E-003
    916.26623   7.11040064E-003
    916.57834   7.10314739E-003
    916.89045   7.09590185E-003
    917.20256   7.08866400E-003
    917.51467   7.08143384E-003
    917.82678   7.07421136E-003
    918.13889   7.06699657E-003
    918.45100   7.05978945E-003
    918.76311   7.05259000E-003
    919.07522   7.04539821E-003
    919.38733   7.03821408E-003
    919.69944   7.03103759E-003
    920.01156   7.02386875E-003
    920.32367   7.01670755E-003
    920.63578   7.00955398E-003
    920.94789   7.00240804E-003
    921.26000   6.99526972E-003
    921.57211   6.98813902E-003
    921.88422   6.98101592E-003
    922.19633   6.97390043E-003
    922.50844   6.96679253E-003
    922.82055   6.95969223E-003
    923.13266   6.95259951E-003
    923.44477   6.94551437E-003
    923.75688   6.93843681E-003
    924.06899   6.93136682E-003
    924.38110   6.92430438E-003
    924.69321   6.91724950E-003
    925.00532   6.91020218E-003
    925.31743   6.90316240E-003
    925.62954   6.89613015E-003
    925.94165   6.88910544E-003
    926.25376   6.88208826E-003
    926.56587   6.87507859E-003
    926.87798   6.86807645E-003
    927.19009   6.86108181E-003
    927.50220   6.85409467E-003
    927.81431   6.84711503E-003
    928.12642   6.84014288E-003
    928.43853   6.83317822E-003
    928.75064   6.82622104E-003
    929.06275   6.81927133E-003
    929.37486   6.81232909E-003
    929.68697   6.80539431E-003
    929.99908   6.79846699E-003
    930.31119   6.79154711E-003
    930.62330   6.78463468E-003
    930.93541   6.77772969E-003
    931.24752   6.77083213E-003
    931.55963   6.76394199E-003
    931.87174   6.75705928E-003
    932.18385   6.75018398E-003
    932.49596   6.74331609E-003
    932.80807   6.73645560E-003
    933.12018   6.72960250E-003
    933.43229   6.72275680E-003
    933.74440   6.71591848E-003
    934.05651   6.70908754E-003
    934.36862   6.70226397E-003
    934.68073   6.69544777E-003
    934.99284   6.68863892E-003
    935.30495   6.68183744E-003
    935.61706   6.67504330E-003
    935.92917   6.66825650E-003
    936.24128   6.66147704E-003
    936.55339   6.65470491E-003
    936.86550   6.64794011E-003
    937.17761   6.64118262E-003
    937.48972   6.63443244E-003
    937.80183   6.62768958E-003
    938.11394   6.62095401E-003
    938.42605   6.61422574E-003
    938.73816   6.60750475E-003
    939.05027   6.60079105E-003
    939.36238   6.59408463E-003
    939.67449   6.58738547E-003
    939.98660   6.58069358E-003
    940.29871   6.57400895E-003
    940.61082   6.56733157E-003
    940.92293   6.56066144E-003
    941.23504   6.55399854E-003
    941.54715   6.54734288E-003
    941.85926   6.54069446E-003
    942.17137   6.53405325E-003
    942.48348   6.52741926E-003
    942.79559   6.52079248E-003
    943.10770   6.51417290E-003
    943.41981   6.50756052E-003
    943.73192   6.50095533E-003
    944.04403   6.49435733E-003
    944.35614   6.48776651E-003
    944.66825   6.48118287E-003
    944.98036   6.47460639E-003
    945.29247   6.46803707E-003
    945.60458   6.46147491E-003
    945.91669   6.45491990E-003
    946.22880   6.44837204E-003
    946.54091   6.44183131E-003
    946.85302   6.43529771E-003
    947.16513   6.42877124E-003
    947.47724   6.42225189E-003
    947.78935   6.41573965E-003
    948.10146   6.40923452E-003
    948.41357   6.40273649E-003
    948.72568   6.39624555E-003
    949.03780   6.38976171E-003
    949.34991   6.38328495E-003
    949.66202   6.37681526E-003
    949.97413   6.37035265E-003
    950.28624   6.36389710E-003
    950.59835   6.35744861E-003
    950.91046   6.35100718E-003
    951.22257   6.34457279E-003
    951.53468   6.33814544E-003
    951.84679   6.33172513E-003
    952.15890   6.32531184E-003
    952.47101   6.31890558E-003
    952.78312   6.31250633E-003
    953.09523   6.30611409E-003
    953.40734   6.29972886E-003
    953.71945   6.29335063E-003
    954.03156   6.28697939E-003
    954.34367   6.28061513E-003
    954.65578   6.27425785E-003
    954.96789   6.26790755E-003
    955.28000   6.26156422E-003
    955.59211   6.25522785E-003
    955.90422   6.24889843E-003
    956.21633   6.24257596E-003
    956.52844   6.23626044E-003
    956.84055   6.22995185E-003
    957.15266   6.22365019E-003
    957.46477   6.21735546E-003
    957.77688   6.21106765E-003
    958.08899   6.20478675E-003
    958.40110   6.19851276E-003
    958.71321   6.19224566E-003
    959.02532   6.18598547E-003
    959.33743   6.17973216E-003
    959.64954   6.17348573E-003
    959.96165   6.16724618E-003
    960.27376   6.16101350E-003
    960.58587   6.15478768E-003
    960.89798   6.14856872E-003
    961.21009   6.14235661E-003
    961.52220   6.13615135E-003
    961.83431   6.12995293E-003
    962.14642   6.12376134E-003
    962.45853   6.11757658E-003
    962.77064   6.11139864E-003
    963.08275   6.10522752E-003
    963.39486   6.09906320E-003
    963.70697   6.09290569E-003
    964.01908   6.08675497E-003
    964.33119   6.08061104E-003
    964.64330   6.07447390E-003
    964.95541   6.06834354E-003
    965.26752   6.06221995E-003
    965.57963   6.05610312E-003
    965.89174   6.04999305E-003
    966.20385   6.04388974E-003
    966.51596   6.03779318E-003
    966.82807   6.03170336E-003
    967.14018   6.02562027E-003
    967.45229   6.01954391E-003
    967.76440   6.01347428E-003
    968.07651   6.00741136E-003
    968.38862   6.00135516E-003
    968.70073   5.99530565E-003
    969.01284   5.98926285E-003
    969.32495   5.98322674E-003
    969.63706   5.97719732E-003
    969.94917   5.97117457E-003
    970.26128   5.96515851E-003
    970.57339   5.95914910E-003
    970.88550   5.95314636E-003
    971.19761   5.94715028E-003
    971.50972   5.94116085E-003
    971.82183   5.93517806E-003
    972.13394   5.92920190E-003
    972.44605   5.92323238E-003
    972.75816   5.91726949E-003
    973.07027   5.91131321E-003
    973.38238   5.90536354E-003
    973.69449   5.89942049E-003
    974.00660   5.89348403E-003
    974.31871   5.88755417E-003
    974.63082   5.88163089E-003
    974.94293   5.87571420E-003
    975.25504   5.86980408E-003
    975.56715   5.86390054E-003
    975.87926   5.85800355E-003
    976.19137   5.85211313E-003
    976.50348   5.84622926E-003
    976.81559   5.84035193E-003
    977.12770   5.83448114E-003
    977.43981   5.82861689E-003
    977.75193   5.82275916E-003
    978.06404   5.81690795E-003
    978.37615   5.81106326E-003
    978.68826   5.80522507E-003
    979.00037   5.79939339E-003
    979.31248   5.79356821E-003
    979.62459   5.78774951E-003
    979.93670   5.78193730E-003
    980.24881   5.77613157E-003
    980.56092   5.77033231E-003
    980.87303   5.76453951E-003
    981.18514   5.75875318E-003
    981.49725   5.75297330E-003
    981.80936   5.74719986E-003
    982.12147   5.74143287E-003
    982.43358   5.73567231E-003
    982.74569   5.72991818E-003
    983.05780   5.72417048E-003
    983.36991   5.71842919E-003
    983.68202   5.71269431E-003
    983.99413   5.70696583E-003
    984.30624   5.70124376E-003
    984.61835   5.69552807E-003
    984.93046   5.68981877E-003
    985.24257   5.68411586E-003
    985.55468   5.67841931E-003
    985.86679   5.67272914E-003
    986.17890   5.66704532E-003
    986.49101   5.66136786E-003
    986.80312   5.65569675E-003
    987.11523   5.65003199E-003
    987.42734   5.64437356E-003
    987.73945   5.63872146E-003
    988.05156   5.63307568E-003
    988.36367   5.62743623E-003
    988.67578   5.62180309E-003
    988.98789   5.61617625E-003
    989.30000   5.61055572E-003
    989.61211   5.60494148E-003
    989.92422   5.59933353E-003
    990.23633   5.59373186E-003
    990.54844   5.58813646E-003
    990.86055   5.58254734E-003
    991.17266   5.57696448E-003
    991.48477   5.57138788E-003
    991.79688   5.56581752E-003
    992.10899   5.56025342E-003
    992.42110   5.55469555E-003
    992.73321   5.54914392E-003
    993.04532   5.54359851E-003
    993.35743   5.53805933E-003
    993.66954   5.53252636E-003
    993.98165   5.52699960E-003
    994.29376   5.52147904E-003
    994.60587   5.51596468E-003
    994.91798   5.51045651E-003
    995.23009   5.50495453E-003
    995.54220   5.49945872E-003
    995.85431   5.49396908E-003
    996.16642   5.48848562E-003
    996.47853   5.48300831E-003
    996.79064   5.47753715E-003
    997.10275   5.47207215E-003
    997.41486   5.46661328E-003
    997.72697   5.46116055E-003
    998.03908   5.45571395E-003
    998.35119   5.45027348E-003
    998.66330   5.44483912E-003
    998.97541   5.43941088E-003
    999.28752   5.43398873E-003
    999.59963   5.42857269E-003
    999.91174   5.42316275E-003
   1000.22385   5.41775889E-003
   1000.53596   5.41236111E-003
   1000.84807   5.40696940E-003
   1001.16018   5.40158377E-003
   1001.47229   5.39620419E-003
   1001.78440   5.39083068E-003
   1002.09651   5.38546321E-003
   1002.40862   5.38010179E-003
   1002.72073   5.37474641E-003
   1003.03284   5.36939706E-003
   1003.34495   5.36405374E-003
   1003.65706   5.35871644E-003
   1003.96917   5.35338515E-003
   1004.28128   5.34805987E-003
   1004.59339   5.34274060E-003
   1004.90550   5.33742732E-003
   1005.21761   5.33212003E-003
   1005.52972   5.32681872E-003
   1005.84183   5.32152340E-003
   1006.15394   5.31623404E-003
   1006.46606   5.31095065E-003
   1006.77817   5.30567322E-003
   1007.09028   5.30040175E-003
   1007.40239   5.29513622E-003
   1007.71450   5.28987664E-003
   1008.02661   5.28462299E-003
   1008.33872   5.27937527E-003
   1008.65083   5.27413348E-003
   1008.96294   5.26889760E-003
   1009.27505   5.26366764E-003
   1009.58716   5.25844358E-003
   1009.89927   5.25322542E-003
   1010.21138   5.24801315E-003
   1010.52349   5.24280678E-003
   1010.83560   5.23760628E-003
   1011.14771   5.23241166E-003
   1011.45982   5.22722291E-003
   1011.77193   5.22204002E-003
   1012.08404   5.21686299E-003
   1012.39615   5.21169182E-003
   1012.70826   5.20652649E-003
   1013.02037   5.20136700E-003
   1013.33248   5.19621334E-003
   1013.64459   5.19106551E-003
   1013.95670   5.18592350E-003
   1014.26881   5.18078731E-003
   1014.58092   5.17565693E-003
   1014.89303   5.17053235E-003
   1015.20514   5.16541357E-003
   1015.51725   5.16030058E-003
   1015.82936   5.15519337E-003
   1016.14147   5.15009195E-003
   1016.45358   5.14499630E-003
   1016.76569   5.13990642E-003
   1017.07780   5.13482230E-003
   1017.38991   5.12974394E-003
   1017.70202   5.12467133E-003
   1018.01413   5.11960446E-003
   1018.32624   5.11454333E-003
   1018.63835   5.10948793E-003
   1018.95046   5.10443825E-003
   1019.26257   5.09939430E-003
   1019.57468   5.09435606E-003
   1019.88679   5.08932354E-003
   1020.19890   5.08429671E-003
   1020.51101   5.07927558E-003
   1020.82312   5.07426014E-003
   1021.13523   5.06925038E-003
   1021.44734   5.06424631E-003
   1021.75945   5.05924790E-003
   1022.07156   5.05425516E-003
   1022.38367   5.04926809E-003
   1022.69578   5.04428667E-003
   1023.00789   5.03931089E-003
   1023.32000   5.03434077E-003
   1023.63211   5.02937627E-003
   1023.94422   5.02441741E-003
   1024.25633   5.01946418E-003
   1024.56844   5.01451656E-003
   1024.88055   5.00957456E-003
   1025.19266   5.00463817E-003
