     87.87774   1.70079570E-018
     88.19220   4.05221821E-018
     88.50666   9.50459005E-018
     88.82112   2.19528042E-017
     89.13558   4.99432233E-017
     89.45004   1.11945021E-016
     89.76450   2.47277271E-016
     90.07896   5.38421331E-016
     90.39342   1.15591087E-015
     90.70788   2.44733738E-015
     91.02234   5.11130928E-015
     91.33680   1.05326776E-014
     91.65126   2.14195995E-014
     91.96572   4.29977375E-014
     92.28018   8.52188263E-014
     92.59464   1.66791304E-013
     92.90910   3.22440573E-013
     93.22356   6.15819187E-013
     93.53802   1.16217410E-012
     93.85248   2.16765018E-012
     94.16694   3.99660514E-012
     94.48140   7.28550750E-012
     94.79586   1.31333607E-011
     95.11032   2.34163357E-011
     95.42478   4.13016185E-011
     95.73924   7.20770394E-011
     96.05370   1.24475486E-010
     96.36816   2.12765731E-010
     96.68262   3.60017090E-010
     96.99708   6.03141870E-010
     97.31154   1.00060078E-009
     97.62600   1.64405386E-009
     97.94046   2.67579428E-009
     98.25492   4.31456820E-009
     98.56938   6.89342718E-009
     98.88384   1.09146661E-008
     99.19830   1.71287706E-008
     99.51276   2.66467586E-008
     99.82722   4.10984995E-008
    100.14168   6.28536955E-008
    100.45614   9.53274153E-008
    100.77060   1.43398580E-007
    101.08506   2.13977856E-007
    101.39952   3.16771224E-007
    101.71398   4.65297333E-007
    102.02844   6.78230755E-007
    102.34290   9.81159715E-007
    102.65736   1.40886578E-006
    102.97182   2.00825442E-006
    103.28628   2.84208936E-006
    103.60074   3.99370962E-006
    103.91520   5.57293620E-006
    104.22966   7.72340462E-006
    104.54412   1.06315887E-005
    104.85858   1.45378103E-005
    105.17303   1.97495564E-005
    105.48749   2.66574470E-005
    105.80195   3.57542177E-005
    106.11641   4.76570871E-005
    106.43087   6.31338829E-005
    106.74533   8.31332879E-005
    107.05979   1.08819539E-004
    107.37425   1.41611876E-004
    107.68871   1.83228966E-004
    108.00317   2.35738459E-004
    108.31763   3.01611730E-004
    108.63209   3.83783716E-004
    108.94655   4.85717652E-004
    109.26101   6.11474315E-004
    109.57547   7.65785205E-004
    109.88993   9.54128925E-004
    110.20439   1.18280978E-003
    110.51885   1.45903742E-003
    110.83331   1.79100615E-003
    111.14777   2.18797234E-003
    111.46223   2.66032813E-003
    111.77669   3.21966948E-003
    112.09115   3.87885663E-003
    112.40561   4.65206462E-003
    112.72007   5.55482182E-003
    113.03453   6.60403429E-003
    113.34899   7.81799366E-003
    113.66345   9.21636678E-003
    113.97791   1.08201651E-002
    114.29237   1.26516924E-002
    114.60683   1.47344695E-002
    114.92129   1.70931351E-002
    115.23575   1.97533223E-002
    115.55021   2.27415107E-002
    115.86467   2.60848548E-002
    116.17913   2.98109893E-002
    116.49359   3.39478134E-002
    116.80805   3.85232551E-002
    117.12251   4.35650197E-002
    117.43697   4.91003230E-002
    117.75143   5.51556157E-002
    118.06589   6.17562996E-002
    118.38035   6.89264415E-002
    118.69481   7.66884894E-002
    119.00927   8.50629929E-002
    119.32373   9.40683354E-002
    119.63819   1.03720479E-001
    119.95265   1.14032731E-001
    120.26711   1.25015529E-001
    120.58157   1.36676253E-001
    120.89603   1.49019073E-001
    121.21049   1.62044817E-001
    121.52495   1.75750884E-001
    121.83941   1.90131187E-001
    122.15387   2.05176136E-001
    122.46833   2.20872654E-001
    122.78279   2.37204235E-001
    123.09725   2.54151038E-001
    123.41171   2.71690011E-001
    123.72617   2.89795057E-001
    124.04063   3.08437221E-001
    124.35509   3.27584916E-001
    124.66955   3.47204164E-001
    124.98401   3.67258864E-001
    125.29847   3.87711081E-001
    125.61293   4.08521343E-001
    125.92739   4.29648950E-001
    126.24185   4.51052293E-001
    126.55631   4.72689170E-001
    126.87077   4.94517108E-001
    127.18523   5.16493672E-001
    127.49969   5.38576773E-001
    127.81415   5.60724958E-001
    128.12861   5.82897694E-001
    128.44307   6.05055626E-001
    128.75753   6.27160826E-001
    129.07198   6.49177011E-001
    129.38644   6.71069750E-001
    129.70090   6.92806637E-001
    130.01536   7.14357449E-001
    130.32982   7.35694273E-001
    130.64428   7.56791615E-001
    130.95874   7.77626477E-001
    131.27320   7.98178417E-001
    131.58766   8.18429581E-001
    131.90212   8.38364717E-001
    132.21658   8.57971163E-001
    132.53104   8.77238822E-001
    132.84550   8.96160107E-001
    133.15996   9.14729885E-001
    133.47442   9.32945387E-001
    133.78888   9.50806122E-001
    134.10334   9.68313765E-001
    134.41780   9.85472040E-001
    134.73226   1.00228660E+000
    135.04672   1.01876487E+000
    135.36118   1.03491595E+000
    135.67564   1.05075043E+000
    135.99010   1.06628025E+000
    136.30456   1.08151858E+000
    136.61902   1.09647961E+000
    136.93348   1.11117849E+000
    137.24794   1.12563108E+000
    137.56240   1.13985389E+000
    137.87686   1.15386388E+000
    138.19132   1.16767838E+000
    138.50578   1.18131489E+000
    138.82024   1.19479102E+000
    139.13470   1.20812433E+000
    139.44916   1.22133222E+000
    139.76362   1.23443185E+000
    140.07808   1.24744002E+000
    140.39254   1.26037309E+000
    140.70700   1.27324687E+000
    141.02146   1.28607660E+000
    141.33592   1.29887684E+000
    141.65038   1.31166141E+000
    141.96484   1.32444338E+000
    142.27930   1.33723499E+000
    142.59376   1.35004761E+000
    142.90822   1.36289175E+000
    143.22268   1.37577700E+000
    143.53714   1.38871207E+000
    143.85160   1.40170469E+000
    144.16606   1.41476173E+000
    144.48052   1.42788908E+000
    144.79498   1.44109178E+000
    145.10944   1.45437394E+000
    145.42390   1.46773881E+000
    145.73836   1.48118878E+000
    146.05282   1.49472546E+000
    146.36728   1.50834962E+000
    146.68174   1.52206132E+000
    146.99620   1.53585989E+000
    147.31066   1.54974397E+000
    147.62512   1.56371158E+000
    147.93958   1.57776015E+000
    148.25404   1.59188656E+000
    148.56850   1.60608716E+000
    148.88296   1.62035786E+000
    149.19742   1.63469415E+000
    149.51188   1.64909113E+000
    149.82634   1.66354357E+000
    150.14080   1.67804595E+000
    150.45526   1.69259250E+000
    150.76972   1.70717721E+000
    151.08418   1.72179391E+000
    151.39864   1.73643628E+000
    151.71310   1.75109788E+000
    152.02756   1.76577220E+000
    152.34202   1.78045266E+000
    152.65648   1.79513265E+000
    152.97094   1.80980557E+000
    153.28539   1.82446482E+000
    153.59985   1.83910385E+000
    153.91431   1.85371613E+000
    154.22877   1.86829524E+000
    154.54323   1.88283481E+000
    154.85769   1.89732857E+000
    155.17215   1.91177036E+000
    155.48661   1.92615410E+000
    155.80107   1.94047386E+000
    156.11553   1.95472381E+000
    156.42999   1.96889823E+000
    156.74445   1.98299157E+000
    157.05891   1.99699836E+000
    157.37337   2.01091328E+000
    157.68783   2.02473115E+000
    158.00229   2.03844692E+000
    158.31675   2.05205564E+000
    158.63121   2.06555253E+000
    158.94567   2.07893292E+000
    159.26013   2.09219228E+000
    159.57459   2.10532621E+000
    159.88905   2.11833045E+000
    160.20351   2.13120085E+000
    160.51797   2.14393345E+000
    160.83243   2.15652437E+000
    161.14689   2.16896991E+000
    161.46135   2.18126652E+000
    161.77581   2.19341079E+000
    162.09027   2.20539946E+000
    162.40473   2.21722946E+000
    162.71919   2.22889787E+000
    163.03365   2.24040196E+000
    163.34811   2.25173919E+000
    163.66257   2.26290720E+000
    163.97703   2.27390385E+000
    164.29149   2.28472721E+000
    164.60595   2.29537558E+000
    164.92041   2.30584747E+000
    165.23487   2.31614167E+000
    165.54933   2.32625719E+000
    165.86379   2.33619333E+000
    166.17825   2.34594965E+000
    166.49271   2.35552599E+000
    166.80717   2.36492250E+000
    167.12163   2.37413960E+000
    167.43609   2.38317805E+000
    167.75055   2.39203890E+000
    168.06501   2.40072355E+000
    168.37947   2.40923369E+000
    168.69393   2.41757137E+000
    169.00839   2.42573897E+000
    169.32285   2.43373919E+000
    169.63731   2.44157508E+000
    169.95177   2.44925004E+000
    170.26623   2.45676778E+000
    170.58069   2.46413236E+000
    170.89515   2.47134817E+000
    171.20961   2.47841992E+000
    171.52407   2.48535263E+000
    171.83853   2.49215165E+000
    172.15299   2.49882259E+000
    172.46745   2.50537140E+000
    172.78191   2.51180427E+000
    173.09637   2.51812766E+000
    173.41083   2.52434828E+000
    173.72529   2.53047309E+000
    174.03975   2.53650923E+000
    174.35421   2.54246408E+000
    174.66867   2.54834517E+000
    174.98313   2.55416020E+000
    175.29759   2.55991700E+000
    175.61205   2.56562353E+000
    175.92651   2.57128785E+000
    176.24097   2.57691808E+000
    176.55543   2.58252240E+000
    176.86989   2.58810900E+000
    177.18434   2.59368611E+000
    177.49880   2.59926189E+000
    177.81326   2.60484450E+000
    178.12772   2.61044201E+000
    178.44218   2.61606240E+000
    178.75664   2.62171354E+000
    179.07110   2.62740316E+000
    179.38556   2.63313882E+000
    179.70002   2.63892791E+000
    180.01448   2.64477760E+000
    180.32894   2.65069484E+000
    180.64340   2.65668633E+000
    180.95786   2.66275849E+000
    181.27232   2.66891747E+000
    181.58678   2.67516910E+000
    181.90124   2.68151889E+000
    182.21570   2.68797201E+000
    182.53016   2.69453327E+000
    182.84462   2.70120711E+000
    183.15908   2.70799760E+000
    183.47354   2.71490838E+000
    183.78800   2.72194271E+000
    184.10246   2.72910343E+000
    184.41692   2.73639295E+000
    184.73138   2.74381323E+000
    185.04584   2.75136581E+000
    185.36030   2.75905179E+000
    185.67476   2.76687179E+000
    185.98922   2.77482600E+000
    186.30368   2.78291415E+000
    186.61814   2.79113553E+000
    186.93260   2.79948895E+000
    187.24706   2.80797279E+000
    187.56152   2.81658497E+000
    187.87598   2.82532297E+000
    188.19044   2.83418383E+000
    188.50490   2.84316416E+000
    188.81936   2.85226014E+000
    189.13382   2.86146753E+000
    189.44828   2.87078169E+000
    189.76274   2.88019758E+000
    190.07720   2.88970978E+000
    190.39166   2.89931247E+000
    190.70612   2.90899949E+000
    191.02058   2.91876433E+000
    191.33504   2.92860013E+000
    191.64950   2.93849971E+000
    191.96396   2.94845560E+000
    192.27842   2.95846002E+000
    192.59288   2.96850493E+000
    192.90734   2.97858202E+000
    193.22180   2.98868274E+000
    193.53626   2.99879832E+000
    193.85072   3.00891977E+000
    194.16518   3.01903794E+000
    194.47964   3.02914346E+000
    194.79410   3.03922685E+000
    195.10856   3.04927847E+000
    195.42302   3.05928857E+000
    195.73748   3.06924729E+000
    196.05194   3.07914471E+000
    196.36640   3.08897081E+000
    196.68086   3.09871555E+000
    196.99532   3.10836886E+000
    197.30978   3.11792065E+000
    197.62424   3.12736082E+000
    197.93870   3.13667933E+000
    198.25316   3.14586615E+000
    198.56762   3.15491132E+000
    198.88208   3.16380493E+000
    199.19654   3.17253719E+000
    199.51100   3.18109838E+000
    199.82546   3.18947891E+000
    200.13992   3.19766933E+000
    200.45438   3.20566032E+000
    200.76884   3.21344273E+000
    201.08329   3.22100757E+000
    201.39775   3.22834605E+000
    201.71221   3.23544956E+000
    202.02667   3.24230971E+000
    202.34113   3.24891831E+000
    202.65559   3.25526741E+000
    202.97005   3.26134930E+000
    203.28451   3.26715651E+000
    203.59897   3.27268184E+000
    203.91343   3.27791832E+000
    204.22789   3.28285930E+000
    204.54235   3.28749835E+000
    204.85681   3.29182938E+000
    205.17127   3.29584654E+000
    205.48573   3.29954431E+000
    205.80019   3.30291746E+000
    206.11465   3.30596105E+000
    206.42911   3.30867045E+000
    206.74357   3.31104136E+000
    207.05803   3.31306976E+000
    207.37249   3.31475197E+000
    207.68695   3.31608461E+000
    208.00141   3.31706462E+000
    208.31587   3.31768926E+000
    208.63033   3.31795608E+000
    208.94479   3.31786299E+000
    209.25925   3.31740817E+000
    209.57371   3.31659013E+000
    209.88817   3.31540770E+000
    210.20263   3.31386001E+000
    210.51709   3.31194648E+000
    210.83155   3.30966685E+000
    211.14601   3.30702114E+000
    211.46047   3.30400969E+000
    211.77493   3.30063312E+000
    212.08939   3.29689230E+000
    212.40385   3.29278844E+000
    212.71831   3.28832298E+000
    213.03277   3.28349764E+000
    213.34723   3.27831442E+000
    213.66169   3.27277555E+000
    213.97615   3.26688353E+000
    214.29061   3.26064110E+000
    214.60507   3.25405125E+000
    214.91953   3.24711717E+000
    215.23399   3.23984230E+000
    215.54845   3.23223030E+000
    215.86291   3.22428502E+000
    216.17737   3.21601053E+000
    216.49183   3.20741109E+000
    216.80629   3.19849113E+000
    217.12075   3.18925529E+000
    217.43521   3.17970837E+000
    217.74967   3.16985532E+000
    218.06413   3.15970126E+000
    218.37859   3.14925146E+000
    218.69305   3.13851132E+000
    219.00751   3.12748639E+000
    219.32197   3.11618233E+000
    219.63643   3.10460492E+000
    219.95089   3.09276006E+000
    220.26535   3.08065373E+000
    220.57981   3.06829202E+000
    220.89427   3.05568111E+000
    221.20873   3.04282725E+000
    221.52319   3.02973676E+000
    221.83765   3.01641603E+000
    222.15211   3.00287151E+000
    222.46657   2.98910969E+000
    222.78103   2.97513710E+000
    223.09549   2.96096032E+000
    223.40995   2.94658596E+000
    223.72441   2.93202063E+000
    224.03887   2.91727098E+000
    224.35333   2.90234365E+000
    224.66779   2.88724530E+000
    224.98225   2.87198257E+000
    225.29670   2.85656211E+000
    225.61116   2.84099054E+000
    225.92562   2.82527448E+000
    226.24008   2.80942049E+000
    226.55454   2.79343514E+000
    226.86900   2.77732492E+000
    227.18346   2.76109633E+000
    227.49792   2.74475577E+000
    227.81238   2.72830964E+000
    228.12684   2.71176426E+000
    228.44130   2.69512588E+000
    228.75576   2.67840072E+000
    229.07022   2.66159490E+000
    229.38468   2.64471449E+000
    229.69914   2.62776548E+000
    230.01360   2.61075380E+000
    230.32806   2.59368526E+000
    230.64252   2.57656562E+000
    230.95698   2.55940055E+000
    231.27144   2.54219563E+000
    231.58590   2.52495633E+000
    231.90036   2.50768806E+000
    232.21482   2.49039610E+000
    232.52928   2.47308566E+000
    232.84374   2.45576183E+000
    233.15820   2.43842963E+000
    233.47266   2.42109393E+000
    233.78712   2.40375954E+000
    234.10158   2.38643114E+000
    234.41604   2.36911331E+000
    234.73050   2.35181054E+000
    235.04496   2.33452718E+000
    235.35942   2.31726750E+000
    235.67388   2.30003564E+000
    235.98834   2.28283564E+000
    236.30280   2.26567145E+000
    236.61726   2.24854687E+000
    236.93172   2.23146561E+000
    237.24618   2.21443129E+000
    237.56064   2.19744739E+000
    237.87510   2.18051729E+000
    238.18956   2.16364428E+000
    238.50402   2.14683150E+000
    238.81848   2.13008204E+000
    239.13294   2.11339882E+000
    239.44740   2.09678470E+000
    239.76186   2.08024242E+000
    240.07632   2.06377462E+000
    240.39078   2.04738381E+000
    240.70524   2.03107244E+000
    241.01970   2.01484282E+000
    241.33416   1.99869720E+000
    241.64862   1.98263768E+000
    241.96308   1.96666631E+000
    242.27754   1.95078502E+000
    242.59200   1.93499565E+000
    242.90646   1.91929995E+000
    243.22092   1.90369956E+000
    243.53538   1.88819605E+000
    243.84984   1.87279090E+000
    244.16430   1.85748550E+000
    244.47876   1.84228115E+000
    244.79322   1.82717906E+000
    245.10768   1.81218038E+000
    245.42214   1.79728616E+000
    245.73660   1.78249737E+000
    246.05106   1.76781493E+000
    246.36552   1.75323965E+000
    246.67998   1.73877228E+000
    246.99444   1.72441352E+000
    247.30890   1.71016396E+000
    247.62336   1.69602415E+000
    247.93782   1.68199458E+000
    248.25228   1.66807564E+000
    248.56674   1.65426769E+000
    248.88120   1.64057102E+000
    249.19565   1.62698587E+000
    249.51011   1.61351240E+000
    249.82457   1.60015072E+000
    250.13903   1.58690092E+000
    250.45349   1.57376299E+000
    250.76795   1.56073690E+000
    251.08241   1.54782256E+000
    251.39687   1.53501984E+000
    251.71133   1.52232856E+000
    252.02579   1.50974851E+000
    252.34025   1.49727941E+000
    252.65471   1.48492096E+000
    252.96917   1.47267283E+000
    253.28363   1.46053463E+000
    253.59809   1.44850595E+000
    253.91255   1.43658634E+000
    254.22701   1.42477532E+000
    254.54147   1.41307239E+000
    254.85593   1.40147699E+000
    255.17039   1.38998857E+000
    255.48485   1.37860653E+000
    255.79931   1.36733025E+000
    256.11377   1.35615908E+000
    256.42823   1.34509236E+000
    256.74269   1.33412941E+000
    257.05715   1.32326951E+000
    257.37161   1.31251195E+000
    257.68607   1.30185597E+000
    258.00053   1.29130083E+000
    258.31499   1.28084573E+000
    258.62945   1.27048991E+000
    258.94391   1.26023255E+000
    259.25837   1.25007284E+000
    259.57283   1.24000996E+000
    259.88729   1.23004308E+000
    260.20175   1.22017134E+000
    260.51621   1.21039391E+000
    260.83067   1.20070992E+000
    261.14513   1.19111850E+000
    261.45959   1.18161880E+000
    261.77405   1.17220993E+000
    262.08851   1.16289102E+000
    262.40297   1.15366118E+000
    262.71743   1.14451954E+000
    263.03189   1.13546520E+000
    263.34635   1.12649729E+000
    263.66081   1.11761492E+000
    263.97527   1.10881719E+000
    264.28973   1.10010323E+000
    264.60419   1.09147216E+000
    264.91865   1.08292309E+000
    265.23311   1.07445515E+000
    265.54757   1.06606745E+000
    265.86203   1.05775914E+000
    266.17649   1.04952934E+000
    266.49095   1.04137718E+000
    266.80541   1.03330182E+000
    267.11987   1.02530240E+000
    267.43433   1.01737807E+000
    267.74879   1.00952799E+000
    268.06325   1.00175133E+000
    268.37771   9.94047264E-001
    268.69217   9.86414964E-001
    269.00663   9.78853620E-001
    269.32109   9.71362425E-001
    269.63555   9.63940583E-001
    269.95001   9.56587302E-001
    270.26447   9.49301801E-001
    270.57893   9.42083305E-001
    270.89339   9.34931050E-001
    271.20785   9.27844278E-001
    271.52231   9.20822243E-001
    271.83677   9.13864205E-001
    272.15123   9.06969433E-001
    272.46569   9.00137209E-001
    272.78015   8.93366819E-001
    273.09460   8.86657562E-001
    273.40906   8.80008744E-001
    273.72352   8.73419684E-001
    274.03798   8.66889705E-001
    274.35244   8.60418145E-001
    274.66690   8.54004347E-001
    274.98136   8.47647666E-001
    275.29582   8.41347467E-001
    275.61028   8.35103123E-001
    275.92474   8.28914016E-001
    276.23920   8.22779540E-001
    276.55366   8.16699096E-001
    276.86812   8.10672095E-001
    277.18258   8.04697957E-001
    277.49704   7.98776114E-001
    277.81150   7.92906003E-001
    278.12596   7.87087073E-001
    278.44042   7.81318781E-001
    278.75488   7.75600595E-001
    279.06934   7.69931988E-001
    279.38380   7.64312445E-001
    279.69826   7.58741459E-001
    280.01272   7.53218531E-001
    280.32718   7.47743172E-001
    280.64164   7.42314900E-001
    280.95610   7.36933242E-001
    281.27056   7.31597733E-001
    281.58502   7.26307917E-001
    281.89948   7.21063344E-001
    282.21394   7.15863574E-001
    282.52840   7.10708173E-001
    282.84286   7.05596717E-001
    283.15732   7.00528788E-001
    283.47178   6.95503975E-001
    283.78624   6.90521874E-001
    284.10070   6.85582091E-001
    284.41516   6.80684236E-001
    284.72962   6.75827927E-001
    285.04408   6.71012789E-001
    285.35854   6.66238454E-001
    285.67300   6.61504559E-001
    285.98746   6.56810749E-001
    286.30192   6.52156674E-001
    286.61638   6.47541991E-001
    286.93084   6.42966363E-001
    287.24530   6.38429459E-001
    287.55976   6.33930953E-001
    287.87422   6.29470525E-001
    288.18868   6.25047860E-001
    288.50314   6.20662651E-001
    288.81760   6.16314592E-001
    289.13206   6.12003385E-001
    289.44652   6.07728737E-001
    289.76098   6.03490359E-001
    290.07544   5.99287966E-001
    290.38990   5.95121279E-001
    290.70436   5.90990024E-001
    291.01882   5.86893930E-001
    291.33328   5.82832731E-001
    291.64774   5.78806165E-001
    291.96220   5.74813974E-001
    292.27666   5.70855904E-001
    292.59112   5.66931705E-001
    292.90558   5.63041130E-001
    293.22004   5.59183937E-001
    293.53450   5.55359888E-001
    293.84896   5.51568745E-001
    294.16342   5.47810276E-001
    294.47788   5.44084253E-001
    294.79234   5.40390450E-001
    295.10680   5.36728643E-001
    295.42126   5.33098612E-001
    295.73572   5.29500140E-001
    296.05018   5.25933012E-001
    296.36464   5.22397018E-001
    296.67910   5.18891947E-001
    296.99356   5.15417593E-001
    297.30801   5.11973752E-001
    297.62247   5.08560222E-001
    297.93693   5.05176803E-001
    298.25139   5.01823298E-001
    298.56585   4.98499512E-001
    298.88031   4.95205250E-001
    299.19477   4.91940323E-001
    299.50923   4.88704540E-001
    299.82369   4.85497714E-001
    300.13815   4.82319660E-001
    300.45261   4.79170192E-001
    300.76707   4.76049130E-001
    301.08153   4.72956291E-001
    301.39599   4.69891496E-001
    301.71045   4.66854569E-001
    302.02491   4.63845331E-001
    302.33937   4.60863609E-001
    302.65383   4.57909228E-001
    302.96829   4.54982016E-001
    303.28275   4.52081802E-001
    303.59721   4.49208414E-001
    303.91167   4.46361686E-001
    304.22613   4.43541447E-001
    304.54059   4.40747532E-001
    304.85505   4.37979775E-001
    305.16951   4.35238010E-001
    305.48397   4.32522074E-001
    305.79843   4.29831802E-001
    306.11289   4.27167034E-001
    306.42735   4.24527607E-001
    306.74181   4.21913360E-001
    307.05627   4.19324133E-001
    307.37073   4.16759768E-001
    307.68519   4.14220105E-001
    307.99965   4.11704985E-001
    308.31411   4.09214253E-001
    308.62857   4.06747751E-001
    308.94303   4.04305322E-001
    309.25749   4.01886811E-001
    309.57195   3.99492063E-001
    309.88641   3.97120923E-001
    310.20087   3.94773237E-001
    310.51533   3.92448851E-001
    310.82979   3.90147612E-001
    311.14425   3.87869367E-001
    311.45871   3.85613963E-001
    311.77317   3.83381249E-001
    312.08763   3.81171072E-001
    312.40209   3.78983282E-001
    312.71655   3.76817728E-001
    313.03101   3.74674258E-001
    313.34547   3.72552723E-001
    313.65993   3.70452973E-001
    313.97439   3.68374858E-001
    314.28885   3.66318228E-001
    314.60331   3.64282935E-001
    314.91777   3.62268830E-001
    315.23223   3.60275764E-001
    315.54669   3.58303589E-001
    315.86115   3.56352157E-001
    316.17561   3.54421321E-001
    316.49007   3.52510933E-001
    316.80453   3.50620845E-001
    317.11899   3.48750912E-001
    317.43345   3.46900985E-001
    317.74791   3.45070920E-001
    318.06237   3.43260568E-001
    318.37683   3.41469786E-001
    318.69129   3.39698426E-001
    319.00575   3.37946343E-001
    319.32021   3.36213392E-001
    319.63467   3.34499428E-001
    319.94913   3.32804306E-001
    320.26359   3.31127882E-001
    320.57805   3.29470011E-001
    320.89251   3.27830549E-001
    321.20696   3.26209353E-001
    321.52142   3.24606278E-001
    321.83588   3.23021181E-001
    322.15034   3.21453919E-001
    322.46480   3.19904350E-001
    322.77926   3.18372331E-001
    323.09372   3.16857719E-001
    323.40818   3.15360372E-001
    323.72264   3.13880148E-001
    324.03710   3.12416907E-001
    324.35156   3.10970506E-001
    324.66602   3.09540804E-001
    324.98048   3.08127662E-001
    325.29494   3.06730938E-001
    325.60940   3.05350492E-001
    325.92386   3.03986184E-001
    326.23832   3.02637876E-001
    326.55278   3.01305427E-001
    326.86724   2.99988699E-001
    327.18170   2.98687553E-001
    327.49616   2.97401851E-001
    327.81062   2.96131455E-001
    328.12508   2.94876227E-001
    328.43954   2.93636030E-001
    328.75400   2.92410727E-001
    329.06846   2.91200182E-001
    329.38292   2.90004258E-001
    329.69738   2.88822820E-001
    330.01184   2.87655732E-001
    330.32630   2.86502858E-001
    330.64076   2.85364066E-001
    330.95522   2.84239219E-001
    331.26968   2.83128184E-001
    331.58414   2.82030828E-001
    331.89860   2.80947017E-001
    332.21306   2.79876619E-001
    332.52752   2.78819502E-001
    332.84198   2.77775534E-001
    333.15644   2.76744583E-001
    333.47090   2.75726518E-001
    333.78536   2.74721210E-001
    334.09982   2.73728527E-001
    334.41428   2.72748342E-001
    334.72874   2.71780523E-001
    335.04320   2.70824943E-001
    335.35766   2.69881474E-001
    335.67212   2.68949988E-001
    335.98658   2.68030358E-001
    336.30104   2.67122456E-001
    336.61550   2.66226158E-001
    336.92996   2.65341338E-001
    337.24442   2.64467869E-001
    337.55888   2.63605628E-001
    337.87334   2.62754491E-001
    338.18780   2.61914334E-001
    338.50226   2.61085035E-001
    338.81672   2.60266469E-001
    339.13118   2.59458517E-001
    339.44564   2.58661056E-001
    339.76010   2.57873966E-001
    340.07456   2.57097126E-001
    340.38902   2.56330417E-001
    340.70348   2.55573720E-001
    341.01794   2.54826917E-001
    341.33240   2.54089888E-001
    341.64686   2.53362518E-001
    341.96132   2.52644690E-001
    342.27578   2.51936287E-001
    342.59024   2.51237194E-001
    342.90470   2.50547295E-001
    343.21916   2.49866478E-001
    343.53362   2.49194628E-001
    343.84808   2.48531632E-001
    344.16254   2.47877378E-001
    344.47700   2.47231753E-001
    344.79146   2.46594648E-001
    345.10591   2.45965951E-001
    345.42037   2.45345553E-001
    345.73483   2.44733344E-001
    346.04929   2.44129216E-001
    346.36375   2.43533061E-001
    346.67821   2.42944772E-001
    346.99267   2.42364242E-001
    347.30713   2.41791365E-001
    347.62159   2.41226037E-001
    347.93605   2.40668152E-001
    348.25051   2.40117607E-001
    348.56497   2.39574298E-001
    348.87943   2.39038123E-001
    349.19389   2.38508981E-001
    349.50835   2.37986769E-001
    349.82281   2.37471388E-001
    350.13727   2.36962737E-001
    350.45173   2.36460719E-001
    350.76619   2.35965233E-001
    351.08065   2.35476183E-001
    351.39511   2.34993471E-001
    351.70957   2.34517002E-001
    352.02403   2.34046679E-001
    352.33849   2.33582408E-001
    352.65295   2.33124094E-001
    352.96741   2.32671644E-001
    353.28187   2.32224966E-001
    353.59633   2.31783966E-001
    353.91079   2.31348555E-001
    354.22525   2.30918640E-001
    354.53971   2.30494133E-001
    354.85417   2.30074943E-001
    355.16863   2.29660983E-001
    355.48309   2.29252164E-001
    355.79755   2.28848400E-001
    356.11201   2.28449604E-001
    356.42647   2.28055690E-001
    356.74093   2.27666573E-001
    357.05539   2.27282170E-001
    357.36985   2.26902397E-001
    357.68431   2.26527170E-001
    357.99877   2.26156408E-001
    358.31323   2.25790030E-001
    358.62769   2.25427954E-001
    358.94215   2.25070102E-001
    359.25661   2.24716393E-001
    359.57107   2.24366749E-001
    359.88553   2.24021092E-001
    360.19999   2.23679346E-001
    360.51445   2.23341433E-001
    360.82891   2.23007279E-001
    361.14337   2.22676808E-001
    361.45783   2.22349946E-001
    361.77229   2.22026620E-001
    362.08675   2.21706756E-001
    362.40121   2.21390284E-001
    362.71567   2.21077130E-001
    363.03013   2.20767225E-001
    363.34459   2.20460499E-001
    363.65905   2.20156882E-001
    363.97351   2.19856307E-001
    364.28797   2.19558704E-001
    364.60243   2.19264006E-001
    364.91689   2.18972149E-001
    365.23135   2.18683064E-001
    365.54581   2.18396688E-001
    365.86027   2.18112957E-001
    366.17473   2.17831806E-001
    366.48919   2.17553172E-001
    366.80365   2.17276993E-001
    367.11811   2.17003208E-001
    367.43257   2.16731755E-001
    367.74703   2.16462575E-001
    368.06149   2.16195608E-001
    368.37595   2.15930794E-001
    368.69041   2.15668076E-001
    369.00487   2.15407396E-001
    369.31932   2.15148697E-001
    369.63378   2.14891923E-001
    369.94824   2.14637018E-001
    370.26270   2.14383928E-001
    370.57716   2.14132598E-001
    370.89162   2.13882975E-001
    371.20608   2.13635006E-001
    371.52054   2.13388638E-001
    371.83500   2.13143820E-001
    372.14946   2.12900501E-001
    372.46392   2.12658631E-001
    372.77838   2.12418159E-001
    373.09284   2.12179038E-001
    373.40730   2.11941218E-001
    373.72176   2.11704651E-001
    374.03622   2.11469291E-001
    374.35068   2.11235092E-001
    374.66514   2.11002006E-001
    374.97960   2.10769989E-001
    375.29406   2.10538996E-001
    375.60852   2.10308984E-001
    375.92298   2.10079908E-001
    376.23744   2.09851726E-001
    376.55190   2.09624396E-001
    376.86636   2.09397876E-001
    377.18082   2.09172124E-001
    377.49528   2.08947101E-001
    377.80974   2.08722767E-001
    378.12420   2.08499083E-001
    378.43866   2.08276009E-001
    378.75312   2.08053507E-001
    379.06758   2.07831541E-001
    379.38204   2.07610073E-001
    379.69650   2.07389066E-001
    380.01096   2.07168486E-001
    380.32542   2.06948296E-001
    380.63988   2.06728462E-001
    380.95434   2.06508950E-001
    381.26880   2.06289726E-001
    381.58326   2.06070757E-001
    381.89772   2.05852011E-001
    382.21218   2.05633456E-001
    382.52664   2.05415059E-001
    382.84110   2.05196792E-001
    383.15556   2.04978622E-001
    383.47002   2.04760520E-001
    383.78448   2.04542457E-001
    384.09894   2.04324404E-001
    384.41340   2.04106332E-001
    384.72786   2.03888215E-001
    385.04232   2.03670024E-001
    385.35678   2.03451732E-001
    385.67124   2.03233314E-001
    385.98570   2.03014744E-001
    386.30016   2.02795996E-001
    386.61462   2.02577046E-001
    386.92908   2.02357869E-001
    387.24354   2.02138441E-001
    387.55800   2.01918739E-001
    387.87246   2.01698740E-001
    388.18692   2.01478422E-001
    388.50138   2.01257762E-001
    388.81584   2.01036739E-001
    389.13030   2.00815332E-001
    389.44476   2.00593520E-001
    389.75922   2.00371283E-001
    390.07368   2.00148601E-001
    390.38814   1.99925455E-001
    390.70260   1.99701827E-001
    391.01706   1.99477697E-001
    391.33152   1.99253047E-001
    391.64598   1.99027861E-001
    391.96044   1.98802120E-001
    392.27490   1.98575808E-001
    392.58936   1.98348909E-001
    392.90382   1.98121406E-001
    393.21827   1.97893285E-001
    393.53273   1.97664530E-001
    393.84719   1.97435125E-001
    394.16165   1.97205058E-001
    394.47611   1.96974313E-001
    394.79057   1.96742878E-001
    395.10503   1.96510738E-001
    395.41949   1.96277881E-001
    395.73395   1.96044296E-001
    396.04841   1.95809968E-001
    396.36287   1.95574887E-001
    396.67733   1.95339042E-001
    396.99179   1.95102421E-001
    397.30625   1.94865013E-001
    397.62071   1.94626808E-001
    397.93517   1.94387797E-001
    398.24963   1.94147969E-001
    398.56409   1.93907316E-001
    398.87855   1.93665827E-001
    399.19301   1.93423496E-001
    399.50747   1.93180312E-001
    399.82193   1.92936268E-001
    400.13639   1.92691357E-001
    400.45085   1.92445571E-001
    400.76531   1.92198903E-001
    401.07977   1.91951346E-001
    401.39423   1.91702893E-001
    401.70869   1.91453539E-001
    402.02315   1.91203278E-001
    402.33761   1.90952104E-001
    402.65207   1.90700011E-001
    402.96653   1.90446995E-001
    403.28099   1.90193051E-001
    403.59545   1.89938174E-001
    403.90991   1.89682360E-001
    404.22437   1.89425606E-001
    404.53883   1.89167908E-001
    404.85329   1.88909261E-001
    405.16775   1.88649664E-001
    405.48221   1.88389112E-001
    405.79667   1.88127605E-001
    406.11113   1.87865138E-001
    406.42559   1.87601711E-001
    406.74005   1.87337320E-001
    407.05451   1.87071965E-001
    407.36897   1.86805644E-001
    407.68343   1.86538355E-001
    407.99789   1.86270099E-001
    408.31235   1.86000873E-001
    408.62681   1.85730678E-001
    408.94127   1.85459513E-001
    409.25573   1.85187379E-001
    409.57019   1.84914274E-001
    409.88465   1.84640200E-001
    410.19911   1.84365157E-001
    410.51357   1.84089146E-001
    410.82803   1.83812168E-001
    411.14249   1.83534224E-001
    411.45695   1.83255314E-001
    411.77141   1.82975442E-001
    412.08587   1.82694608E-001
    412.40033   1.82412814E-001
    412.71479   1.82130062E-001
    413.02925   1.81846355E-001
    413.34371   1.81561695E-001
    413.65817   1.81276084E-001
    413.97263   1.80989525E-001
    414.28709   1.80702022E-001
    414.60155   1.80413577E-001
    414.91601   1.80124194E-001
    415.23047   1.79833875E-001
    415.54493   1.79542625E-001
    415.85939   1.79250447E-001
    416.17385   1.78957345E-001
    416.48831   1.78663323E-001
    416.80277   1.78368385E-001
    417.11722   1.78072535E-001
    417.43168   1.77775779E-001
    417.74614   1.77478119E-001
    418.06060   1.77179562E-001
    418.37506   1.76880111E-001
    418.68952   1.76579772E-001
    419.00398   1.76278550E-001
    419.31844   1.75976450E-001
    419.63290   1.75673477E-001
    419.94736   1.75369637E-001
    420.26182   1.75064936E-001
    420.57628   1.74759378E-001
    420.89074   1.74452970E-001
    421.20520   1.74145717E-001
    421.51966   1.73837626E-001
    421.83412   1.73528702E-001
    422.14858   1.73218952E-001
    422.46304   1.72908383E-001
    422.77750   1.72596999E-001
    423.09196   1.72284808E-001
    423.40642   1.71971817E-001
    423.72088   1.71658032E-001
    424.03534   1.71343459E-001
    424.34980   1.71028106E-001
    424.66426   1.70711979E-001
    424.97872   1.70395086E-001
    425.29318   1.70077433E-001
    425.60764   1.69759028E-001
    425.92210   1.69439877E-001
    426.23656   1.69119989E-001
    426.55102   1.68799369E-001
    426.86548   1.68478027E-001
    427.17994   1.68155968E-001
    427.49440   1.67833202E-001
    427.80886   1.67509735E-001
    428.12332   1.67185574E-001
    428.43778   1.66860729E-001
    428.75224   1.66535206E-001
    429.06670   1.66209013E-001
    429.38116   1.65882158E-001
    429.69562   1.65554649E-001
    430.01008   1.65226495E-001
    430.32454   1.64897702E-001
    430.63900   1.64568280E-001
    430.95346   1.64238236E-001
    431.26792   1.63907578E-001
    431.58238   1.63576315E-001
    431.89684   1.63244455E-001
    432.21130   1.62912006E-001
    432.52576   1.62578976E-001
    432.84022   1.62245373E-001
    433.15468   1.61911207E-001
    433.46914   1.61576486E-001
    433.78360   1.61241217E-001
    434.09806   1.60905409E-001
    434.41252   1.60569072E-001
    434.72698   1.60232212E-001
    435.04144   1.59894840E-001
    435.35590   1.59556962E-001
    435.67036   1.59218589E-001
    435.98482   1.58879728E-001
    436.29928   1.58540388E-001
    436.61374   1.58200578E-001
    436.92820   1.57860307E-001
    437.24266   1.57519582E-001
    437.55712   1.57178413E-001
    437.87158   1.56836808E-001
    438.18604   1.56494776E-001
    438.50050   1.56152326E-001
    438.81496   1.55809467E-001
    439.12942   1.55466206E-001
    439.44388   1.55122553E-001
    439.75834   1.54778516E-001
    440.07280   1.54434104E-001
    440.38726   1.54089327E-001
    440.70172   1.53744191E-001
    441.01617   1.53398707E-001
    441.33063   1.53052883E-001
    441.64509   1.52706728E-001
    441.95955   1.52360249E-001
    442.27401   1.52013457E-001
    442.58847   1.51666359E-001
    442.90293   1.51318965E-001
    443.21739   1.50971282E-001
    443.53185   1.50623320E-001
    443.84631   1.50275088E-001
    444.16077   1.49926593E-001
    444.47523   1.49577845E-001
    444.78969   1.49228851E-001
    445.10415   1.48879622E-001
    445.41861   1.48530164E-001
    445.73307   1.48180488E-001
    446.04753   1.47830600E-001
    446.36199   1.47480511E-001
    446.67645   1.47130228E-001
    446.99091   1.46779759E-001
    447.30537   1.46429114E-001
    447.61983   1.46078300E-001
    447.93429   1.45727327E-001
    448.24875   1.45376201E-001
    448.56321   1.45024933E-001
    448.87767   1.44673530E-001
    449.19213   1.44322000E-001
    449.50659   1.43970352E-001
    449.82105   1.43618595E-001
    450.13551   1.43266735E-001
    450.44997   1.42914782E-001
    450.76443   1.42562743E-001
    451.07889   1.42210628E-001
    451.39335   1.41858443E-001
    451.70781   1.41506197E-001
    452.02227   1.41153899E-001
    452.33673   1.40801555E-001
    452.65119   1.40449175E-001
    452.96565   1.40096765E-001
    453.28011   1.39744335E-001
    453.59457   1.39391891E-001
    453.90903   1.39039443E-001
    454.22349   1.38686996E-001
    454.53795   1.38334561E-001
    454.85241   1.37982143E-001
    455.16687   1.37629751E-001
    455.48133   1.37277393E-001
    455.79579   1.36925076E-001
    456.11025   1.36572808E-001
    456.42471   1.36220596E-001
    456.73917   1.35868448E-001
    457.05363   1.35516371E-001
    457.36809   1.35164374E-001
    457.68255   1.34812462E-001
    457.99701   1.34460644E-001
    458.31147   1.34108928E-001
    458.62593   1.33757319E-001
    458.94039   1.33405826E-001
    459.25485   1.33054456E-001
    459.56931   1.32703216E-001
    459.88377   1.32352113E-001
    460.19823   1.32001154E-001
    460.51269   1.31650346E-001
    460.82715   1.31299696E-001
    461.14161   1.30949212E-001
    461.45607   1.30598900E-001
    461.77053   1.30248767E-001
    462.08499   1.29898819E-001
    462.39945   1.29549064E-001
    462.71391   1.29199509E-001
    463.02837   1.28850159E-001
    463.34283   1.28501022E-001
    463.65729   1.28152105E-001
    463.97175   1.27803413E-001
    464.28621   1.27454954E-001
    464.60067   1.27106734E-001
    464.91513   1.26758759E-001
    465.22958   1.26411035E-001
    465.54404   1.26063570E-001
    465.85850   1.25716369E-001
    466.17296   1.25369438E-001
    466.48742   1.25022785E-001
    466.80188   1.24676414E-001
    467.11634   1.24330332E-001
    467.43080   1.23984546E-001
    467.74526   1.23639060E-001
    468.05972   1.23293882E-001
    468.37418   1.22949016E-001
    468.68864   1.22604469E-001
    469.00310   1.22260247E-001
    469.31756   1.21916356E-001
    469.63202   1.21572801E-001
    469.94648   1.21229587E-001
    470.26094   1.20886721E-001
    470.57540   1.20544208E-001
    470.88986   1.20202054E-001
    471.20432   1.19860264E-001
    471.51878   1.19518844E-001
    471.83324   1.19177799E-001
    472.14770   1.18837134E-001
    472.46216   1.18496854E-001
    472.77662   1.18156966E-001
    473.09108   1.17817474E-001
    473.40554   1.17478383E-001
    473.72000   1.17139698E-001
    474.03446   1.16801425E-001
    474.34892   1.16463569E-001
    474.66338   1.16126134E-001
    474.97784   1.15789125E-001
    475.29230   1.15452548E-001
    475.60676   1.15116407E-001
    475.92122   1.14780707E-001
    476.23568   1.14445452E-001
    476.55014   1.14110648E-001
    476.86460   1.13776299E-001
    477.17906   1.13442410E-001
    477.49352   1.13108984E-001
    477.80798   1.12776028E-001
    478.12244   1.12443544E-001
    478.43690   1.12111538E-001
    478.75136   1.11780014E-001
    479.06582   1.11448976E-001
    479.38028   1.11118428E-001
    479.69474   1.10788376E-001
    480.00920   1.10458822E-001
    480.32366   1.10129771E-001
    480.63812   1.09801228E-001
    480.95258   1.09473195E-001
    481.26704   1.09145678E-001
    481.58150   1.08818680E-001
    481.89596   1.08492205E-001
    482.21042   1.08166256E-001
    482.52488   1.07840839E-001
    482.83934   1.07515956E-001
    483.15380   1.07191611E-001
    483.46826   1.06867808E-001
    483.78272   1.06544551E-001
    484.09718   1.06221842E-001
    484.41164   1.05899687E-001
    484.72610   1.05578087E-001
    485.04056   1.05257047E-001
    485.35502   1.04936571E-001
    485.66948   1.04616660E-001
    485.98394   1.04297320E-001
    486.29840   1.03978552E-001
    486.61286   1.03660361E-001
    486.92732   1.03342749E-001
    487.24178   1.03025720E-001
    487.55624   1.02709277E-001
    487.87070   1.02393422E-001
    488.18516   1.02078160E-001
    488.49962   1.01763492E-001
    488.81408   1.01449422E-001
    489.12853   1.01135952E-001
    489.44299   1.00823087E-001
    489.75745   1.00510827E-001
    490.07191   1.00199177E-001
    490.38637   9.98881385E-002
    490.70083   9.95777147E-002
    491.01529   9.92679082E-002
    491.32975   9.89587215E-002
    491.64421   9.86501573E-002
    491.95867   9.83422181E-002
    492.27313   9.80349063E-002
    492.58759   9.77282244E-002
    492.90205   9.74221749E-002
    493.21651   9.71167602E-002
    493.53097   9.68119824E-002
    493.84543   9.65078441E-002
    494.15989   9.62043473E-002
    494.47435   9.59014944E-002
    494.78881   9.55992876E-002
    495.10327   9.52977288E-002
    495.41773   9.49968204E-002
    495.73219   9.46965643E-002
    496.04665   9.43969627E-002
    496.36111   9.40980173E-002
    496.67557   9.37997304E-002
    496.99003   9.35021036E-002
    497.30449   9.32051391E-002
    497.61895   9.29088385E-002
    497.93341   9.26132037E-002
    498.24787   9.23182365E-002
    498.56233   9.20239386E-002
    498.87679   9.17303118E-002
    499.19125   9.14373576E-002
    499.50571   9.11450778E-002
    499.82017   9.08534739E-002
    500.13463   9.05625475E-002
    500.44909   9.02723002E-002
    500.76355   8.99827334E-002
    501.07801   8.96938485E-002
    501.39247   8.94056471E-002
    501.70693   8.91181305E-002
    502.02139   8.88313001E-002
    502.33585   8.85451571E-002
    502.65031   8.82597030E-002
    502.96477   8.79749390E-002
    503.27923   8.76908662E-002
    503.59369   8.74074859E-002
    503.90815   8.71247993E-002
    504.22261   8.68428075E-002
    504.53707   8.65615117E-002
    504.85153   8.62809127E-002
    505.16599   8.60010118E-002
    505.48045   8.57218100E-002
    505.79491   8.54433081E-002
    506.10937   8.51655072E-002
    506.42383   8.48884081E-002
    506.73829   8.46120119E-002
    507.05275   8.43363192E-002
    507.36721   8.40613310E-002
    507.68167   8.37870481E-002
    507.99613   8.35134712E-002
    508.31059   8.32406011E-002
    508.62505   8.29684384E-002
    508.93951   8.26969839E-002
    509.25397   8.24262383E-002
    509.56843   8.21562021E-002
    509.88289   8.18868760E-002
    510.19735   8.16182604E-002
    510.51181   8.13503561E-002
    510.82627   8.10831635E-002
    511.14073   8.08166831E-002
    511.45519   8.05509153E-002
    511.76965   8.02858606E-002
    512.08411   8.00215194E-002
    512.39857   7.97578922E-002
    512.71303   7.94949792E-002
    513.02748   7.92327808E-002
    513.34194   7.89712973E-002
    513.65640   7.87105290E-002
    513.97086   7.84504761E-002
    514.28532   7.81911389E-002
    514.59978   7.79325177E-002
    514.91424   7.76746125E-002
    515.22870   7.74174236E-002
    515.54316   7.71609510E-002
    515.85762   7.69051950E-002
    516.17208   7.66501556E-002
    516.48654   7.63958328E-002
    516.80100   7.61422268E-002
    517.11546   7.58893374E-002
    517.42992   7.56371648E-002
    517.74438   7.53857090E-002
    518.05884   7.51349698E-002
    518.37330   7.48849472E-002
    518.68776   7.46356411E-002
    519.00222   7.43870514E-002
    519.31668   7.41391780E-002
    519.63114   7.38920207E-002
    519.94560   7.36455793E-002
    520.26006   7.33998537E-002
    520.57452   7.31548437E-002
    520.88898   7.29105489E-002
    521.20344   7.26669692E-002
    521.51790   7.24241043E-002
    521.83236   7.21819538E-002
    522.14682   7.19405175E-002
    522.46128   7.16997950E-002
    522.77574   7.14597860E-002
    523.09020   7.12204901E-002
    523.40466   7.09819069E-002
    523.71912   7.07440360E-002
    524.03358   7.05068770E-002
    524.34804   7.02704294E-002
    524.66250   7.00346927E-002
    524.97696   6.97996666E-002
    525.29142   6.95653504E-002
    525.60588   6.93317437E-002
    525.92034   6.90988459E-002
    526.23480   6.88666564E-002
    526.54926   6.86351748E-002
    526.86372   6.84044004E-002
    527.17818   6.81743326E-002
    527.49264   6.79449708E-002
    527.80710   6.77163144E-002
    528.12156   6.74883626E-002
    528.43602   6.72611150E-002
    528.75048   6.70345706E-002
    529.06494   6.68087290E-002
    529.37940   6.65835892E-002
    529.69386   6.63591507E-002
    530.00832   6.61354127E-002
    530.32278   6.59123744E-002
    530.63724   6.56900350E-002
    530.95170   6.54683938E-002
    531.26616   6.52474500E-002
    531.58062   6.50272027E-002
    531.89508   6.48076510E-002
    532.20954   6.45887943E-002
    532.52400   6.43706316E-002
    532.83846   6.41531619E-002
    533.15292   6.39363846E-002
    533.46738   6.37202986E-002
    533.78184   6.35049030E-002
    534.09630   6.32901970E-002
    534.41076   6.30761795E-002
    534.72522   6.28628497E-002
    535.03968   6.26502066E-002
    535.35414   6.24382491E-002
    535.66860   6.22269764E-002
    535.98306   6.20163874E-002
    536.29752   6.18064811E-002
    536.61198   6.15972565E-002
    536.92644   6.13887125E-002
    537.24089   6.11808482E-002
    537.55535   6.09736624E-002
    537.86981   6.07671542E-002
    538.18427   6.05613223E-002
    538.49873   6.03561658E-002
    538.81319   6.01516836E-002
    539.12765   5.99478744E-002
    539.44211   5.97447373E-002
    539.75657   5.95422711E-002
    540.07103   5.93404746E-002
    540.38549   5.91393467E-002
    540.69995   5.89388863E-002
    541.01441   5.87390922E-002
    541.32887   5.85399631E-002
    541.64333   5.83414980E-002
    541.95779   5.81436956E-002
    542.27225   5.79465547E-002
    542.58671   5.77500741E-002
    542.90117   5.75542526E-002
    543.21563   5.73590890E-002
    543.53009   5.71645820E-002
    543.84455   5.69707304E-002
    544.15901   5.67775329E-002
    544.47347   5.65849882E-002
    544.78793   5.63930952E-002
    545.10239   5.62018525E-002
    545.41685   5.60112587E-002
    545.73131   5.58213128E-002
    546.04577   5.56320132E-002
    546.36023   5.54433588E-002
    546.67469   5.52553482E-002
    546.98915   5.50679800E-002
    547.30361   5.48812531E-002
    547.61807   5.46951659E-002
    547.93253   5.45097172E-002
    548.24699   5.43249057E-002
    548.56145   5.41407299E-002
    548.87591   5.39571886E-002
    549.19037   5.37742803E-002
    549.50483   5.35920036E-002
    549.81929   5.34103573E-002
    550.13375   5.32293399E-002
    550.44821   5.30489499E-002
    550.76267   5.28691861E-002
    551.07713   5.26900470E-002
    551.39159   5.25115312E-002
    551.70605   5.23336373E-002
    552.02051   5.21563639E-002
    552.33497   5.19797095E-002
    552.64943   5.18036727E-002
    552.96389   5.16282522E-002
    553.27835   5.14534463E-002
    553.59281   5.12792538E-002
    553.90727   5.11056731E-002
    554.22173   5.09327028E-002
    554.53619   5.07603415E-002
    554.85065   5.05885876E-002
    555.16511   5.04174397E-002
    555.47957   5.02468964E-002
    555.79403   5.00769562E-002
    556.10849   4.99076176E-002
    556.42295   4.97388790E-002
    556.73741   4.95707391E-002
    557.05187   4.94031964E-002
    557.36633   4.92362493E-002
    557.68079   4.90698963E-002
    557.99525   4.89041360E-002
    558.30971   4.87389668E-002
    558.62417   4.85743873E-002
    558.93863   4.84103959E-002
    559.25309   4.82469911E-002
    559.56755   4.80841714E-002
    559.88201   4.79219354E-002
    560.19647   4.77602813E-002
    560.51093   4.75992079E-002
    560.82539   4.74387134E-002
    561.13984   4.72787965E-002
    561.45430   4.71194555E-002
    561.76876   4.69606889E-002
    562.08322   4.68024952E-002
    562.39768   4.66448729E-002
    562.71214   4.64878204E-002
    563.02660   4.63313362E-002
    563.34106   4.61754187E-002
    563.65552   4.60200664E-002
    563.96998   4.58652777E-002
    564.28444   4.57110511E-002
    564.59890   4.55573851E-002
    564.91336   4.54042780E-002
    565.22782   4.52517284E-002
    565.54228   4.50997347E-002
    565.85674   4.49482952E-002
    566.17120   4.47974086E-002
    566.48566   4.46470732E-002
    566.80012   4.44972874E-002
    567.11458   4.43480496E-002
    567.42904   4.41993585E-002
    567.74350   4.40512122E-002
    568.05796   4.39036094E-002
    568.37242   4.37565484E-002
    568.68688   4.36100277E-002
    569.00134   4.34640457E-002
    569.31580   4.33186008E-002
    569.63026   4.31736915E-002
    569.94472   4.30293162E-002
    570.25918   4.28854733E-002
    570.57364   4.27421613E-002
    570.88810   4.25993786E-002
    571.20256   4.24571236E-002
    571.51702   4.23153948E-002
    571.83148   4.21741905E-002
    572.14594   4.20335093E-002
    572.46040   4.18933495E-002
    572.77486   4.17537097E-002
    573.08932   4.16145881E-002
    573.40378   4.14759833E-002
    573.71824   4.13378936E-002
    574.03270   4.12003176E-002
    574.34716   4.10632536E-002
    574.66162   4.09267000E-002
    574.97608   4.07906554E-002
    575.29054   4.06551181E-002
    575.60500   4.05200866E-002
    575.91946   4.03855593E-002
    576.23392   4.02515346E-002
    576.54838   4.01180110E-002
    576.86284   3.99849869E-002
    577.17730   3.98524608E-002
    577.49176   3.97204310E-002
    577.80622   3.95888961E-002
    578.12068   3.94578545E-002
    578.43514   3.93273045E-002
    578.74960   3.91972447E-002
    579.06406   3.90676735E-002
    579.37852   3.89385894E-002
    579.69298   3.88099907E-002
    580.00744   3.86818759E-002
    580.32190   3.85542436E-002
    580.63636   3.84270920E-002
    580.95082   3.83004197E-002
    581.26528   3.81742252E-002
    581.57974   3.80485068E-002
    581.89420   3.79232631E-002
    582.20866   3.77984924E-002
    582.52312   3.76741933E-002
    582.83758   3.75503642E-002
    583.15204   3.74270036E-002
    583.46650   3.73041099E-002
    583.78096   3.71816816E-002
    584.09542   3.70597172E-002
    584.40988   3.69382150E-002
    584.72434   3.68171737E-002
    585.03879   3.66965916E-002
    585.35325   3.65764673E-002
    585.66771   3.64567992E-002
    585.98217   3.63375858E-002
    586.29663   3.62188256E-002
    586.61109   3.61005170E-002
    586.92555   3.59826585E-002
    587.24001   3.58652487E-002
    587.55447   3.57482859E-002
    587.86893   3.56317688E-002
    588.18339   3.55156957E-002
    588.49785   3.54000652E-002
    588.81231   3.52848758E-002
    589.12677   3.51701259E-002
    589.44123   3.50558142E-002
    589.75569   3.49419390E-002
    590.07015   3.48284988E-002
    590.38461   3.47154923E-002
    590.69907   3.46029178E-002
    591.01353   3.44907740E-002
    591.32799   3.43790593E-002
    591.64245   3.42677722E-002
    591.95691   3.41569113E-002
    592.27137   3.40464750E-002
    592.58583   3.39364620E-002
    592.90029   3.38268706E-002
    593.21475   3.37176996E-002
    593.52921   3.36089473E-002
    593.84367   3.35006123E-002
    594.15813   3.33926932E-002
    594.47259   3.32851885E-002
    594.78705   3.31780968E-002
    595.10151   3.30714165E-002
    595.41597   3.29651463E-002
    595.73043   3.28592847E-002
    596.04489   3.27538302E-002
    596.35935   3.26487814E-002
    596.67381   3.25441368E-002
    596.98827   3.24398951E-002
    597.30273   3.23360548E-002
    597.61719   3.22326144E-002
    597.93165   3.21295725E-002
    598.24611   3.20269277E-002
    598.56057   3.19246787E-002
    598.87503   3.18228238E-002
    599.18949   3.17213618E-002
    599.50395   3.16202912E-002
    599.81841   3.15196107E-002
    600.13287   3.14193187E-002
    600.44733   3.13194139E-002
    600.76179   3.12198950E-002
    601.07625   3.11207604E-002
    601.39071   3.10220088E-002
    601.70517   3.09236388E-002
    602.01963   3.08256491E-002
    602.33409   3.07280382E-002
    602.64855   3.06308047E-002
    602.96301   3.05339473E-002
    603.27747   3.04374646E-002
    603.59193   3.03413552E-002
    603.90639   3.02456177E-002
    604.22085   3.01502508E-002
    604.53531   3.00552532E-002
    604.84977   2.99606233E-002
    605.16423   2.98663600E-002
    605.47869   2.97724618E-002
    605.79315   2.96789275E-002
    606.10761   2.95857555E-002
    606.42207   2.94929447E-002
    606.73653   2.94004936E-002
    607.05099   2.93084009E-002
    607.36545   2.92166653E-002
    607.67991   2.91252855E-002
    607.99437   2.90342600E-002
    608.30883   2.89435877E-002
    608.62329   2.88532672E-002
    608.93775   2.87632971E-002
    609.25220   2.86736762E-002
    609.56666   2.85844031E-002
    609.88112   2.84954765E-002
    610.19558   2.84068952E-002
    610.51004   2.83186577E-002
    610.82450   2.82307629E-002
    611.13896   2.81432095E-002
    611.45342   2.80559961E-002
    611.76788   2.79691214E-002
    612.08234   2.78825842E-002
    612.39680   2.77963832E-002
    612.71126   2.77105171E-002
    613.02572   2.76249846E-002
    613.34018   2.75397846E-002
    613.65464   2.74549156E-002
    613.96910   2.73703765E-002
    614.28356   2.72861659E-002
    614.59802   2.72022827E-002
    614.91248   2.71187256E-002
    615.22694   2.70354933E-002
    615.54140   2.69525846E-002
    615.85586   2.68699982E-002
    616.17032   2.67877329E-002
    616.48478   2.67057875E-002
    616.79924   2.66241607E-002
    617.11370   2.65428514E-002
    617.42816   2.64618582E-002
    617.74262   2.63811800E-002
    618.05708   2.63008156E-002
    618.37154   2.62207637E-002
    618.68600   2.61410231E-002
    619.00046   2.60615926E-002
    619.31492   2.59824711E-002
    619.62938   2.59036573E-002
    619.94384   2.58251500E-002
    620.25830   2.57469480E-002
    620.57276   2.56690502E-002
    620.88722   2.55914554E-002
    621.20168   2.55141623E-002
    621.51614   2.54371698E-002
    621.83060   2.53604768E-002
    622.14506   2.52840820E-002
    622.45952   2.52079843E-002
    622.77398   2.51321826E-002
    623.08844   2.50566756E-002
    623.40290   2.49814622E-002
    623.71736   2.49065413E-002
    624.03182   2.48319117E-002
    624.34628   2.47575723E-002
    624.66074   2.46835218E-002
    624.97520   2.46097593E-002
    625.28966   2.45362836E-002
    625.60412   2.44630934E-002
    625.91858   2.43901877E-002
    626.23304   2.43175655E-002
    626.54750   2.42452254E-002
    626.86196   2.41731665E-002
    627.17642   2.41013877E-002
    627.49088   2.40298877E-002
    627.80534   2.39586655E-002
    628.11980   2.38877201E-002
    628.43426   2.38170502E-002
    628.74872   2.37466548E-002
    629.06318   2.36765329E-002
    629.37764   2.36066833E-002
    629.69210   2.35371049E-002
    630.00656   2.34677967E-002
    630.32102   2.33987576E-002
    630.63548   2.33299865E-002
    630.94994   2.32614824E-002
    631.26440   2.31932441E-002
    631.57886   2.31252706E-002
    631.89332   2.30575609E-002
    632.20778   2.29901138E-002
    632.52224   2.29229285E-002
    632.83670   2.28560037E-002
    633.15115   2.27893384E-002
    633.46561   2.27229317E-002
    633.78007   2.26567824E-002
    634.09453   2.25908895E-002
    634.40899   2.25252521E-002
    634.72345   2.24598690E-002
    635.03791   2.23947393E-002
    635.35237   2.23298619E-002
    635.66683   2.22652358E-002
    635.98129   2.22008600E-002
    636.29575   2.21367334E-002
    636.61021   2.20728552E-002
    636.92467   2.20092242E-002
    637.23913   2.19458395E-002
    637.55359   2.18827001E-002
    637.86805   2.18198049E-002
    638.18251   2.17571531E-002
    638.49697   2.16947435E-002
    638.81143   2.16325753E-002
    639.12589   2.15706474E-002
    639.44035   2.15089589E-002
    639.75481   2.14475087E-002
    640.06927   2.13862960E-002
    640.38373   2.13253198E-002
    640.69819   2.12645790E-002
    641.01265   2.12040728E-002
    641.32711   2.11438002E-002
    641.64157   2.10837602E-002
    641.95603   2.10239519E-002
    642.27049   2.09643743E-002
    642.58495   2.09050265E-002
    642.89941   2.08459076E-002
    643.21387   2.07870165E-002
    643.52833   2.07283525E-002
    643.84279   2.06699145E-002
    644.15725   2.06117017E-002
    644.47171   2.05537131E-002
    644.78617   2.04959477E-002
    645.10063   2.04384048E-002
    645.41509   2.03810833E-002
    645.72955   2.03239823E-002
    646.04401   2.02671010E-002
    646.35847   2.02104385E-002
    646.67293   2.01539938E-002
    646.98739   2.00977660E-002
    647.30185   2.00417544E-002
    647.61631   1.99859579E-002
    647.93077   1.99303757E-002
    648.24523   1.98750069E-002
    648.55969   1.98198506E-002
    648.87415   1.97649059E-002
    649.18861   1.97101721E-002
    649.50307   1.96556482E-002
    649.81753   1.96013333E-002
    650.13199   1.95472265E-002
    650.44645   1.94933271E-002
    650.76091   1.94396342E-002
    651.07537   1.93861469E-002
    651.38983   1.93328643E-002
    651.70429   1.92797857E-002
    652.01875   1.92269101E-002
    652.33321   1.91742368E-002
    652.64767   1.91217648E-002
    652.96213   1.90694934E-002
    653.27659   1.90174217E-002
    653.59105   1.89655490E-002
    653.90551   1.89138743E-002
    654.21997   1.88623968E-002
    654.53443   1.88111158E-002
    654.84889   1.87600304E-002
    655.16335   1.87091398E-002
    655.47781   1.86584432E-002
    655.79227   1.86079398E-002
    656.10673   1.85576288E-002
    656.42119   1.85075094E-002
    656.73565   1.84575808E-002
    657.05010   1.84078421E-002
    657.36456   1.83582927E-002
    657.67902   1.83089317E-002
    657.99348   1.82597583E-002
    658.30794   1.82107718E-002
    658.62240   1.81619713E-002
    658.93686   1.81133562E-002
    659.25132   1.80649255E-002
    659.56578   1.80166787E-002
    659.88024   1.79686148E-002
    660.19470   1.79207331E-002
    660.50916   1.78730329E-002
    660.82362   1.78255134E-002
    661.13808   1.77781739E-002
    661.45254   1.77310135E-002
    661.76700   1.76840316E-002
    662.08146   1.76372275E-002
    662.39592   1.75906002E-002
    662.71038   1.75441492E-002
    663.02484   1.74978737E-002
    663.33930   1.74517730E-002
    663.65376   1.74058462E-002
    663.96822   1.73600927E-002
    664.28268   1.73145118E-002
    664.59714   1.72691028E-002
    664.91160   1.72238649E-002
    665.22606   1.71787973E-002
    665.54052   1.71338995E-002
    665.85498   1.70891706E-002
    666.16944   1.70446100E-002
    666.48390   1.70002170E-002
    666.79836   1.69559908E-002
    667.11282   1.69119308E-002
    667.42728   1.68680363E-002
    667.74174   1.68243065E-002
    668.05620   1.67807408E-002
    668.37066   1.67373385E-002
    668.68512   1.66940989E-002
    668.99958   1.66510213E-002
    669.31404   1.66081050E-002
    669.62850   1.65653494E-002
    669.94296   1.65227538E-002
    670.25742   1.64803175E-002
    670.57188   1.64380399E-002
    670.88634   1.63959202E-002
    671.20080   1.63539578E-002
    671.51526   1.63121520E-002
    671.82972   1.62705023E-002
    672.14418   1.62290079E-002
    672.45864   1.61876681E-002
    672.77310   1.61464824E-002
    673.08756   1.61054501E-002
    673.40202   1.60645705E-002
    673.71648   1.60238430E-002
    674.03094   1.59832669E-002
    674.34540   1.59428416E-002
    674.65986   1.59025665E-002
    674.97432   1.58624410E-002
    675.28878   1.58224643E-002
    675.60324   1.57826360E-002
    675.91770   1.57429553E-002
    676.23216   1.57034216E-002
    676.54662   1.56640344E-002
    676.86108   1.56247929E-002
    677.17554   1.55856966E-002
    677.49000   1.55467449E-002
    677.80446   1.55079372E-002
    678.11892   1.54692728E-002
    678.43338   1.54307511E-002
    678.74784   1.53923716E-002
    679.06230   1.53541337E-002
    679.37676   1.53160367E-002
    679.69122   1.52780800E-002
    680.00568   1.52402631E-002
    680.32014   1.52025853E-002
    680.63460   1.51650462E-002
    680.94906   1.51276450E-002
    681.26351   1.50903813E-002
    681.57797   1.50532544E-002
    681.89243   1.50162637E-002
    682.20689   1.49794087E-002
    682.52135   1.49426888E-002
    682.83581   1.49061035E-002
    683.15027   1.48696521E-002
    683.46473   1.48333341E-002
    683.77919   1.47971490E-002
    684.09365   1.47610961E-002
    684.40811   1.47251750E-002
    684.72257   1.46893850E-002
    685.03703   1.46537256E-002
    685.35149   1.46181963E-002
    685.66595   1.45827964E-002
    685.98041   1.45475255E-002
    686.29487   1.45123831E-002
    686.60933   1.44773685E-002
    686.92379   1.44424812E-002
    687.23825   1.44077207E-002
    687.55271   1.43730865E-002
    687.86717   1.43385779E-002
    688.18163   1.43041946E-002
    688.49609   1.42699359E-002
    688.81055   1.42358014E-002
    689.12501   1.42017904E-002
    689.43947   1.41679026E-002
    689.75393   1.41341372E-002
    690.06839   1.41004940E-002
    690.38285   1.40669723E-002
    690.69731   1.40335715E-002
    691.01177   1.40002913E-002
    691.32623   1.39671311E-002
    691.64069   1.39340903E-002
    691.95515   1.39011686E-002
    692.26961   1.38683653E-002
    692.58407   1.38356800E-002
    692.89853   1.38031121E-002
    693.21299   1.37706613E-002
    693.52745   1.37383269E-002
    693.84191   1.37061085E-002
    694.15637   1.36740056E-002
    694.47083   1.36420177E-002
    694.78529   1.36101444E-002
    695.09975   1.35783851E-002
    695.41421   1.35467394E-002
    695.72867   1.35152067E-002
    696.04313   1.34837866E-002
    696.35759   1.34524787E-002
    696.67205   1.34212824E-002
    696.98651   1.33901973E-002
    697.30097   1.33592229E-002
    697.61543   1.33283588E-002
    697.92989   1.32976044E-002
    698.24435   1.32669593E-002
    698.55881   1.32364231E-002
    698.87327   1.32059953E-002
    699.18773   1.31756754E-002
    699.50219   1.31454630E-002
    699.81665   1.31153576E-002
    700.13111   1.30853588E-002
    700.44557   1.30554661E-002
    700.76003   1.30256791E-002
    701.07449   1.29959973E-002
    701.38895   1.29664202E-002
    701.70341   1.29369475E-002
    702.01787   1.29075788E-002
    702.33233   1.28783134E-002
    702.64679   1.28491511E-002
    702.96125   1.28200914E-002
    703.27571   1.27911338E-002
    703.59017   1.27622780E-002
    703.90463   1.27335235E-002
    704.21909   1.27048698E-002
    704.53355   1.26763165E-002
    704.84801   1.26478633E-002
    705.16246   1.26195097E-002
    705.47692   1.25912552E-002
    705.79138   1.25630995E-002
    706.10584   1.25350422E-002
    706.42030   1.25070828E-002
    706.73476   1.24792208E-002
    707.04922   1.24514560E-002
    707.36368   1.24237879E-002
    707.67814   1.23962161E-002
    707.99260   1.23687401E-002
    708.30706   1.23413596E-002
    708.62152   1.23140742E-002
    708.93598   1.22868835E-002
    709.25044   1.22597870E-002
    709.56490   1.22327844E-002
    709.87936   1.22058753E-002
    710.19382   1.21790593E-002
    710.50828   1.21523360E-002
    710.82274   1.21257049E-002
    711.13720   1.20991658E-002
    711.45166   1.20727183E-002
    711.76612   1.20463618E-002
    712.08058   1.20200962E-002
    712.39504   1.19939209E-002
    712.70950   1.19678356E-002
    713.02396   1.19418400E-002
    713.33842   1.19159335E-002
    713.65288   1.18901160E-002
    713.96734   1.18643870E-002
    714.28180   1.18387460E-002
    714.59626   1.18131929E-002
    714.91072   1.17877271E-002
    715.22518   1.17623483E-002
    715.53964   1.17370562E-002
    715.85410   1.17118504E-002
    716.16856   1.16867305E-002
    716.48302   1.16616962E-002
    716.79748   1.16367471E-002
    717.11194   1.16118828E-002
    717.42640   1.15871030E-002
    717.74086   1.15624074E-002
    718.05532   1.15377956E-002
    718.36978   1.15132671E-002
    718.68424   1.14888218E-002
    718.99870   1.14644593E-002
    719.31316   1.14401791E-002
    719.62762   1.14159809E-002
    719.94208   1.13918645E-002
    720.25654   1.13678294E-002
    720.57100   1.13438754E-002
    720.88546   1.13200020E-002
    721.19992   1.12962090E-002
    721.51438   1.12724960E-002
    721.82884   1.12488626E-002
    722.14330   1.12253086E-002
    722.45776   1.12018336E-002
    722.77222   1.11784373E-002
    723.08668   1.11551193E-002
    723.40114   1.11318794E-002
    723.71560   1.11087172E-002
    724.03006   1.10856323E-002
    724.34452   1.10626245E-002
    724.65898   1.10396934E-002
    724.97344   1.10168387E-002
    725.28790   1.09940601E-002
    725.60236   1.09713573E-002
    725.91682   1.09487299E-002
    726.23128   1.09261777E-002
    726.54574   1.09037003E-002
    726.86020   1.08812974E-002
    727.17466   1.08589687E-002
    727.48912   1.08367140E-002
    727.80358   1.08145328E-002
    728.11804   1.07924249E-002
    728.43250   1.07703900E-002
    728.74696   1.07484277E-002
    729.06141   1.07265379E-002
    729.37587   1.07047201E-002
    729.69033   1.06829740E-002
    730.00479   1.06612995E-002
    730.31925   1.06396961E-002
    730.63371   1.06181636E-002
    730.94817   1.05967017E-002
    731.26263   1.05753101E-002
    731.57709   1.05539885E-002
    731.89155   1.05327366E-002
    732.20601   1.05115541E-002
    732.52047   1.04904408E-002
    732.83493   1.04693963E-002
    733.14939   1.04484204E-002
    733.46385   1.04275128E-002
    733.77831   1.04066731E-002
    734.09277   1.03859012E-002
    734.40723   1.03651967E-002
    734.72169   1.03445594E-002
    735.03615   1.03239889E-002
    735.35061   1.03034851E-002
    735.66507   1.02830475E-002
    735.97953   1.02626761E-002
    736.29399   1.02423704E-002
    736.60845   1.02221302E-002
    736.92291   1.02019553E-002
    737.23737   1.01818453E-002
    737.55183   1.01618000E-002
    737.86629   1.01418192E-002
    738.18075   1.01219025E-002
    738.49521   1.01020497E-002
    738.80967   1.00822606E-002
    739.12413   1.00625349E-002
    739.43859   1.00428722E-002
    739.75305   1.00232725E-002
    740.06751   1.00037353E-002
    740.38197   9.98426047E-003
    740.69643   9.96484773E-003
    741.01089   9.94549681E-003
    741.32535   9.92620748E-003
    741.63981   9.90697947E-003
    741.95427   9.88781253E-003
    742.26873   9.86870641E-003
    742.58319   9.84966086E-003
    742.89765   9.83067563E-003
    743.21211   9.81175048E-003
    743.52657   9.79288516E-003
    743.84103   9.77407942E-003
    744.15549   9.75533303E-003
    744.46995   9.73664573E-003
    744.78441   9.71801729E-003
    745.09887   9.69944746E-003
    745.41333   9.68093600E-003
    745.72779   9.66248268E-003
    746.04225   9.64408726E-003
    746.35671   9.62574951E-003
    746.67117   9.60746917E-003
    746.98563   9.58924604E-003
    747.30009   9.57107985E-003
    747.61455   9.55297040E-003
    747.92901   9.53491744E-003
    748.24347   9.51692075E-003
    748.55793   9.49898009E-003
    748.87239   9.48109523E-003
    749.18685   9.46326596E-003
    749.50131   9.44549204E-003
    749.81577   9.42777325E-003
    750.13023   9.41010937E-003
    750.44469   9.39250017E-003
    750.75915   9.37494542E-003
    751.07361   9.35744491E-003
    751.38807   9.33999842E-003
    751.70253   9.32260573E-003
    752.01699   9.30526662E-003
    752.33145   9.28798087E-003
    752.64591   9.27074827E-003
    752.96037   9.25356860E-003
    753.27482   9.23644165E-003
    753.58928   9.21936720E-003
    753.90374   9.20234504E-003
    754.21820   9.18537496E-003
    754.53266   9.16845675E-003
    754.84712   9.15159019E-003
    755.16158   9.13477509E-003
    755.47604   9.11801123E-003
    755.79050   9.10129841E-003
    756.10496   9.08463642E-003
    756.41942   9.06802505E-003
    756.73388   9.05146410E-003
    757.04834   9.03495337E-003
    757.36280   9.01849266E-003
    757.67726   9.00208176E-003
    757.99172   8.98572047E-003
    758.30618   8.96940860E-003
    758.62064   8.95314594E-003
    758.93510   8.93693230E-003
    759.24956   8.92076749E-003
    759.56402   8.90465129E-003
    759.87848   8.88858353E-003
    760.19294   8.87256400E-003
    760.50740   8.85659251E-003
    760.82186   8.84066887E-003
    761.13632   8.82479289E-003
    761.45078   8.80896437E-003
    761.76524   8.79318313E-003
    762.07970   8.77744898E-003
    762.39416   8.76176173E-003
    762.70862   8.74612119E-003
    763.02308   8.73052718E-003
    763.33754   8.71497950E-003
    763.65200   8.69947798E-003
    763.96646   8.68402243E-003
    764.28092   8.66861267E-003
    764.59538   8.65324851E-003
    764.90984   8.63792977E-003
    765.22430   8.62265628E-003
    765.53876   8.60742784E-003
    765.85322   8.59224429E-003
    766.16768   8.57710545E-003
    766.48214   8.56201113E-003
    766.79660   8.54696116E-003
    767.11106   8.53195536E-003
    767.42552   8.51699356E-003
    767.73998   8.50207559E-003
    768.05444   8.48720127E-003
    768.36890   8.47237042E-003
    768.68336   8.45758288E-003
    768.99782   8.44283847E-003
    769.31228   8.42813702E-003
    769.62674   8.41347837E-003
    769.94120   8.39886234E-003
    770.25566   8.38428876E-003
    770.57012   8.36975748E-003
    770.88458   8.35526831E-003
    771.19904   8.34082110E-003
    771.51350   8.32641568E-003
    771.82796   8.31205189E-003
    772.14242   8.29772955E-003
    772.45688   8.28344851E-003
    772.77134   8.26920861E-003
    773.08580   8.25500968E-003
    773.40026   8.24085156E-003
    773.71472   8.22673410E-003
    774.02918   8.21265713E-003
    774.34364   8.19862049E-003
    774.65810   8.18462402E-003
    774.97256   8.17066758E-003
    775.28702   8.15675099E-003
    775.60148   8.14287411E-003
    775.91594   8.12903678E-003
    776.23040   8.11523885E-003
    776.54486   8.10148016E-003
    776.85932   8.08776055E-003
    777.17377   8.07407988E-003
    777.48823   8.06043799E-003
    777.80269   8.04683474E-003
    778.11715   8.03326996E-003
    778.43161   8.01974352E-003
    778.74607   8.00625526E-003
    779.06053   7.99280503E-003
    779.37499   7.97939269E-003
    779.68945   7.96601809E-003
    780.00391   7.95268108E-003
    780.31837   7.93938151E-003
    780.63283   7.92611925E-003
    780.94729   7.91289414E-003
    781.26175   7.89970604E-003
    781.57621   7.88655481E-003
    781.89067   7.87344030E-003
    782.20513   7.86036238E-003
    782.51959   7.84732091E-003
    782.83405   7.83431573E-003
    783.14851   7.82134671E-003
    783.46297   7.80841372E-003
    783.77743   7.79551660E-003
    784.09189   7.78265523E-003
    784.40635   7.76982947E-003
    784.72081   7.75703918E-003
    785.03527   7.74428422E-003
    785.34973   7.73156445E-003
    785.66419   7.71887975E-003
    785.97865   7.70622997E-003
    786.29311   7.69361498E-003
    786.60757   7.68103466E-003
    786.92203   7.66848886E-003
    787.23649   7.65597745E-003
    787.55095   7.64350030E-003
    787.86541   7.63105729E-003
    788.17987   7.61864827E-003
    788.49433   7.60627313E-003
    788.80879   7.59393172E-003
    789.12325   7.58162393E-003
    789.43771   7.56934962E-003
    789.75217   7.55710867E-003
    790.06663   7.54490094E-003
    790.38109   7.53272632E-003
    790.69555   7.52058467E-003
    791.01001   7.50847587E-003
    791.32447   7.49639979E-003
    791.63893   7.48435632E-003
    791.95339   7.47234533E-003
    792.26785   7.46036668E-003
    792.58231   7.44842027E-003
    792.89677   7.43650597E-003
    793.21123   7.42462366E-003
    793.52569   7.41277321E-003
    793.84015   7.40095450E-003
    794.15461   7.38916743E-003
    794.46907   7.37741185E-003
    794.78353   7.36568767E-003
    795.09799   7.35399475E-003
    795.41245   7.34233299E-003
    795.72691   7.33070225E-003
    796.04137   7.31910243E-003
    796.35583   7.30753342E-003
    796.67029   7.29599508E-003
    796.98475   7.28448732E-003
    797.29921   7.27301001E-003
    797.61367   7.26156303E-003
    797.92813   7.25014629E-003
    798.24259   7.23875965E-003
    798.55705   7.22740302E-003
    798.87151   7.21607627E-003
    799.18597   7.20477929E-003
    799.50043   7.19351198E-003
    799.81489   7.18227422E-003
    800.12935   7.17106591E-003
    800.44381   7.15988693E-003
    800.75827   7.14873717E-003
    801.07272   7.13761652E-003
    801.38718   7.12652488E-003
    801.70164   7.11546214E-003
    802.01610   7.10442819E-003
    802.33056   7.09342292E-003
    802.64502   7.08244622E-003
    802.95948   7.07149800E-003
    803.27394   7.06057815E-003
    803.58840   7.04968655E-003
    803.90286   7.03882311E-003
    804.21732   7.02798771E-003
    804.53178   7.01718027E-003
    804.84624   7.00640067E-003
    805.16070   6.99564881E-003
    805.47516   6.98492459E-003
    805.78962   6.97422790E-003
    806.10408   6.96355865E-003
    806.41854   6.95291673E-003
    806.73300   6.94230205E-003
    807.04746   6.93171450E-003
    807.36192   6.92115398E-003
    807.67638   6.91062039E-003
    807.99084   6.90011364E-003
    808.30530   6.88963363E-003
    808.61976   6.87918026E-003
    808.93422   6.86875342E-003
    809.24868   6.85835303E-003
    809.56314   6.84797899E-003
    809.87760   6.83763120E-003
    810.19206   6.82730956E-003
    810.50652   6.81701398E-003
    810.82098   6.80674436E-003
    811.13544   6.79650062E-003
    811.44990   6.78628265E-003
    811.76436   6.77609036E-003
    812.07882   6.76592366E-003
    812.39328   6.75578245E-003
    812.70774   6.74566665E-003
    813.02220   6.73557615E-003
    813.33666   6.72551088E-003
    813.65112   6.71547073E-003
    813.96558   6.70545561E-003
    814.28004   6.69546545E-003
    814.59450   6.68550013E-003
    814.90896   6.67555959E-003
    815.22342   6.66564371E-003
    815.53788   6.65575243E-003
    815.85234   6.64588564E-003
    816.16680   6.63604327E-003
    816.48126   6.62622521E-003
    816.79572   6.61643139E-003
    817.11018   6.60666172E-003
    817.42464   6.59691610E-003
    817.73910   6.58719446E-003
    818.05356   6.57749671E-003
    818.36802   6.56782277E-003
    818.68248   6.55817253E-003
    818.99694   6.54854594E-003
    819.31140   6.53894289E-003
    819.62586   6.52936330E-003
    819.94032   6.51980709E-003
    820.25478   6.51027418E-003
    820.56924   6.50076448E-003
    820.88370   6.49127792E-003
    821.19816   6.48181440E-003
    821.51262   6.47237385E-003
    821.82708   6.46295618E-003
    822.14154   6.45356132E-003
    822.45600   6.44418918E-003
    822.77046   6.43483968E-003
    823.08492   6.42551274E-003
    823.39938   6.41620829E-003
    823.71384   6.40692624E-003
    824.02830   6.39766651E-003
    824.34276   6.38842902E-003
    824.65722   6.37921370E-003
    824.97168   6.37002047E-003
    825.28613   6.36084925E-003
    825.60059   6.35169996E-003
    825.91505   6.34257252E-003
    826.22951   6.33346687E-003
    826.54397   6.32438291E-003
    826.85843   6.31532058E-003
    827.17289   6.30627980E-003
    827.48735   6.29726050E-003
    827.80181   6.28826259E-003
    828.11627   6.27928601E-003
    828.43073   6.27033068E-003
    828.74519   6.26139652E-003
    829.05965   6.25248346E-003
    829.37411   6.24359143E-003
    829.68857   6.23472036E-003
    830.00303   6.22587017E-003
    830.31749   6.21704078E-003
    830.63195   6.20823213E-003
    830.94641   6.19944415E-003
    831.26087   6.19067676E-003
    831.57533   6.18192989E-003
    831.88979   6.17320347E-003
    832.20425   6.16449743E-003
    832.51871   6.15581170E-003
    832.83317   6.14714621E-003
    833.14763   6.13850088E-003
    833.46209   6.12987566E-003
    833.77655   6.12127046E-003
    834.09101   6.11268523E-003
    834.40547   6.10411989E-003
    834.71993   6.09557437E-003
    835.03439   6.08704861E-003
    835.34885   6.07854253E-003
    835.66331   6.07005608E-003
    835.97777   6.06158917E-003
    836.29223   6.05314176E-003
    836.60669   6.04471376E-003
    836.92115   6.03630511E-003
    837.23561   6.02791575E-003
    837.55007   6.01954561E-003
    837.86453   6.01119463E-003
    838.17899   6.00286274E-003
    838.49345   5.99454987E-003
    838.80791   5.98625596E-003
    839.12237   5.97798095E-003
    839.43683   5.96972477E-003
    839.75129   5.96148735E-003
    840.06575   5.95326864E-003
    840.38021   5.94506857E-003
    840.69467   5.93688708E-003
    841.00913   5.92872410E-003
    841.32359   5.92057957E-003
    841.63805   5.91245343E-003
    841.95251   5.90434562E-003
    842.26697   5.89625608E-003
    842.58143   5.88818474E-003
    842.89589   5.88013154E-003
    843.21035   5.87209643E-003
    843.52481   5.86407933E-003
    843.83927   5.85608020E-003
    844.15373   5.84809897E-003
    844.46819   5.84013557E-003
    844.78265   5.83218996E-003
    845.09711   5.82426207E-003
    845.41157   5.81635184E-003
    845.72603   5.80845921E-003
    846.04049   5.80058413E-003
    846.35495   5.79272653E-003
    846.66941   5.78488636E-003
    846.98387   5.77706356E-003
    847.29833   5.76925808E-003
    847.61279   5.76146984E-003
    847.92725   5.75369880E-003
    848.24171   5.74594491E-003
    848.55617   5.73820809E-003
    848.87063   5.73048830E-003
    849.18508   5.72278549E-003
    849.49954   5.71509958E-003
    849.81400   5.70743054E-003
    850.12846   5.69977829E-003
    850.44292   5.69214280E-003
    850.75738   5.68452399E-003
    851.07184   5.67692183E-003
    851.38630   5.66933624E-003
    851.70076   5.66176719E-003
    852.01522   5.65421461E-003
    852.32968   5.64667844E-003
    852.64414   5.63915865E-003
    852.95860   5.63165516E-003
    853.27306   5.62416794E-003
    853.58752   5.61669692E-003
    853.90198   5.60924205E-003
    854.21644   5.60180328E-003
    854.53090   5.59438057E-003
    854.84536   5.58697384E-003
    855.15982   5.57958306E-003
    855.47428   5.57220818E-003
    855.78874   5.56484913E-003
    856.10320   5.55750587E-003
    856.41766   5.55017835E-003
    856.73212   5.54286652E-003
    857.04658   5.53557032E-003
    857.36104   5.52828971E-003
    857.67550   5.52102463E-003
    857.98996   5.51377504E-003
    858.30442   5.50654088E-003
    858.61888   5.49932211E-003
    858.93334   5.49211867E-003
    859.24780   5.48493052E-003
    859.56226   5.47775761E-003
    859.87672   5.47059989E-003
    860.19118   5.46345731E-003
    860.50564   5.45632981E-003
    860.82010   5.44921737E-003
    861.13456   5.44211991E-003
    861.44902   5.43503741E-003
    861.76348   5.42796980E-003
    862.07794   5.42091704E-003
    862.39240   5.41387909E-003
    862.70686   5.40685590E-003
    863.02132   5.39984742E-003
    863.33578   5.39285360E-003
    863.65024   5.38587440E-003
    863.96470   5.37890977E-003
    864.27916   5.37195967E-003
    864.59362   5.36502404E-003
    864.90808   5.35810285E-003
    865.22254   5.35119605E-003
    865.53700   5.34430358E-003
    865.85146   5.33742542E-003
    866.16592   5.33056151E-003
    866.48038   5.32371180E-003
    866.79484   5.31687626E-003
    867.10930   5.31005483E-003
    867.42376   5.30324748E-003
    867.73822   5.29645416E-003
    868.05268   5.28967482E-003
    868.36714   5.28290942E-003
    868.68160   5.27615793E-003
    868.99606   5.26942029E-003
    869.31052   5.26269646E-003
    869.62498   5.25598639E-003
    869.93944   5.24929006E-003
    870.25390   5.24260741E-003
    870.56836   5.23593839E-003
    870.88282   5.22928298E-003
    871.19728   5.22264112E-003
    871.51174   5.21601278E-003
    871.82620   5.20939791E-003
    872.14066   5.20279647E-003
    872.45512   5.19620841E-003
    872.76958   5.18963371E-003
    873.08403   5.18307231E-003
    873.39849   5.17652418E-003
    873.71295   5.16998927E-003
    874.02741   5.16346755E-003
    874.34187   5.15695897E-003
    874.65633   5.15046349E-003
    874.97079   5.14398107E-003
    875.28525   5.13751168E-003
    875.59971   5.13105527E-003
    875.91417   5.12461181E-003
    876.22863   5.11818124E-003
    876.54309   5.11176355E-003
    876.85755   5.10535867E-003
    877.17201   5.09896659E-003
    877.48647   5.09258725E-003
    877.80093   5.08622061E-003
    878.11539   5.07986665E-003
    878.42985   5.07352532E-003
    878.74431   5.06719659E-003
    879.05877   5.06088040E-003
    879.37323   5.05457674E-003
    879.68769   5.04828555E-003
    880.00215   5.04200681E-003
    880.31661   5.03574047E-003
    880.63107   5.02948649E-003
    880.94553   5.02324485E-003
    881.25999   5.01701549E-003
    881.57445   5.01079840E-003
    881.88891   5.00459352E-003
    882.20337   4.99840082E-003
    882.51783   4.99222027E-003
    882.83229   4.98605182E-003
    883.14675   4.97989545E-003
    883.46121   4.97375112E-003
    883.77567   4.96761878E-003
    884.09013   4.96149842E-003
    884.40459   4.95538998E-003
    884.71905   4.94929343E-003
    885.03351   4.94320874E-003
    885.34797   4.93713588E-003
    885.66243   4.93107480E-003
    885.97689   4.92502548E-003
    886.29135   4.91898788E-003
    886.60581   4.91296196E-003
    886.92027   4.90694768E-003
    887.23473   4.90094503E-003
    887.54919   4.89495395E-003
    887.86365   4.88897442E-003
    888.17811   4.88300640E-003
    888.49257   4.87704986E-003
    888.80703   4.87110477E-003
    889.12149   4.86517109E-003
    889.43595   4.85924878E-003
    889.75041   4.85333782E-003
    890.06487   4.84743817E-003
    890.37933   4.84154980E-003
    890.69379   4.83567267E-003
    891.00825   4.82980676E-003
    891.32271   4.82395203E-003
    891.63717   4.81810844E-003
    891.95163   4.81227597E-003
    892.26609   4.80645458E-003
    892.58055   4.80064424E-003
    892.89501   4.79484492E-003
    893.20947   4.78905658E-003
    893.52393   4.78327920E-003
    893.83839   4.77751275E-003
    894.15285   4.77175718E-003
    894.46731   4.76601247E-003
    894.78177   4.76027859E-003
    895.09623   4.75455551E-003
    895.41069   4.74884320E-003
    895.72515   4.74314162E-003
    896.03961   4.73745075E-003
    896.35407   4.73177055E-003
    896.66853   4.72610099E-003
    896.98299   4.72044204E-003
    897.29744   4.71479368E-003
    897.61190   4.70915587E-003
    897.92636   4.70352859E-003
    898.24082   4.69791179E-003
    898.55528   4.69230546E-003
    898.86974   4.68670955E-003
    899.18420   4.68112406E-003
    899.49866   4.67554893E-003
    899.81312   4.66998415E-003
    900.12758   4.66442968E-003
    900.44204   4.65888550E-003
    900.75650   4.65335158E-003
    901.07096   4.64782788E-003
    901.38542   4.64231438E-003
    901.69988   4.63681105E-003
    902.01434   4.63131786E-003
    902.32880   4.62583478E-003
    902.64326   4.62036179E-003
    902.95772   4.61489885E-003
    903.27218   4.60944594E-003
    903.58664   4.60400303E-003
    903.90110   4.59857009E-003
    904.21556   4.59314709E-003
    904.53002   4.58773401E-003
    904.84448   4.58233082E-003
    905.15894   4.57693749E-003
    905.47340   4.57155399E-003
    905.78786   4.56618030E-003
    906.10232   4.56081638E-003
    906.41678   4.55546222E-003
    906.73124   4.55011778E-003
    907.04570   4.54478303E-003
    907.36016   4.53945796E-003
    907.67462   4.53414253E-003
    907.98908   4.52883672E-003
    908.30354   4.52354050E-003
    908.61800   4.51825384E-003
    908.93246   4.51297672E-003
    909.24692   4.50770911E-003
    909.56138   4.50245099E-003
    909.87584   4.49720232E-003
    910.19030   4.49196309E-003
    910.50476   4.48673327E-003
    910.81922   4.48151283E-003
    911.13368   4.47630174E-003
    911.44814   4.47109998E-003
    911.76260   4.46590753E-003
    912.07706   4.46072436E-003
    912.39152   4.45555044E-003
    912.70598   4.45038576E-003
    913.02044   4.44523027E-003
    913.33490   4.44008397E-003
    913.64936   4.43494682E-003
    913.96382   4.42981879E-003
    914.27828   4.42469988E-003
    914.59274   4.41959004E-003
    914.90720   4.41448926E-003
    915.22166   4.40939751E-003
    915.53612   4.40431476E-003
    915.85058   4.39924100E-003
    916.16504   4.39417619E-003
    916.47950   4.38912032E-003
    916.79396   4.38407337E-003
    917.10842   4.37903529E-003
    917.42288   4.37400608E-003
    917.73734   4.36898571E-003
    918.05180   4.36397415E-003
    918.36626   4.35897139E-003
    918.68072   4.35397739E-003
    918.99518   4.34899213E-003
    919.30964   4.34401560E-003
    919.62410   4.33904777E-003
    919.93856   4.33408861E-003
    920.25302   4.32913811E-003
    920.56748   4.32419623E-003
    920.88194   4.31926296E-003
    921.19639   4.31433827E-003
    921.51085   4.30942214E-003
    921.82531   4.30451455E-003
    922.13977   4.29961548E-003
    922.45423   4.29472490E-003
    922.76869   4.28984279E-003
    923.08315   4.28496913E-003
    923.39761   4.28010390E-003
    923.71207   4.27524707E-003
    924.02653   4.27039862E-003
    924.34099   4.26555853E-003
    924.65545   4.26072678E-003
    924.96991   4.25590335E-003
    925.28437   4.25108821E-003
    925.59883   4.24628135E-003
    925.91329   4.24148273E-003
    926.22775   4.23669235E-003
    926.54221   4.23191018E-003
    926.85667   4.22713619E-003
    927.17113   4.22237037E-003
    927.48559   4.21761269E-003
    927.80005   4.21286314E-003
    928.11451   4.20812169E-003
    928.42897   4.20338832E-003
    928.74343   4.19866302E-003
    929.05789   4.19394575E-003
    929.37235   4.18923651E-003
    929.68681   4.18453526E-003
    930.00127   4.17984199E-003
    930.31573   4.17515668E-003
    930.63019   4.17047930E-003
    930.94465   4.16580985E-003
    931.25911   4.16114829E-003
    931.57357   4.15649460E-003
    931.88803   4.15184877E-003
    932.20249   4.14721078E-003
    932.51695   4.14258061E-003
    932.83141   4.13795823E-003
    933.14587   4.13334363E-003
    933.46033   4.12873678E-003
    933.77479   4.12413768E-003
    934.08925   4.11954629E-003
    934.40371   4.11496259E-003
    934.71817   4.11038658E-003
    935.03263   4.10581823E-003
    935.34709   4.10125751E-003
    935.66155   4.09670442E-003
    935.97601   4.09215892E-003
    936.29047   4.08762101E-003
    936.60493   4.08309066E-003
    936.91939   4.07856786E-003
    937.23385   4.07405258E-003
    937.54831   4.06954481E-003
    937.86277   4.06504452E-003
    938.17723   4.06055170E-003
    938.49169   4.05606633E-003
    938.80615   4.05158840E-003
    939.12061   4.04711787E-003
    939.43507   4.04265474E-003
    939.74953   4.03819899E-003
    940.06399   4.03375059E-003
    940.37845   4.02930954E-003
    940.69291   4.02487580E-003
    941.00737   4.02044937E-003
    941.32183   4.01603022E-003
    941.63629   4.01161834E-003
    941.95075   4.00721370E-003
    942.26521   4.00281630E-003
    942.57967   3.99842611E-003
    942.89413   3.99404311E-003
    943.20859   3.98966730E-003
    943.52305   3.98529864E-003
    943.83751   3.98093712E-003
    944.15197   3.97658273E-003
    944.46643   3.97223545E-003
    944.78089   3.96789525E-003
    945.09534   3.96356213E-003
    945.40980   3.95923606E-003
    945.72426   3.95491703E-003
    946.03872   3.95060503E-003
    946.35318   3.94630002E-003
    946.66764   3.94200200E-003
    946.98210   3.93771095E-003
    947.29656   3.93342686E-003
    947.61102   3.92914970E-003
    947.92548   3.92487945E-003
    948.23994   3.92061611E-003
    948.55440   3.91635966E-003
    948.86886   3.91211007E-003
    949.18332   3.90786734E-003
    949.49778   3.90363144E-003
    949.81224   3.89940236E-003
    950.12670   3.89518009E-003
    950.44116   3.89096460E-003
    950.75562   3.88675587E-003
    951.07008   3.88255391E-003
    951.38454   3.87835868E-003
    951.69900   3.87417017E-003
    952.01346   3.86998837E-003
    952.32792   3.86581326E-003
    952.64238   3.86164482E-003
    952.95684   3.85748303E-003
    953.27130   3.85332789E-003
    953.58576   3.84917938E-003
    953.90022   3.84503747E-003
    954.21468   3.84090216E-003
    954.52914   3.83677343E-003
    954.84360   3.83265126E-003
    955.15806   3.82853563E-003
    955.47252   3.82442654E-003
    955.78698   3.82032397E-003
    956.10144   3.81622790E-003
    956.41590   3.81213831E-003
    956.73036   3.80805519E-003
    957.04482   3.80397853E-003
    957.35928   3.79990831E-003
    957.67374   3.79584451E-003
    957.98820   3.79178712E-003
    958.30266   3.78773613E-003
    958.61712   3.78369152E-003
    958.93158   3.77965327E-003
    959.24604   3.77562137E-003
    959.56050   3.77159581E-003
    959.87496   3.76757657E-003
    960.18942   3.76356363E-003
    960.50388   3.75955698E-003
    960.81834   3.75555661E-003
    961.13280   3.75156250E-003
    961.44726   3.74757464E-003
    961.76172   3.74359301E-003
    962.07618   3.73961760E-003
    962.39064   3.73564839E-003
    962.70510   3.73168538E-003
    963.01956   3.72772853E-003
    963.33402   3.72377785E-003
    963.64848   3.71983332E-003
    963.96294   3.71589491E-003
    964.27740   3.71196263E-003
    964.59186   3.70803645E-003
    964.90632   3.70411636E-003
    965.22078   3.70020235E-003
    965.53524   3.69629439E-003
    965.84970   3.69239249E-003
    966.16416   3.68849662E-003
    966.47862   3.68460678E-003
    966.79308   3.68072294E-003
    967.10754   3.67684509E-003
    967.42200   3.67297322E-003
    967.73646   3.66910732E-003
    968.05092   3.66524737E-003
    968.36538   3.66139336E-003
    968.67984   3.65754528E-003
    968.99429   3.65370311E-003
    969.30875   3.64986684E-003
    969.62321   3.64603645E-003
    969.93767   3.64221193E-003
    970.25213   3.63839328E-003
    970.56659   3.63458046E-003
    970.88105   3.63077349E-003
    971.19551   3.62697233E-003
    971.50997   3.62317697E-003
    971.82443   3.61938741E-003
    972.13889   3.61560363E-003
    972.45335   3.61182562E-003
    972.76781   3.60805336E-003
    973.08227   3.60428685E-003
    973.39673   3.60052606E-003
    973.71119   3.59677098E-003
    974.02565   3.59302161E-003
    974.34011   3.58927793E-003
    974.65457   3.58553993E-003
    974.96903   3.58180760E-003
    975.28349   3.57808091E-003
    975.59795   3.57435987E-003
    975.91241   3.57064445E-003
    976.22687   3.56693465E-003
    976.54133   3.56323045E-003
    976.85579   3.55953184E-003
    977.17025   3.55583880E-003
    977.48471   3.55215133E-003
    977.79917   3.54846942E-003
    978.11363   3.54479305E-003
    978.42809   3.54112220E-003
    978.74255   3.53745687E-003
    979.05701   3.53379705E-003
    979.37147   3.53014272E-003
    979.68593   3.52649386E-003
    980.00039   3.52285048E-003
    980.31485   3.51921255E-003
    980.62931   3.51558007E-003
    980.94377   3.51195302E-003
    981.25823   3.50833139E-003
    981.57269   3.50471517E-003
    981.88715   3.50110434E-003
    982.20161   3.49749890E-003
    982.51607   3.49389884E-003
    982.83053   3.49030413E-003
    983.14499   3.48671478E-003
    983.45945   3.48313076E-003
    983.77391   3.47955208E-003
    984.08837   3.47597870E-003
    984.40283   3.47241063E-003
    984.71729   3.46884786E-003
    985.03175   3.46529036E-003
    985.34621   3.46173814E-003
    985.66067   3.45819117E-003
    985.97513   3.45464945E-003
    986.28959   3.45111297E-003
    986.60405   3.44758171E-003
    986.91851   3.44405566E-003
    987.23297   3.44053482E-003
    987.54743   3.43701916E-003
    987.86189   3.43350869E-003
    988.17635   3.43000339E-003
    988.49081   3.42650324E-003
    988.80527   3.42300824E-003
    989.11973   3.41951838E-003
    989.43419   3.41603364E-003
    989.74865   3.41255401E-003
    990.06311   3.40907949E-003
    990.37757   3.40561006E-003
    990.69203   3.40214571E-003
    991.00649   3.39868644E-003
    991.32095   3.39523222E-003
    991.63541   3.39178305E-003
    991.94987   3.38833892E-003
    992.26433   3.38489982E-003
    992.57879   3.38146574E-003
    992.89325   3.37803666E-003
    993.20770   3.37461258E-003
    993.52216   3.37119349E-003
    993.83662   3.36777937E-003
    994.15108   3.36437022E-003
    994.46554   3.36096602E-003
    994.78000   3.35756676E-003
    995.09446   3.35417244E-003
    995.40892   3.35078304E-003
    995.72338   3.34739856E-003
    996.03784   3.34401897E-003
    996.35230   3.34064428E-003
    996.66676   3.33727448E-003
    996.98122   3.33390954E-003
    997.29568   3.33054947E-003
    997.61014   3.32719425E-003
    997.92460   3.32384387E-003
    998.23906   3.32049832E-003
    998.55352   3.31715760E-003
    998.86798   3.31382169E-003
    999.18244   3.31049058E-003
    999.49690   3.30716426E-003
    999.81136   3.30384272E-003
   1000.12582   3.30052596E-003
   1000.44028   3.29721396E-003
   1000.75474   3.29390671E-003
   1001.06920   3.29060420E-003
   1001.38366   3.28730643E-003
   1001.69812   3.28401338E-003
   1002.01258   3.28072505E-003
   1002.32704   3.27744142E-003
   1002.64150   3.27416248E-003
   1002.95596   3.27088823E-003
   1003.27042   3.26761865E-003
   1003.58488   3.26435374E-003
   1003.89934   3.26109349E-003
   1004.21380   3.25783788E-003
   1004.52826   3.25458691E-003
   1004.84272   3.25134057E-003
   1005.15718   3.24809884E-003
   1005.47164   3.24486173E-003
   1005.78610   3.24162922E-003
   1006.10056   3.23840129E-003
   1006.41502   3.23517795E-003
   1006.72948   3.23195918E-003
   1007.04394   3.22874497E-003
   1007.35840   3.22553531E-003
   1007.67286   3.22233020E-003
   1007.98732   3.21912963E-003
   1008.30178   3.21593358E-003
   1008.61624   3.21274204E-003
   1008.93070   3.20955502E-003
   1009.24516   3.20637249E-003
   1009.55962   3.20319445E-003
   1009.87408   3.20002090E-003
   1010.18854   3.19685181E-003
   1010.50300   3.19368719E-003
   1010.81746   3.19052702E-003
   1011.13192   3.18737130E-003
   1011.44638   3.18422001E-003
   1011.76084   3.18107315E-003
   1012.07530   3.17793071E-003
   1012.38976   3.17479268E-003
   1012.70422   3.17165905E-003
   1013.01868   3.16852981E-003
   1013.33314   3.16540495E-003
   1013.64760   3.16228447E-003
   1013.96206   3.15916836E-003
   1014.27652   3.15605660E-003
   1014.59098   3.15294919E-003
   1014.90544   3.14984612E-003
   1015.21990   3.14674738E-003
   1015.53436   3.14365297E-003
   1015.84882   3.14056287E-003
   1016.16328   3.13747707E-003
   1016.47774   3.13439558E-003
   1016.79220   3.13131837E-003
   1017.10665   3.12824544E-003
   1017.42111   3.12517679E-003
   1017.73557   3.12211240E-003
   1018.05003   3.11905226E-003
   1018.36449   3.11599637E-003
   1018.67895   3.11294472E-003
   1018.99341   3.10989730E-003
   1019.30787   3.10685411E-003
   1019.62233   3.10381513E-003
   1019.93679   3.10078035E-003
   1020.25125   3.09774977E-003
   1020.56571   3.09472338E-003
   1020.88017   3.09170117E-003
   1021.19463   3.08868314E-003
   1021.50909   3.08566927E-003
   1021.82355   3.08265955E-003
   1022.13801   3.07965399E-003
   1022.45247   3.07665257E-003
   1022.76693   3.07365528E-003
   1023.08139   3.07066211E-003
   1023.39585   3.06767306E-003
   1023.71031   3.06468812E-003
   1024.02477   3.06170729E-003
   1024.33923   3.05873054E-003
   1024.65369   3.05575788E-003
   1024.96815   3.05278930E-003
   1025.28261   3.04982479E-003
   1025.59707   3.04686434E-003
   1025.91153   3.04390794E-003
   1026.22599   3.04095559E-003
   1026.54045   3.03800728E-003
   1026.85491   3.03506300E-003
   1027.16937   3.03212274E-003
   1027.48383   3.02918650E-003
   1027.79829   3.02625426E-003
   1028.11275   3.02332603E-003
   1028.42721   3.02040179E-003
   1028.74167   3.01748153E-003
   1029.05613   3.01456525E-003
   1029.37059   3.01165294E-003
   1029.68505   3.00874459E-003
   1029.99951   3.00584020E-003
   1030.31397   3.00293975E-003
   1030.62843   3.00004325E-003
   1030.94289   2.99715067E-003
