     61.46754   1.59477135E-054
     61.61957   7.32673978E-054
     61.77160   3.30953658E-053
     61.92363   1.47011772E-052
     62.07566   6.42316170E-052
     62.22769   2.76082974E-051
     62.37972   1.16763079E-050
     62.53175   4.85989230E-050
     62.68379   1.99104896E-049
     62.83582   8.03062562E-049
     62.98785   3.18937730E-048
     63.13988   1.24746228E-047
     63.29191   4.80605672E-047
     63.44394   1.82416561E-046
     63.59597   6.82223284E-046
     63.74800   2.51447756E-045
     63.90003   9.13480043E-045
     64.05207   3.27152795E-044
     64.20410   1.15523882E-043
     64.35613   4.02282262E-043
     64.50816   1.38164188E-042
     64.66019   4.68093114E-042
     64.81222   1.56461317E-041
     64.96425   5.16041517E-041
     65.11628   1.67969095E-040
     65.26832   5.39640484E-040
     65.42035   1.71148301E-039
     65.57238   5.35914266E-039
     65.72441   1.65704254E-038
     65.87644   5.05996832E-038
     66.02847   1.52614980E-037
     66.18050   4.54716214E-037
     66.33253   1.33855301E-036
     66.48456   3.89349652E-036
     66.63660   1.11920489E-035
     66.78863   3.17980733E-035
     66.94066   8.93035092E-035
     67.09269   2.47951755E-034
     67.24472   6.80691844E-034
     67.39675   1.84787121E-033
     67.54878   4.96115829E-033
     67.70081   1.31745713E-032
     67.85285   3.46085246E-032
     68.00488   8.99442475E-032
     68.15691   2.31290252E-031
     68.30894   5.88551131E-031
     68.46097   1.48218600E-030
     68.61300   3.69454505E-030
     68.76503   9.11604596E-030
     68.91706   2.22682598E-029
     69.06909   5.38575601E-029
     69.22113   1.28983310E-028
     69.37316   3.05908882E-028
     69.52519   7.18566739E-028
     69.67722   1.67187109E-027
     69.82925   3.85338839E-027
     69.98128   8.79893782E-027
     70.13331   1.99070914E-026
     70.28534   4.46290451E-026
     70.43738   9.91519426E-026
     70.58941   2.18323176E-025
     70.74144   4.76490314E-025
     70.89347   1.03087049E-024
     71.04550   2.21100446E-024
     71.19753   4.70164507E-024
     71.34956   9.91342076E-024
     71.50159   2.07276003E-023
     71.65363   4.29797777E-023
     71.80566   8.83906604E-023
     71.95769   1.80307028E-022
     72.10972   3.64854367E-022
     72.26175   7.32425062E-022
     72.41378   1.45874477E-021
     72.56581   2.88272487E-021
     72.71784   5.65287971E-021
     72.86987   1.10005260E-020
     73.02191   2.12455715E-020
     73.17394   4.07256801E-020
     73.32597   7.74901600E-020
     73.47800   1.46364581E-019
     73.63003   2.74453783E-019
     73.78206   5.10950035E-019
     73.93409   9.44485858E-019
     74.08612   1.73361145E-018
     74.23816   3.15993734E-018
     74.39019   5.72013569E-018
     74.54222   1.02840875E-017
     74.69425   1.83648268E-017
     74.84628   3.25761153E-017
     74.99831   5.74027279E-017
     75.15034   1.00488329E-016
     75.30237   1.74774201E-016
     75.45440   3.02027202E-016
     75.60644   5.18620812E-016
     75.75847   8.84946006E-016
     75.91050   1.50063147E-015
     76.06253   2.52900075E-015
     76.21456   4.23612135E-015
     76.36659   7.05275741E-015
     76.51862   1.16720441E-014
     76.67065   1.92025246E-014
     76.82269   3.14064540E-014
     76.97472   5.10686166E-014
     77.12675   8.25636849E-014
     77.27878   1.32723775E-013
     77.43081   2.12157162E-013
     77.58284   3.37240978E-013
     77.73487   5.33114818E-013
     77.88690   8.38151985E-013
     78.03893   1.31059948E-012
     78.19097   2.03838271E-012
     78.34300   3.15350163E-012
     78.49503   4.85305062E-012
     78.64706   7.42973975E-012
     78.79909   1.13159690E-011
     78.95112   1.71471272E-011
     79.10315   2.58520116E-011
     79.25518   3.87812954E-011
     79.40722   5.78890861E-011
     79.55925   8.59881641E-011
     79.71128   1.27106930E-010
     79.86331   1.86986004E-010
     80.01534   2.73765564E-010
     80.16737   3.98931841E-010
     80.31940   5.78613887E-010
     80.47143   8.35351331E-010
     80.62346   1.20049219E-009
     80.77550   1.71742922E-009
     80.92753   2.44594665E-009
     81.07956   3.46802983E-009
     81.23159   4.89559256E-009
     81.38362   6.88070605E-009
     81.53565   9.62907445E-009
     81.68768   1.34177038E-008
     81.83971   1.86179606E-008
     81.99175   2.57255225E-008
     82.14378   3.53991032E-008
     82.29581   4.85102885E-008
     82.44784   6.62073806E-008
     82.59987   8.99968145E-008
     82.75190   1.21846515E-007
     82.90393   1.64316517E-007
     83.05596   2.20723301E-007
     83.20800   2.95345632E-007
     83.36003   3.93681243E-007
     83.51206   5.22765504E-007
     83.66409   6.91565339E-007
     83.81612   9.11464004E-007
     83.96815   1.19685514E-006
     84.12018   1.56586753E-006
     84.27221   2.04124558E-006
     84.42424   2.65141438E-006
     84.57628   3.43176244E-006
     84.72831   4.42618017E-006
     84.88034   5.68889713E-006
     85.03237   7.28666681E-006
     85.18440   9.30135360E-006
     85.33643   1.18329832E-005
     85.48846   1.50033239E-005
     85.64049   1.89600743E-005
     85.79253   2.38817377E-005
     85.94456   2.99832737E-005
     86.09659   3.75226219E-005
     86.24862   4.68082003E-005
     86.40065   5.82074884E-005
     86.55268   7.21568076E-005
     86.70471   8.91724207E-005
     86.85674   1.09863071E-004
     87.00877   1.34944088E-004
     87.16081   1.65253185E-004
     87.31284   2.01768072E-004
     87.46487   2.45626002E-004
     87.61690   2.98145375E-004
     87.76893   3.60849486E-004
     87.92096   4.35492525E-004
     88.07299   5.24087901E-004
     88.22502   6.28938937E-004
     88.37706   7.52671976E-004
     88.52909   8.98271907E-004
     88.68112   1.06912007E-003
     88.83315   1.26903448E-003
     88.98518   1.50231230E-003
     89.13721   1.77377430E-003
     89.28924   2.08881132E-003
     89.44127   2.45343224E-003
     89.59330   2.87431333E-003
     89.74534   3.35884860E-003
     89.89737   3.91520063E-003
     90.04940   4.55235154E-003
     90.20143   5.28015352E-003
     90.35346   6.10937831E-003
     90.50549   7.05176496E-003
     90.65752   8.12006533E-003
     90.80955   9.32808641E-003
     90.96159   1.06907288E-002
     91.11362   1.22240203E-002
     91.26565   1.39451443E-002
     91.41768   1.58724618E-002
     91.56971   1.80255254E-002
     91.72174   2.04250860E-002
     91.87377   2.30930908E-002
     92.02580   2.60526700E-002
     92.17783   2.93281147E-002
     92.32987   3.29448428E-002
     92.48190   3.69293525E-002
     92.63393   4.13091643E-002
     92.78596   4.61127495E-002
     92.93799   5.13694456E-002
     93.09002   5.71093582E-002
     93.24205   6.33632492E-002
     93.39408   7.01624117E-002
     93.54612   7.75385313E-002
     93.69815   8.55235346E-002
     93.85018   9.41494255E-002
     94.00221   1.03448109E-001
     94.15424   1.13451203E-001
     94.30627   1.24189847E-001
     94.45830   1.35694489E-001
     94.61033   1.47994679E-001
     94.76237   1.61118846E-001
     94.91440   1.75094079E-001
     95.06643   1.89945896E-001
     95.21846   2.05698020E-001
     95.37049   2.22372155E-001
     95.52252   2.39987760E-001
     95.67455   2.58561830E-001
     95.82658   2.78108690E-001
     95.97861   2.98639788E-001
     96.13065   3.20163507E-001
     96.28268   3.42684984E-001
     96.43471   3.66205951E-001
     96.58674   3.90724583E-001
     96.73877   4.16235371E-001
     96.89080   4.42729015E-001
     97.04283   4.70192334E-001
     97.19486   4.98608200E-001
     97.34690   5.27955499E-001
     97.49893   5.58209109E-001
     97.65096   5.89339908E-001
     97.80299   6.21314809E-001
     97.95502   6.54096810E-001
     98.10705   6.87645085E-001
     98.25908   7.21915087E-001
     98.41111   7.56858677E-001
     98.56314   7.92424288E-001
     98.71518   8.28557095E-001
     98.86721   8.65199221E-001
     99.01924   9.02289956E-001
     99.17127   9.39765996E-001
     99.32330   9.77561700E-001
     99.47533   1.01560936E+000
     99.62736   1.05383950E+000
     99.77939   1.09218113E+000
     99.93143   1.13056214E+000
    100.08346   1.16890950E+000
    100.23549   1.20714966E+000
    100.38752   1.24520887E+000
    100.53955   1.28301344E+000
    100.69158   1.32049012E+000
    100.84361   1.35756640E+000
    100.99564   1.39417080E+000
    101.14767   1.43023320E+000
    101.29971   1.46568512E+000
    101.45174   1.50045999E+000
    101.60377   1.53449345E+000
    101.75580   1.56772357E+000
    101.90783   1.60009110E+000
    102.05986   1.63153968E+000
    102.21189   1.66201607E+000
    102.36392   1.69147029E+000
    102.51596   1.71985581E+000
    102.66799   1.74712969E+000
    102.82002   1.77325269E+000
    102.97205   1.79818935E+000
    103.12408   1.82190811E+000
    103.27611   1.84438136E+000
    103.42814   1.86558542E+000
    103.58017   1.88550062E+000
    103.73220   1.90411126E+000
    103.88424   1.92140561E+000
    104.03627   1.93737583E+000
    104.18830   1.95201794E+000
    104.34033   1.96533173E+000
    104.49236   1.97732066E+000
    104.64439   1.98799179E+000
    104.79642   1.99735558E+000
    104.94845   2.00542585E+000
    105.10049   2.01221955E+000
    105.25252   2.01775668E+000
    105.40455   2.02206005E+000
    105.55658   2.02515518E+000
    105.70861   2.02707007E+000
    105.86064   2.02783506E+000
    106.01267   2.02748260E+000
    106.16470   2.02604710E+000
    106.31674   2.02356472E+000
    106.46877   2.02007319E+000
    106.62080   2.01561162E+000
    106.77283   2.01022029E+000
    106.92486   2.00394052E+000
    107.07689   1.99681442E+000
    107.22892   1.98888476E+000
    107.38095   1.98019480E+000
    107.53298   1.97078809E+000
    107.68502   1.96070834E+000
    107.83705   1.94999926E+000
    107.98908   1.93870441E+000
    108.14111   1.92686704E+000
    108.29314   1.91453002E+000
    108.44517   1.90173565E+000
    108.59720   1.88852560E+000
    108.74923   1.87494076E+000
    108.90127   1.86102117E+000
    109.05330   1.84680594E+000
    109.20533   1.83233311E+000
    109.35736   1.81763968E+000
    109.50939   1.80276144E+000
    109.66142   1.78773299E+000
    109.81345   1.77258765E+000
    109.96548   1.75735744E+000
    110.11751   1.74207305E+000
    110.26955   1.72676378E+000
    110.42158   1.71145758E+000
    110.57361   1.69618099E+000
    110.72564   1.68095913E+000
    110.87767   1.66581575E+000
    111.02970   1.65077319E+000
    111.18173   1.63585238E+000
    111.33376   1.62107292E+000
    111.48580   1.60645302E+000
    111.63783   1.59200959E+000
    111.78986   1.57775821E+000
    111.94189   1.56371322E+000
    112.09392   1.54988768E+000
    112.24595   1.53629348E+000
    112.39798   1.52294134E+000
    112.55001   1.50984084E+000
    112.70204   1.49700049E+000
    112.85408   1.48442776E+000
    113.00611   1.47212912E+000
    113.15814   1.46011011E+000
    113.31017   1.44837535E+000
    113.46220   1.43692859E+000
    113.61423   1.42577281E+000
    113.76626   1.41491019E+000
    113.91829   1.40434222E+000
    114.07033   1.39406972E+000
    114.22236   1.38409286E+000
    114.37439   1.37441127E+000
    114.52642   1.36502401E+000
    114.67845   1.35592968E+000
    114.83048   1.34712642E+000
    114.98251   1.33861196E+000
    115.13454   1.33038366E+000
    115.28657   1.32243857E+000
    115.43861   1.31477343E+000
    115.59064   1.30738475E+000
    115.74267   1.30026880E+000
    115.89470   1.29342167E+000
    116.04673   1.28683930E+000
    116.19876   1.28051750E+000
    116.35079   1.27445200E+000
    116.50282   1.26863843E+000
    116.65486   1.26307242E+000
    116.80689   1.25774954E+000
    116.95892   1.25266539E+000
    117.11095   1.24781558E+000
    117.26298   1.24319577E+000
    117.41501   1.23880169E+000
    117.56704   1.23462913E+000
    117.71907   1.23067398E+000
    117.87111   1.22693224E+000
    118.02314   1.22340003E+000
    118.17517   1.22007358E+000
    118.32720   1.21694928E+000
    118.47923   1.21402366E+000
    118.63126   1.21129339E+000
    118.78329   1.20875531E+000
    118.93532   1.20640644E+000
    119.08735   1.20424393E+000
    119.23939   1.20226512E+000
    119.39142   1.20046752E+000
    119.54345   1.19884881E+000
    119.69548   1.19740684E+000
    119.84751   1.19613962E+000
    119.99954   1.19504535E+000
    120.15157   1.19412236E+000
    120.30360   1.19336916E+000
    120.45564   1.19278442E+000
    120.60767   1.19236695E+000
    120.75970   1.19211571E+000
    120.91173   1.19202981E+000
    121.06376   1.19210846E+000
    121.21579   1.19235104E+000
    121.36782   1.19275701E+000
    121.51985   1.19332596E+000
    121.67188   1.19405760E+000
    121.82392   1.19495170E+000
    121.97595   1.19600814E+000
    122.12798   1.19722689E+000
    122.28001   1.19860796E+000
    122.43204   1.20015145E+000
    122.58407   1.20185749E+000
    122.73610   1.20372630E+000
    122.88813   1.20575808E+000
    123.04017   1.20795311E+000
    123.19220   1.21031166E+000
    123.34423   1.21283403E+000
    123.49626   1.21552052E+000
    123.64829   1.21837144E+000
    123.80032   1.22138709E+000
    123.95235   1.22456773E+000
    124.10438   1.22791364E+000
    124.25641   1.23142504E+000
    124.40845   1.23510214E+000
    124.56048   1.23894510E+000
    124.71251   1.24295403E+000
    124.86454   1.24712902E+000
    125.01657   1.25147009E+000
    125.16860   1.25597718E+000
    125.32063   1.26065023E+000
    125.47266   1.26548906E+000
    125.62470   1.27049345E+000
    125.77673   1.27566312E+000
    125.92876   1.28099771E+000
    126.08079   1.28649680E+000
    126.23282   1.29215988E+000
    126.38485   1.29798640E+000
    126.53688   1.30397569E+000
    126.68891   1.31012707E+000
    126.84094   1.31643974E+000
    126.99298   1.32291285E+000
    127.14501   1.32954548E+000
    127.29704   1.33633664E+000
    127.44907   1.34328528E+000
    127.60110   1.35039028E+000
    127.75313   1.35765047E+000
    127.90516   1.36506461E+000
    128.05719   1.37263142E+000
    128.20923   1.38034955E+000
    128.36126   1.38821762E+000
    128.51329   1.39623420E+000
    128.66532   1.40439780E+000
    128.81735   1.41270694E+000
    128.96938   1.42116005E+000
    129.12141   1.42975557E+000
    129.27344   1.43849191E+000
    129.42548   1.44736746E+000
    129.57751   1.45638056E+000
    129.72954   1.46552960E+000
    129.88157   1.47481291E+000
    130.03360   1.48422885E+000
    130.18563   1.49377576E+000
    130.33766   1.50345199E+000
    130.48969   1.51325591E+000
    130.64172   1.52318590E+000
    130.79376   1.53324036E+000
    130.94579   1.54341769E+000
    131.09782   1.55371634E+000
    131.24985   1.56413478E+000
    131.40188   1.57467152E+000
    131.55391   1.58532509E+000
    131.70594   1.59609408E+000
    131.85797   1.60697709E+000
    132.01001   1.61797280E+000
    132.16204   1.62907991E+000
    132.31407   1.64029719E+000
    132.46610   1.65162344E+000
    132.61813   1.66305753E+000
    132.77016   1.67459838E+000
    132.92219   1.68624496E+000
    133.07422   1.69799631E+000
    133.22625   1.70985152E+000
    133.37829   1.72180974E+000
    133.53032   1.73387018E+000
    133.68235   1.74603210E+000
    133.83438   1.75829485E+000
    133.98641   1.77065781E+000
    134.13844   1.78312043E+000
    134.29047   1.79568223E+000
    134.44250   1.80834275E+000
    134.59454   1.82110164E+000
    134.74657   1.83395857E+000
    134.89860   1.84691327E+000
    135.05063   1.85996553E+000
    135.20266   1.87311519E+000
    135.35469   1.88636212E+000
    135.50672   1.89970627E+000
    135.65875   1.91314760E+000
    135.81078   1.92668613E+000
    135.96282   1.94032191E+000
    136.11485   1.95405503E+000
    136.26688   1.96788561E+000
    136.41891   1.98181381E+000
    136.57094   1.99583979E+000
    136.72297   2.00996376E+000
    136.87500   2.02418592E+000
    137.02703   2.03850651E+000
    137.17907   2.05292577E+000
    137.33110   2.06744395E+000
    137.48313   2.08206130E+000
    137.63516   2.09677807E+000
    137.78719   2.11159450E+000
    137.93922   2.12651084E+000
    138.09125   2.14152730E+000
    138.24328   2.15664410E+000
    138.39531   2.17186141E+000
    138.54735   2.18717940E+000
    138.69938   2.20259819E+000
    138.85141   2.21811789E+000
    139.00344   2.23373854E+000
    139.15547   2.24946017E+000
    139.30750   2.26528275E+000
    139.45953   2.28120619E+000
    139.61156   2.29723035E+000
    139.76360   2.31335505E+000
    139.91563   2.32958003E+000
    140.06766   2.34590498E+000
    140.21969   2.36232949E+000
    140.37172   2.37885311E+000
    140.52375   2.39547530E+000
    140.67578   2.41219545E+000
    140.82781   2.42901285E+000
    140.97985   2.44592671E+000
    141.13188   2.46293617E+000
    141.28391   2.48004026E+000
    141.43594   2.49723792E+000
    141.58797   2.51452799E+000
    141.74000   2.53190922E+000
    141.89203   2.54938025E+000
    142.04406   2.56693962E+000
    142.19609   2.58458578E+000
    142.34813   2.60231705E+000
    142.50016   2.62013164E+000
    142.65219   2.63802769E+000
    142.80422   2.65600318E+000
    142.95625   2.67405601E+000
    143.10828   2.69218396E+000
    143.26031   2.71038470E+000
    143.41234   2.72865577E+000
    143.56438   2.74699462E+000
    143.71641   2.76539857E+000
    143.86844   2.78386483E+000
    144.02047   2.80239052E+000
    144.17250   2.82097261E+000
    144.32453   2.83960798E+000
    144.47656   2.85829339E+000
    144.62859   2.87702551E+000
    144.78062   2.89580088E+000
    144.93266   2.91461595E+000
    145.08469   2.93346705E+000
    145.23672   2.95235042E+000
    145.38875   2.97126218E+000
    145.54078   2.99019837E+000
    145.69281   3.00915494E+000
    145.84484   3.02812772E+000
    145.99687   3.04711247E+000
    146.14891   3.06610485E+000
    146.30094   3.08510044E+000
    146.45297   3.10409473E+000
    146.60500   3.12308315E+000
    146.75703   3.14206104E+000
    146.90906   3.16102367E+000
    147.06109   3.17996624E+000
    147.21312   3.19888389E+000
    147.36515   3.21777170E+000
    147.51719   3.23662469E+000
    147.66922   3.25543782E+000
    147.82125   3.27420603E+000
    147.97328   3.29292419E+000
    148.12531   3.31158713E+000
    148.27734   3.33018966E+000
    148.42937   3.34872656E+000
    148.58140   3.36719258E+000
    148.73344   3.38558243E+000
    148.88547   3.40389084E+000
    149.03750   3.42211249E+000
    149.18953   3.44024209E+000
    149.34156   3.45827433E+000
    149.49359   3.47620389E+000
    149.64562   3.49402548E+000
    149.79765   3.51173382E+000
    149.94968   3.52932363E+000
    150.10172   3.54678967E+000
    150.25375   3.56412672E+000
    150.40578   3.58132959E+000
    150.55781   3.59839313E+000
    150.70984   3.61531223E+000
    150.86187   3.63208181E+000
    151.01390   3.64869688E+000
    151.16593   3.66515246E+000
    151.31797   3.68144366E+000
    151.47000   3.69756564E+000
    151.62203   3.71351362E+000
    151.77406   3.72928292E+000
    151.92609   3.74486890E+000
    152.07812   3.76026702E+000
    152.23015   3.77547284E+000
    152.38218   3.79048197E+000
    152.53422   3.80529013E+000
    152.68625   3.81989315E+000
    152.83828   3.83428693E+000
    152.99031   3.84846750E+000
    153.14234   3.86243097E+000
    153.29437   3.87617356E+000
    153.44640   3.88969163E+000
    153.59843   3.90298162E+000
    153.75046   3.91604009E+000
    153.90250   3.92886375E+000
    154.05453   3.94144939E+000
    154.20656   3.95379394E+000
    154.35859   3.96589447E+000
    154.51062   3.97774815E+000
    154.66265   3.98935230E+000
    154.81468   4.00070436E+000
    154.96671   4.01180191E+000
    155.11875   4.02264264E+000
    155.27078   4.03322441E+000
    155.42281   4.04354518E+000
    155.57484   4.05360306E+000
    155.72687   4.06339631E+000
    155.87890   4.07292331E+000
    156.03093   4.08218258E+000
    156.18296   4.09117278E+000
    156.33499   4.09989270E+000
    156.48703   4.10834128E+000
    156.63906   4.11651758E+000
    156.79109   4.12442081E+000
    156.94312   4.13205031E+000
    157.09515   4.13940556E+000
    157.24718   4.14648616E+000
    157.39921   4.15329187E+000
    157.55124   4.15982255E+000
    157.70328   4.16607820E+000
    157.85531   4.17205897E+000
    158.00734   4.17776512E+000
    158.15937   4.18319703E+000
    158.31140   4.18835521E+000
    158.46343   4.19324030E+000
    158.61546   4.19785306E+000
    158.76749   4.20219435E+000
    158.91952   4.20626517E+000
    159.07156   4.21006662E+000
    159.22359   4.21359991E+000
    159.37562   4.21686636E+000
    159.52765   4.21986741E+000
    159.67968   4.22260458E+000
    159.83171   4.22507951E+000
    159.98374   4.22729393E+000
    160.13577   4.22924966E+000
    160.28781   4.23094864E+000
    160.43984   4.23239286E+000
    160.59187   4.23358442E+000
    160.74390   4.23452550E+000
    160.89593   4.23521836E+000
    161.04796   4.23566534E+000
    161.19999   4.23586884E+000
    161.35202   4.23583134E+000
    161.50405   4.23555540E+000
    161.65609   4.23504363E+000
    161.80812   4.23429869E+000
    161.96015   4.23332333E+000
    162.11218   4.23212033E+000
    162.26421   4.23069253E+000
    162.41624   4.22904280E+000
    162.56827   4.22717409E+000
    162.72030   4.22508936E+000
    162.87234   4.22279163E+000
    163.02437   4.22028393E+000
    163.17640   4.21756936E+000
    163.32843   4.21465100E+000
    163.48046   4.21153200E+000
    163.63249   4.20821550E+000
    163.78452   4.20470469E+000
    163.93655   4.20100275E+000
    164.08859   4.19711288E+000
    164.24062   4.19303829E+000
    164.39265   4.18878222E+000
    164.54468   4.18434787E+000
    164.69671   4.17973849E+000
    164.84874   4.17495729E+000
    165.00077   4.17000750E+000
    165.15280   4.16489234E+000
    165.30483   4.15961501E+000
    165.45687   4.15417871E+000
    165.60890   4.14858663E+000
    165.76093   4.14284193E+000
    165.91296   4.13694775E+000
    166.06499   4.13090724E+000
    166.21702   4.12472348E+000
    166.36905   4.11839957E+000
    166.52108   4.11193855E+000
    166.67312   4.10534346E+000
    166.82515   4.09861728E+000
    166.97718   4.09176298E+000
    167.12921   4.08478348E+000
    167.28124   4.07768167E+000
    167.43327   4.07046042E+000
    167.58530   4.06312253E+000
    167.73733   4.05567078E+000
    167.88936   4.04810791E+000
    168.04140   4.04043660E+000
    168.19343   4.03265950E+000
    168.34546   4.02477922E+000
    168.49749   4.01679830E+000
    168.64952   4.00871926E+000
    168.80155   4.00054455E+000
    168.95358   3.99227660E+000
    169.10561   3.98391776E+000
    169.25765   3.97547033E+000
    169.40968   3.96693660E+000
    169.56171   3.95831876E+000
    169.71374   3.94961897E+000
    169.86577   3.94083934E+000
    170.01780   3.93198192E+000
    170.16983   3.92304872E+000
    170.32186   3.91404169E+000
    170.47389   3.90496271E+000
    170.62593   3.89581364E+000
    170.77796   3.88659627E+000
    170.92999   3.87731233E+000
    171.08202   3.86796350E+000
    171.23405   3.85855143E+000
    171.38608   3.84907769E+000
    171.53811   3.83954381E+000
    171.69014   3.82995127E+000
    171.84218   3.82030150E+000
    171.99421   3.81059587E+000
    172.14624   3.80083571E+000
    172.29827   3.79102229E+000
    172.45030   3.78115685E+000
    172.60233   3.77124056E+000
    172.75436   3.76127455E+000
    172.90639   3.75125991E+000
    173.05842   3.74119768E+000
    173.21046   3.73108886E+000
    173.36249   3.72093438E+000
    173.51452   3.71073516E+000
    173.66655   3.70049206E+000
    173.81858   3.69020591E+000
    173.97061   3.67987748E+000
    174.12264   3.66950751E+000
    174.27467   3.65909670E+000
    174.42671   3.64864573E+000
    174.57874   3.63815521E+000
    174.73077   3.62762574E+000
    174.88280   3.61705787E+000
    175.03483   3.60645213E+000
    175.18686   3.59580901E+000
    175.33889   3.58512896E+000
    175.49092   3.57441242E+000
    175.64296   3.56365979E+000
    175.79499   3.55287143E+000
    175.94702   3.54204770E+000
    176.09905   3.53118891E+000
    176.25108   3.52029535E+000
    176.40311   3.50936730E+000
    176.55514   3.49840501E+000
    176.70717   3.48740870E+000
    176.85920   3.47637858E+000
    177.01124   3.46531484E+000
    177.16327   3.45421765E+000
    177.31530   3.44308717E+000
    177.46733   3.43192353E+000
    177.61936   3.42072686E+000
    177.77139   3.40949727E+000
    177.92342   3.39823486E+000
    178.07545   3.38693971E+000
    178.22749   3.37561191E+000
    178.37952   3.36425153E+000
    178.53155   3.35285862E+000
    178.68358   3.34143324E+000
    178.83561   3.32997543E+000
    178.98764   3.31848525E+000
    179.13967   3.30696273E+000
    179.29170   3.29540791E+000
    179.44373   3.28382082E+000
    179.59577   3.27220149E+000
    179.74780   3.26054996E+000
    179.89983   3.24886627E+000
    180.05186   3.23715044E+000
    180.20389   3.22540252E+000
    180.35592   3.21362254E+000
    180.50795   3.20181056E+000
    180.65998   3.18996662E+000
    180.81202   3.17809077E+000
    180.96405   3.16618309E+000
    181.11608   3.15424363E+000
    181.26811   3.14227247E+000
    181.42014   3.13026970E+000
    181.57217   3.11823541E+000
    181.72420   3.10616970E+000
    181.87623   3.09407269E+000
    182.02826   3.08194450E+000
    182.18030   3.06978526E+000
    182.33233   3.05759512E+000
    182.48436   3.04537423E+000
    182.63639   3.03312278E+000
    182.78842   3.02084094E+000
    182.94045   3.00852891E+000
    183.09248   2.99618689E+000
    183.24451   2.98381513E+000
    183.39655   2.97141385E+000
    183.54858   2.95898331E+000
    183.70061   2.94652379E+000
    183.85264   2.93403556E+000
    184.00467   2.92151892E+000
    184.15670   2.90897420E+000
    184.30873   2.89640173E+000
    184.46076   2.88380185E+000
    184.61279   2.87117493E+000
    184.76483   2.85852135E+000
    184.91686   2.84584151E+000
    185.06889   2.83313583E+000
    185.22092   2.82040473E+000
    185.37295   2.80764867E+000
    185.52498   2.79486811E+000
    185.67701   2.78206353E+000
    185.82904   2.76923543E+000
    185.98108   2.75638433E+000
    186.13311   2.74351076E+000
    186.28514   2.73061527E+000
    186.43717   2.71769842E+000
    186.58920   2.70476080E+000
    186.74123   2.69180300E+000
    186.89326   2.67882564E+000
    187.04529   2.66582935E+000
    187.19732   2.65281477E+000
    187.34936   2.63978257E+000
    187.50139   2.62673342E+000
    187.65342   2.61366802E+000
    187.80545   2.60058708E+000
    187.95748   2.58749131E+000
    188.10951   2.57438145E+000
    188.26154   2.56125825E+000
    188.41357   2.54812249E+000
    188.56561   2.53497493E+000
    188.71764   2.52181637E+000
    188.86967   2.50864762E+000
    189.02170   2.49546949E+000
    189.17373   2.48228281E+000
    189.32576   2.46908843E+000
    189.47779   2.45588719E+000
    189.62982   2.44267997E+000
    189.78186   2.42946764E+000
    189.93389   2.41625108E+000
    190.08592   2.40303120E+000
    190.23795   2.38980890E+000
    190.38998   2.37658510E+000
    190.54201   2.36336072E+000
    190.69404   2.35013669E+000
    190.84607   2.33691397E+000
    190.99810   2.32369350E+000
    191.15014   2.31047623E+000
    191.30217   2.29726314E+000
    191.45420   2.28405519E+000
    191.60623   2.27085336E+000
    191.75826   2.25765864E+000
    191.91029   2.24447201E+000
    192.06232   2.23129447E+000
    192.21435   2.21812702E+000
    192.36639   2.20497065E+000
    192.51842   2.19182638E+000
    192.67045   2.17869521E+000
    192.82248   2.16557816E+000
    192.97451   2.15247624E+000
    193.12654   2.13939047E+000
    193.27857   2.12632186E+000
    193.43060   2.11327144E+000
    193.58263   2.10024022E+000
    193.73467   2.08722923E+000
    193.88670   2.07423948E+000
    194.03873   2.06127199E+000
    194.19076   2.04832779E+000
    194.34279   2.03540789E+000
    194.49482   2.02251331E+000
    194.64685   2.00964505E+000
    194.79888   1.99680414E+000
    194.95092   1.98399158E+000
    195.10295   1.97120837E+000
    195.25498   1.95845552E+000
    195.40701   1.94573403E+000
    195.55904   1.93304488E+000
    195.71107   1.92038906E+000
    195.86310   1.90776757E+000
    196.01513   1.89518137E+000
    196.16716   1.88263144E+000
    196.31920   1.87011874E+000
    196.47123   1.85764424E+000
    196.62326   1.84520889E+000
    196.77529   1.83281362E+000
    196.92732   1.82045939E+000
    197.07935   1.80814713E+000
    197.23138   1.79587775E+000
    197.38341   1.78365216E+000
    197.53545   1.77147129E+000
    197.68748   1.75933601E+000
    197.83951   1.74724723E+000
    197.99154   1.73520582E+000
    198.14357   1.72321265E+000
    198.29560   1.71126857E+000
    198.44763   1.69937445E+000
    198.59966   1.68753111E+000
    198.75169   1.67573938E+000
    198.90373   1.66400009E+000
    199.05576   1.65231404E+000
    199.20779   1.64068202E+000
    199.35982   1.62910482E+000
    199.51185   1.61758321E+000
    199.66388   1.60611796E+000
    199.81591   1.59470981E+000
    199.96794   1.58335949E+000
    200.11998   1.57206774E+000
    200.27201   1.56083526E+000
    200.42404   1.54966275E+000
    200.57607   1.53855091E+000
    200.72810   1.52750040E+000
    200.88013   1.51651189E+000
    201.03216   1.50558602E+000
    201.18419   1.49472343E+000
    201.33623   1.48392474E+000
    201.48826   1.47319057E+000
    201.64029   1.46252150E+000
    201.79232   1.45191811E+000
    201.94435   1.44138098E+000
    202.09638   1.43091066E+000
    202.24841   1.42050768E+000
    202.40044   1.41017258E+000
    202.55247   1.39990587E+000
    202.70451   1.38970805E+000
    202.85654   1.37957960E+000
    203.00857   1.36952100E+000
    203.16060   1.35953269E+000
    203.31263   1.34961513E+000
    203.46466   1.33976874E+000
    203.61669   1.32999395E+000
    203.76872   1.32029114E+000
    203.92076   1.31066071E+000
    204.07279   1.30110303E+000
    204.22482   1.29161846E+000
    204.37685   1.28220735E+000
    204.52888   1.27287003E+000
    204.68091   1.26360681E+000
    204.83294   1.25441800E+000
    204.98497   1.24530389E+000
    205.13700   1.23626476E+000
    205.28904   1.22730086E+000
    205.44107   1.21841246E+000
    205.59310   1.20959977E+000
    205.74513   1.20086304E+000
    205.89716   1.19220245E+000
    206.04919   1.18361822E+000
    206.20122   1.17511051E+000
    206.35325   1.16667951E+000
    206.50529   1.15832536E+000
    206.65732   1.15004821E+000
    206.80935   1.14184818E+000
    206.96138   1.13372540E+000
    207.11341   1.12567997E+000
    207.26544   1.11771198E+000
    207.41747   1.10982151E+000
    207.56950   1.10200862E+000
    207.72153   1.09427337E+000
    207.87357   1.08661580E+000
    208.02560   1.07903594E+000
    208.17763   1.07153381E+000
    208.32966   1.06410942E+000
    208.48169   1.05676275E+000
    208.63372   1.04949380E+000
    208.78575   1.04230253E+000
    208.93778   1.03518890E+000
    209.08982   1.02815286E+000
    209.24185   1.02119436E+000
    209.39388   1.01431331E+000
    209.54591   1.00750963E+000
    209.69794   1.00078323E+000
    209.84997   9.94133998E-001
    210.00200   9.87561825E-001
    210.15403   9.81066583E-001
    210.30606   9.74648135E-001
    210.45810   9.68306337E-001
    210.61013   9.62041032E-001
    210.76216   9.55852056E-001
    210.91419   9.49739233E-001
    211.06622   9.43702380E-001
    211.21825   9.37741303E-001
    211.37028   9.31855800E-001
    211.52231   9.26045660E-001
    211.67435   9.20310664E-001
    211.82638   9.14650582E-001
    211.97841   9.09065179E-001
    212.13044   9.03554208E-001
    212.28247   8.98117417E-001
    212.43450   8.92754545E-001
    212.58653   8.87465323E-001
    212.73856   8.82249473E-001
    212.89060   8.77106713E-001
    213.04263   8.72036750E-001
    213.19466   8.67039286E-001
    213.34669   8.62114016E-001
    213.49872   8.57260626E-001
    213.65075   8.52478798E-001
    213.80278   8.47768205E-001
    213.95481   8.43128517E-001
    214.10684   8.38559393E-001
    214.25888   8.34060489E-001
    214.41091   8.29631456E-001
    214.56294   8.25271936E-001
    214.71497   8.20981567E-001
    214.86700   8.16759981E-001
    215.01903   8.12606807E-001
    215.17106   8.08521665E-001
    215.32309   8.04504172E-001
    215.47513   8.00553940E-001
    215.62716   7.96670576E-001
    215.77919   7.92853682E-001
    215.93122   7.89102856E-001
    216.08325   7.85417692E-001
    216.23528   7.81797778E-001
    216.38731   7.78242700E-001
    216.53934   7.74752039E-001
    216.69137   7.71325372E-001
    216.84341   7.67962273E-001
    216.99544   7.64662312E-001
    217.14747   7.61425056E-001
    217.29950   7.58250067E-001
    217.45153   7.55136906E-001
    217.60356   7.52085131E-001
    217.75559   7.49094296E-001
    217.90762   7.46163952E-001
    218.05966   7.43293647E-001
    218.21169   7.40482929E-001
    218.36372   7.37731341E-001
    218.51575   7.35038424E-001
    218.66778   7.32403719E-001
    218.81981   7.29826762E-001
    218.97184   7.27307088E-001
    219.12387   7.24844232E-001
    219.27590   7.22437726E-001
    219.42794   7.20087099E-001
    219.57997   7.17791880E-001
    219.73200   7.15551596E-001
    219.88403   7.13365775E-001
    220.03606   7.11233939E-001
    220.18809   7.09155615E-001
    220.34012   7.07130323E-001
    220.49215   7.05157586E-001
    220.64419   7.03236926E-001
    220.79622   7.01367862E-001
    220.94825   6.99549915E-001
    221.10028   6.97782603E-001
    221.25231   6.96065447E-001
    221.40434   6.94397965E-001
    221.55637   6.92779674E-001
    221.70840   6.91210094E-001
    221.86043   6.89688743E-001
    222.01247   6.88215139E-001
    222.16450   6.86788800E-001
    222.31653   6.85409246E-001
    222.46856   6.84075994E-001
    222.62059   6.82788565E-001
    222.77262   6.81546477E-001
    222.92465   6.80349252E-001
    223.07668   6.79196409E-001
    223.22872   6.78087471E-001
    223.38075   6.77021959E-001
    223.53278   6.75999397E-001
    223.68481   6.75019307E-001
    223.83684   6.74081216E-001
    223.98887   6.73184648E-001
    224.14090   6.72329130E-001
    224.29293   6.71514191E-001
    224.44497   6.70739358E-001
    224.59700   6.70004164E-001
    224.74903   6.69308138E-001
    224.90106   6.68650814E-001
    225.05309   6.68031727E-001
    225.20512   6.67450412E-001
    225.35715   6.66906406E-001
    225.50918   6.66399248E-001
    225.66121   6.65928479E-001
    225.81325   6.65493641E-001
    225.96528   6.65094277E-001
    226.11731   6.64729933E-001
    226.26934   6.64400157E-001
    226.42137   6.64104498E-001
    226.57340   6.63842506E-001
    226.72543   6.63613735E-001
    226.87746   6.63417740E-001
    227.02950   6.63254077E-001
    227.18153   6.63122305E-001
    227.33356   6.63021987E-001
    227.48559   6.62952683E-001
    227.63762   6.62913961E-001
    227.78965   6.62905387E-001
    227.94168   6.62926531E-001
    228.09371   6.62976966E-001
    228.24574   6.63056264E-001
    228.39778   6.63164002E-001
    228.54981   6.63299759E-001
    228.70184   6.63463117E-001
    228.85387   6.63653659E-001
    229.00590   6.63870969E-001
    229.15793   6.64114638E-001
    229.30996   6.64384255E-001
    229.46199   6.64679413E-001
    229.61403   6.64999709E-001
    229.76606   6.65344739E-001
    229.91809   6.65714106E-001
    230.07012   6.66107411E-001
    230.22215   6.66524261E-001
    230.37418   6.66964264E-001
    230.52621   6.67427031E-001
    230.67824   6.67912174E-001
    230.83027   6.68419311E-001
    230.98231   6.68948060E-001
    231.13434   6.69498042E-001
    231.28637   6.70068881E-001
    231.43840   6.70660203E-001
    231.59043   6.71271638E-001
    231.74246   6.71902818E-001
    231.89449   6.72553377E-001
    232.04652   6.73222953E-001
    232.19856   6.73911185E-001
    232.35059   6.74617716E-001
    232.50262   6.75342192E-001
    232.65465   6.76084260E-001
    232.80668   6.76843572E-001
    232.95871   6.77619781E-001
    233.11074   6.78412542E-001
    233.26277   6.79221516E-001
    233.41480   6.80046363E-001
    233.56684   6.80886748E-001
    233.71887   6.81742338E-001
    233.87090   6.82612803E-001
    234.02293   6.83497815E-001
    234.17496   6.84397050E-001
    234.32699   6.85310185E-001
    234.47902   6.86236902E-001
    234.63105   6.87176884E-001
    234.78309   6.88129816E-001
    234.93512   6.89095389E-001
    235.08715   6.90073292E-001
    235.23918   6.91063221E-001
    235.39121   6.92064872E-001
    235.54324   6.93077946E-001
    235.69527   6.94102143E-001
    235.84730   6.95137170E-001
    235.99934   6.96182734E-001
    236.15137   6.97238546E-001
    236.30340   6.98304317E-001
    236.45543   6.99379765E-001
    236.60746   7.00464607E-001
    236.75949   7.01558564E-001
    236.91152   7.02661360E-001
    237.06355   7.03772721E-001
    237.21558   7.04892376E-001
    237.36762   7.06020056E-001
    237.51965   7.07155495E-001
    237.67168   7.08298430E-001
    237.82371   7.09448599E-001
    237.97574   7.10605746E-001
    238.12777   7.11769613E-001
    238.27980   7.12939948E-001
    238.43183   7.14116499E-001
    238.58387   7.15299020E-001
    238.73590   7.16487264E-001
    238.88793   7.17680988E-001
    239.03996   7.18879952E-001
    239.19199   7.20083917E-001
    239.34402   7.21292647E-001
    239.49605   7.22505910E-001
    239.64808   7.23723474E-001
    239.80011   7.24945112E-001
    239.95215   7.26170597E-001
    240.10418   7.27399705E-001
    240.25621   7.28632216E-001
    240.40824   7.29867910E-001
    240.56027   7.31106572E-001
    240.71230   7.32347987E-001
    240.86433   7.33591942E-001
    241.01636   7.34838230E-001
    241.16840   7.36086643E-001
    241.32043   7.37336975E-001
    241.47246   7.38589024E-001
    241.62449   7.39842591E-001
    241.77652   7.41097476E-001
    241.92855   7.42353485E-001
    242.08058   7.43610423E-001
    242.23261   7.44868100E-001
    242.38464   7.46126325E-001
    242.53668   7.47384912E-001
    242.68871   7.48643677E-001
    242.84074   7.49902436E-001
    242.99277   7.51161009E-001
    243.14480   7.52419217E-001
    243.29683   7.53676885E-001
    243.44886   7.54933838E-001
    243.60089   7.56189904E-001
    243.75293   7.57444912E-001
    243.90496   7.58698696E-001
    244.05699   7.59951088E-001
    244.20902   7.61201926E-001
    244.36105   7.62451046E-001
    244.51308   7.63698290E-001
    244.66511   7.64943499E-001
    244.81714   7.66186516E-001
    244.96917   7.67427189E-001
    245.12121   7.68665365E-001
    245.27324   7.69900894E-001
    245.42527   7.71133628E-001
    245.57730   7.72363420E-001
    245.72933   7.73590125E-001
    245.88136   7.74813601E-001
    246.03339   7.76033708E-001
    246.18542   7.77250307E-001
    246.33746   7.78463259E-001
    246.48949   7.79672430E-001
    246.64152   7.80877687E-001
    246.79355   7.82078898E-001
    246.94558   7.83275932E-001
    247.09761   7.84468662E-001
    247.24964   7.85656961E-001
    247.40167   7.86840704E-001
    247.55371   7.88019768E-001
    247.70574   7.89194033E-001
    247.85777   7.90363377E-001
    248.00980   7.91527684E-001
    248.16183   7.92686837E-001
    248.31386   7.93840721E-001
    248.46589   7.94989223E-001
    248.61792   7.96132232E-001
    248.76995   7.97269638E-001
    248.92199   7.98401332E-001
    249.07402   7.99527209E-001
    249.22605   8.00647162E-001
    249.37808   8.01761089E-001
    249.53011   8.02868887E-001
    249.68214   8.03970455E-001
    249.83417   8.05065696E-001
    249.98620   8.06154511E-001
    250.13824   8.07236804E-001
    250.29027   8.08312480E-001
    250.44230   8.09381448E-001
    250.59433   8.10443614E-001
    250.74636   8.11498890E-001
    250.89839   8.12547185E-001
    251.05042   8.13588413E-001
    251.20245   8.14622488E-001
    251.35448   8.15649325E-001
    251.50652   8.16668841E-001
    251.65855   8.17680955E-001
    251.81058   8.18685585E-001
    251.96261   8.19682652E-001
    252.11464   8.20672080E-001
    252.26667   8.21653790E-001
    252.41870   8.22627709E-001
    252.57073   8.23593762E-001
    252.72277   8.24551876E-001
    252.87480   8.25501981E-001
    253.02683   8.26444006E-001
    253.17886   8.27377882E-001
    253.33089   8.28303542E-001
    253.48292   8.29220919E-001
    253.63495   8.30129948E-001
    253.78698   8.31030565E-001
    253.93901   8.31922708E-001
    254.09105   8.32806315E-001
    254.24308   8.33681325E-001
    254.39511   8.34547680E-001
    254.54714   8.35405320E-001
    254.69917   8.36254190E-001
    254.85120   8.37094233E-001
    255.00323   8.37925395E-001
    255.15526   8.38747622E-001
    255.30730   8.39560862E-001
    255.45933   8.40365063E-001
    255.61136   8.41160174E-001
    255.76339   8.41946148E-001
    255.91542   8.42722935E-001
    256.06745   8.43490488E-001
    256.21948   8.44248762E-001
    256.37151   8.44997711E-001
    256.52354   8.45737292E-001
    256.67558   8.46467460E-001
    256.82761   8.47188175E-001
    256.97964   8.47899396E-001
    257.13167   8.48601081E-001
    257.28370   8.49293193E-001
    257.43573   8.49975693E-001
    257.58776   8.50648544E-001
    257.73979   8.51311710E-001
    257.89183   8.51965156E-001
    258.04386   8.52608848E-001
    258.19589   8.53242752E-001
    258.34792   8.53866835E-001
    258.49995   8.54481067E-001
    258.65198   8.55085416E-001
    258.80401   8.55679853E-001
    258.95604   8.56264350E-001
    259.10808   8.56838878E-001
    259.26011   8.57403410E-001
    259.41214   8.57957919E-001
    259.56417   8.58502382E-001
    259.71620   8.59036772E-001
    259.86823   8.59561067E-001
    260.02026   8.60075243E-001
    260.17229   8.60579279E-001
    260.32432   8.61073153E-001
    260.47636   8.61556845E-001
    260.62839   8.62030336E-001
    260.78042   8.62493606E-001
    260.93245   8.62946637E-001
    261.08448   8.63389413E-001
    261.23651   8.63821917E-001
    261.38854   8.64244133E-001
    261.54057   8.64656046E-001
    261.69261   8.65057642E-001
    261.84464   8.65448908E-001
    261.99667   8.65829831E-001
    262.14870   8.66200399E-001
    262.30073   8.66560600E-001
    262.45276   8.66910425E-001
    262.60479   8.67249863E-001
    262.75682   8.67578905E-001
    262.90885   8.67897543E-001
    263.06089   8.68205769E-001
    263.21292   8.68503577E-001
    263.36495   8.68790959E-001
    263.51698   8.69067910E-001
    263.66901   8.69334425E-001
    263.82104   8.69590499E-001
    263.97307   8.69836130E-001
    264.12510   8.70071313E-001
    264.27714   8.70296047E-001
    264.42917   8.70510330E-001
    264.58120   8.70714160E-001
    264.73323   8.70907537E-001
    264.88526   8.71090461E-001
    265.03729   8.71262933E-001
    265.18932   8.71424954E-001
    265.34135   8.71576526E-001
    265.49338   8.71717651E-001
    265.64542   8.71848333E-001
    265.79745   8.71968576E-001
    265.94948   8.72078382E-001
    266.10151   8.72177759E-001
    266.25354   8.72266710E-001
    266.40557   8.72345241E-001
    266.55760   8.72413360E-001
    266.70963   8.72471073E-001
    266.86167   8.72518389E-001
    267.01370   8.72555314E-001
    267.16573   8.72581858E-001
    267.31776   8.72598030E-001
    267.46979   8.72603839E-001
    267.62182   8.72599297E-001
    267.77385   8.72584413E-001
    267.92588   8.72559200E-001
    268.07791   8.72523668E-001
    268.22995   8.72477831E-001
    268.38198   8.72421700E-001
    268.53401   8.72355290E-001
    268.68604   8.72278614E-001
    268.83807   8.72191686E-001
    268.99010   8.72094521E-001
    269.14213   8.71987134E-001
    269.29416   8.71869541E-001
    269.44620   8.71741759E-001
    269.59823   8.71603803E-001
    269.75026   8.71455690E-001
    269.90229   8.71297439E-001
    270.05432   8.71129067E-001
    270.20635   8.70950592E-001
    270.35838   8.70762033E-001
    270.51041   8.70563410E-001
    270.66245   8.70354743E-001
    270.81448   8.70136050E-001
    270.96651   8.69907353E-001
    271.11854   8.69668674E-001
    271.27057   8.69420032E-001
    271.42260   8.69161450E-001
    271.57463   8.68892949E-001
    271.72666   8.68614554E-001
    271.87869   8.68326285E-001
    272.03073   8.68028168E-001
    272.18276   8.67720225E-001
    272.33479   8.67402480E-001
    272.48682   8.67074958E-001
    272.63885   8.66737684E-001
    272.79088   8.66390683E-001
    272.94291   8.66033981E-001
    273.09494   8.65667602E-001
    273.24698   8.65291575E-001
    273.39901   8.64905925E-001
    273.55104   8.64510679E-001
    273.70307   8.64105865E-001
    273.85510   8.63691510E-001
    274.00713   8.63267642E-001
    274.15916   8.62834290E-001
    274.31119   8.62391482E-001
    274.46322   8.61939247E-001
    274.61526   8.61477615E-001
    274.76729   8.61006615E-001
    274.91932   8.60526277E-001
    275.07135   8.60036631E-001
    275.22338   8.59537708E-001
    275.37541   8.59029538E-001
    275.52744   8.58512154E-001
    275.67947   8.57985585E-001
    275.83151   8.57449865E-001
    275.98354   8.56905024E-001
    276.13557   8.56351096E-001
    276.28760   8.55788113E-001
    276.43963   8.55216107E-001
    276.59166   8.54635112E-001
    276.74369   8.54045161E-001
    276.89572   8.53446289E-001
    277.04775   8.52838528E-001
    277.19979   8.52221913E-001
    277.35182   8.51596478E-001
    277.50385   8.50962259E-001
    277.65588   8.50319289E-001
    277.80791   8.49667605E-001
    277.95994   8.49007242E-001
    278.11197   8.48338235E-001
    278.26400   8.47660620E-001
    278.41604   8.46974434E-001
    278.56807   8.46279713E-001
    278.72010   8.45576493E-001
    278.87213   8.44864811E-001
    279.02416   8.44144704E-001
    279.17619   8.43416210E-001
    279.32822   8.42679366E-001
    279.48025   8.41934209E-001
    279.63228   8.41180778E-001
    279.78432   8.40419110E-001
    279.93635   8.39649245E-001
    280.08838   8.38871219E-001
    280.24041   8.38085073E-001
    280.39244   8.37290844E-001
    280.54447   8.36488572E-001
    280.69650   8.35678297E-001
    280.84853   8.34860057E-001
    281.00057   8.34033892E-001
    281.15260   8.33199841E-001
    281.30463   8.32357946E-001
    281.45666   8.31508246E-001
    281.60869   8.30650780E-001
    281.76072   8.29785590E-001
    281.91275   8.28912717E-001
    282.06478   8.28032200E-001
    282.21682   8.27144081E-001
    282.36885   8.26248401E-001
    282.52088   8.25345202E-001
    282.67291   8.24434523E-001
    282.82494   8.23516407E-001
    282.97697   8.22590896E-001
    283.12900   8.21658031E-001
    283.28103   8.20717854E-001
    283.43306   8.19770408E-001
    283.58510   8.18815733E-001
    283.73713   8.17853873E-001
    283.88916   8.16884870E-001
    284.04119   8.15908767E-001
    284.19322   8.14925605E-001
    284.34525   8.13935428E-001
    284.49728   8.12938279E-001
    284.64931   8.11934201E-001
    284.80135   8.10923236E-001
    284.95338   8.09905427E-001
    285.10541   8.08880819E-001
    285.25744   8.07849454E-001
    285.40947   8.06811376E-001
    285.56150   8.05766629E-001
    285.71353   8.04715255E-001
    285.86556   8.03657299E-001
    286.01759   8.02592805E-001
    286.16963   8.01521816E-001
    286.32166   8.00444376E-001
    286.47369   7.99360529E-001
    286.62572   7.98270320E-001
    286.77775   7.97173792E-001
    286.92978   7.96070990E-001
    287.08181   7.94961959E-001
    287.23384   7.93846741E-001
    287.38588   7.92725383E-001
    287.53791   7.91597928E-001
    287.68994   7.90464420E-001
    287.84197   7.89324905E-001
    287.99400   7.88179427E-001
    288.14603   7.87028031E-001
    288.29806   7.85870761E-001
    288.45009   7.84707662E-001
    288.60212   7.83538779E-001
    288.75416   7.82364157E-001
    288.90619   7.81183841E-001
    289.05822   7.79997875E-001
    289.21025   7.78806305E-001
    289.36228   7.77609175E-001
    289.51431   7.76406530E-001
    289.66634   7.75198416E-001
    289.81837   7.73984877E-001
    289.97041   7.72765959E-001
    290.12244   7.71541706E-001
    290.27447   7.70312164E-001
    290.42650   7.69077377E-001
    290.57853   7.67837391E-001
    290.73056   7.66592251E-001
    290.88259   7.65342002E-001
    291.03462   7.64086688E-001
    291.18665   7.62826356E-001
    291.33869   7.61561050E-001
    291.49072   7.60290815E-001
    291.64275   7.59015696E-001
    291.79478   7.57735739E-001
    291.94681   7.56450988E-001
    292.09884   7.55161489E-001
    292.25087   7.53867286E-001
    292.40290   7.52568424E-001
    292.55494   7.51264949E-001
    292.70697   7.49956906E-001
    292.85900   7.48644338E-001
    293.01103   7.47327292E-001
    293.16306   7.46005813E-001
    293.31509   7.44679944E-001
    293.46712   7.43349731E-001
    293.61915   7.42015218E-001
    293.77119   7.40676451E-001
    293.92322   7.39333474E-001
    294.07525   7.37986332E-001
    294.22728   7.36635069E-001
    294.37931   7.35279730E-001
    294.53134   7.33920359E-001
    294.68337   7.32557002E-001
    294.83540   7.31189701E-001
    294.98743   7.29818503E-001
    295.13947   7.28443450E-001
    295.29150   7.27064588E-001
    295.44353   7.25681960E-001
    295.59556   7.24295611E-001
    295.74759   7.22905585E-001
    295.89962   7.21511926E-001
    296.05165   7.20114677E-001
    296.20368   7.18713883E-001
    296.35572   7.17309588E-001
    296.50775   7.15901834E-001
    296.65978   7.14490667E-001
    296.81181   7.13076129E-001
    296.96384   7.11658264E-001
    297.11587   7.10237116E-001
    297.26790   7.08812728E-001
    297.41993   7.07385142E-001
    297.57196   7.05954404E-001
    297.72400   7.04520554E-001
    297.87603   7.03083637E-001
    298.02806   7.01643696E-001
    298.18009   7.00200773E-001
    298.33212   6.98754911E-001
    298.48415   6.97306153E-001
    298.63618   6.95854542E-001
    298.78821   6.94400119E-001
    298.94025   6.92942928E-001
    299.09228   6.91483010E-001
    299.24431   6.90020408E-001
    299.39634   6.88555164E-001
    299.54837   6.87087320E-001
    299.70040   6.85616918E-001
    299.85243   6.84143999E-001
    300.00446   6.82668605E-001
    300.15649   6.81190779E-001
    300.30853   6.79710560E-001
    300.46056   6.78227991E-001
    300.61259   6.76743114E-001
    300.76462   6.75255968E-001
    300.91665   6.73766595E-001
    301.06868   6.72275036E-001
    301.22071   6.70781331E-001
    301.37274   6.69285522E-001
    301.52478   6.67787649E-001
    301.67681   6.66287752E-001
    301.82884   6.64785872E-001
    301.98087   6.63282048E-001
    302.13290   6.61776321E-001
    302.28493   6.60268731E-001
    302.43696   6.58759317E-001
    302.58899   6.57248120E-001
    302.74102   6.55735178E-001
    302.89306   6.54220531E-001
    303.04509   6.52704218E-001
    303.19712   6.51186279E-001
    303.34915   6.49666753E-001
    303.50118   6.48145677E-001
    303.65321   6.46623092E-001
    303.80524   6.45099035E-001
    303.95727   6.43573546E-001
    304.10931   6.42046662E-001
    304.26134   6.40518421E-001
    304.41337   6.38988862E-001
    304.56540   6.37458023E-001
    304.71743   6.35925941E-001
    304.86946   6.34392653E-001
    305.02149   6.32858198E-001
    305.17352   6.31322613E-001
    305.32556   6.29785934E-001
    305.47759   6.28248199E-001
    305.62962   6.26709444E-001
    305.78165   6.25169707E-001
    305.93368   6.23629024E-001
    306.08571   6.22087431E-001
    306.23774   6.20544965E-001
    306.38977   6.19001661E-001
    306.54180   6.17457556E-001
    306.69384   6.15912686E-001
    306.84587   6.14367085E-001
    306.99790   6.12820790E-001
    307.14993   6.11273836E-001
    307.30196   6.09726258E-001
    307.45399   6.08178091E-001
    307.60602   6.06629370E-001
    307.75805   6.05080130E-001
    307.91009   6.03530405E-001
    308.06212   6.01980229E-001
    308.21415   6.00429637E-001
    308.36618   5.98878663E-001
    308.51821   5.97327340E-001
    308.67024   5.95775703E-001
    308.82227   5.94223784E-001
    308.97430   5.92671618E-001
    309.12633   5.91119238E-001
    309.27837   5.89566676E-001
    309.43040   5.88013966E-001
    309.58243   5.86461140E-001
    309.73446   5.84908231E-001
    309.88649   5.83355271E-001
    310.03852   5.81802292E-001
    310.19055   5.80249327E-001
    310.34258   5.78696407E-001
    310.49462   5.77143565E-001
    310.64665   5.75590831E-001
    310.79868   5.74038237E-001
    310.95071   5.72485814E-001
    311.10274   5.70933594E-001
    311.25477   5.69381607E-001
    311.40680   5.67829883E-001
    311.55883   5.66278454E-001
    311.71086   5.64727349E-001
    311.86290   5.63176600E-001
    312.01493   5.61626235E-001
    312.16696   5.60076285E-001
    312.31899   5.58526779E-001
    312.47102   5.56977747E-001
    312.62305   5.55429219E-001
    312.77508   5.53881222E-001
    312.92711   5.52333787E-001
    313.07915   5.50786942E-001
    313.23118   5.49240715E-001
    313.38321   5.47695135E-001
    313.53524   5.46150231E-001
    313.68727   5.44606030E-001
    313.83930   5.43062560E-001
    313.99133   5.41519849E-001
    314.14336   5.39977925E-001
    314.29539   5.38436815E-001
    314.44743   5.36896545E-001
    314.59946   5.35357144E-001
    314.75149   5.33818638E-001
    314.90352   5.32281054E-001
    315.05555   5.30744417E-001
    315.20758   5.29208755E-001
    315.35961   5.27674094E-001
    315.51164   5.26140459E-001
    315.66368   5.24607876E-001
    315.81571   5.23076371E-001
    315.96774   5.21545970E-001
    316.11977   5.20016697E-001
    316.27180   5.18488578E-001
    316.42383   5.16961637E-001
    316.57586   5.15435899E-001
    316.72789   5.13911390E-001
    316.87993   5.12388132E-001
    317.03196   5.10866151E-001
    317.18399   5.09345470E-001
    317.33602   5.07826113E-001
    317.48805   5.06308104E-001
    317.64008   5.04791466E-001
    317.79211   5.03276223E-001
    317.94414   5.01762398E-001
    318.09617   5.00250013E-001
    318.24821   4.98739091E-001
    318.40024   4.97229656E-001
    318.55227   4.95721729E-001
    318.70430   4.94215332E-001
    318.85633   4.92710489E-001
    319.00836   4.91207220E-001
    319.16039   4.89705547E-001
    319.31242   4.88205492E-001
    319.46446   4.86707077E-001
    319.61649   4.85210321E-001
    319.76852   4.83715248E-001
    319.92055   4.82221876E-001
    320.07258   4.80730228E-001
    320.22461   4.79240322E-001
    320.37664   4.77752181E-001
    320.52867   4.76265823E-001
    320.68070   4.74781270E-001
    320.83274   4.73298540E-001
    320.98477   4.71817653E-001
    321.13680   4.70338629E-001
    321.28883   4.68861487E-001
    321.44086   4.67386246E-001
    321.59289   4.65912925E-001
    321.74492   4.64441543E-001
    321.89695   4.62972118E-001
    322.04899   4.61504669E-001
    322.20102   4.60039215E-001
    322.35305   4.58575772E-001
    322.50508   4.57114360E-001
    322.65711   4.55654995E-001
    322.80914   4.54197696E-001
    322.96117   4.52742480E-001
    323.11320   4.51289363E-001
    323.26523   4.49838364E-001
    323.41727   4.48389499E-001
    323.56930   4.46942785E-001
    323.72133   4.45498238E-001
    323.87336   4.44055875E-001
    324.02539   4.42615712E-001
    324.17742   4.41177766E-001
    324.32945   4.39742051E-001
    324.48148   4.38308584E-001
    324.63352   4.36877380E-001
    324.78555   4.35448455E-001
    324.93758   4.34021824E-001
    325.08961   4.32597503E-001
    325.24164   4.31175505E-001
    325.39367   4.29755847E-001
    325.54570   4.28338541E-001
    325.69773   4.26923604E-001
    325.84976   4.25511049E-001
    326.00180   4.24100890E-001
    326.15383   4.22693142E-001
    326.30586   4.21287818E-001
    326.45789   4.19884932E-001
    326.60992   4.18484497E-001
    326.76195   4.17086526E-001
    326.91398   4.15691034E-001
    327.06601   4.14298032E-001
    327.21805   4.12907535E-001
    327.37008   4.11519553E-001
    327.52211   4.10134101E-001
    327.67414   4.08751191E-001
    327.82617   4.07370834E-001
    327.97820   4.05993043E-001
    328.13023   4.04617829E-001
    328.28226   4.03245206E-001
    328.43430   4.01875184E-001
    328.58633   4.00507774E-001
    328.73836   3.99142989E-001
    328.89039   3.97780839E-001
    329.04242   3.96421335E-001
    329.19445   3.95064489E-001
    329.34648   3.93710311E-001
    329.49851   3.92358812E-001
    329.65054   3.91010001E-001
    329.80258   3.89663891E-001
    329.95461   3.88320490E-001
    330.10664   3.86979809E-001
    330.25867   3.85641857E-001
    330.41070   3.84306645E-001
    330.56273   3.82974182E-001
    330.71476   3.81644477E-001
    330.86679   3.80317540E-001
    331.01883   3.78993380E-001
    331.17086   3.77672006E-001
    331.32289   3.76353427E-001
    331.47492   3.75037652E-001
    331.62695   3.73724689E-001
    331.77898   3.72414547E-001
    331.93101   3.71107233E-001
    332.08304   3.69802758E-001
    332.23507   3.68501128E-001
    332.38711   3.67202351E-001
    332.53914   3.65906435E-001
    332.69117   3.64613389E-001
    332.84320   3.63323218E-001
    332.99523   3.62035932E-001
    333.14726   3.60751537E-001
    333.29929   3.59470040E-001
    333.45132   3.58191448E-001
    333.60336   3.56915769E-001
    333.75539   3.55643009E-001
    333.90742   3.54373174E-001
    334.05945   3.53106272E-001
    334.21148   3.51842307E-001
    334.36351   3.50581288E-001
    334.51554   3.49323220E-001
    334.66757   3.48068108E-001
    334.81960   3.46815960E-001
    334.97164   3.45566780E-001
    335.12367   3.44320574E-001
    335.27570   3.43077347E-001
    335.42773   3.41837106E-001
    335.57976   3.40599855E-001
    335.73179   3.39365600E-001
    335.88382   3.38134345E-001
    336.03585   3.36906096E-001
    336.18789   3.35680857E-001
    336.33992   3.34458633E-001
    336.49195   3.33239428E-001
    336.64398   3.32023247E-001
    336.79601   3.30810095E-001
    336.94804   3.29599974E-001
    337.10007   3.28392891E-001
    337.25210   3.27188848E-001
    337.40413   3.25987849E-001
    337.55617   3.24789899E-001
    337.70820   3.23595001E-001
    337.86023   3.22403157E-001
    338.01226   3.21214373E-001
    338.16429   3.20028651E-001
    338.31632   3.18845994E-001
    338.46835   3.17666405E-001
    338.62038   3.16489888E-001
    338.77242   3.15316446E-001
    338.92445   3.14146080E-001
    339.07648   3.12978794E-001
    339.22851   3.11814591E-001
    339.38054   3.10653472E-001
    339.53257   3.09495441E-001
    339.68460   3.08340499E-001
    339.83663   3.07188648E-001
    339.98867   3.06039892E-001
    340.14070   3.04894231E-001
    340.29273   3.03751668E-001
    340.44476   3.02612204E-001
    340.59679   3.01475841E-001
    340.74882   3.00342580E-001
    340.90085   2.99212423E-001
    341.05288   2.98085372E-001
    341.20491   2.96961428E-001
    341.35695   2.95840591E-001
    341.50898   2.94722864E-001
    341.66101   2.93608246E-001
    341.81304   2.92496739E-001
    341.96507   2.91388344E-001
    342.11710   2.90283061E-001
    342.26913   2.89180891E-001
    342.42116   2.88081835E-001
    342.57320   2.86985893E-001
    342.72523   2.85893065E-001
    342.87726   2.84803352E-001
    343.02929   2.83716754E-001
    343.18132   2.82633270E-001
    343.33335   2.81552902E-001
    343.48538   2.80475648E-001
    343.63741   2.79401510E-001
    343.78944   2.78330486E-001
    343.94148   2.77262576E-001
    344.09351   2.76197779E-001
    344.24554   2.75136096E-001
    344.39757   2.74077526E-001
    344.54960   2.73022068E-001
    344.70163   2.71969721E-001
    344.85366   2.70920485E-001
    345.00569   2.69874358E-001
    345.15773   2.68831340E-001
    345.30976   2.67791430E-001
    345.46179   2.66754626E-001
    345.61382   2.65720928E-001
    345.76585   2.64690334E-001
    345.91788   2.63662842E-001
    346.06991   2.62638452E-001
    346.22194   2.61617161E-001
    346.37397   2.60598969E-001
    346.52601   2.59583873E-001
    346.67804   2.58571872E-001
    346.83007   2.57562965E-001
    346.98210   2.56557148E-001
    347.13413   2.55554421E-001
    347.28616   2.54554781E-001
    347.43819   2.53558227E-001
    347.59022   2.52564755E-001
    347.74226   2.51574365E-001
    347.89429   2.50587053E-001
    348.04632   2.49602818E-001
    348.19835   2.48621656E-001
    348.35038   2.47643566E-001
    348.50241   2.46668545E-001
    348.65444   2.45696591E-001
    348.80647   2.44727700E-001
    348.95850   2.43761870E-001
    349.11054   2.42799098E-001
    349.26257   2.41839382E-001
    349.41460   2.40882718E-001
    349.56663   2.39929104E-001
    349.71866   2.38978537E-001
    349.87069   2.38031012E-001
    350.02272   2.37086529E-001
    350.17475   2.36145082E-001
    350.32679   2.35206669E-001
    350.47882   2.34271287E-001
    350.63085   2.33338932E-001
    350.78288   2.32409601E-001
    350.93491   2.31483290E-001
    351.08694   2.30559996E-001
    351.23897   2.29639715E-001
    351.39100   2.28722443E-001
    351.54304   2.27808178E-001
    351.69507   2.26896915E-001
    351.84710   2.25988650E-001
    351.99913   2.25083380E-001
    352.15116   2.24181100E-001
    352.30319   2.23281807E-001
    352.45522   2.22385496E-001
    352.60725   2.21492165E-001
    352.75928   2.20601807E-001
    352.91132   2.19714421E-001
    353.06335   2.18830000E-001
    353.21538   2.17948542E-001
    353.36741   2.17070041E-001
    353.51944   2.16194494E-001
    353.67147   2.15321896E-001
    353.82350   2.14452242E-001
    353.97553   2.13585528E-001
    354.12757   2.12721751E-001
    354.27960   2.11860904E-001
    354.43163   2.11002984E-001
    354.58366   2.10147986E-001
    354.73569   2.09295905E-001
    354.88772   2.08446737E-001
    355.03975   2.07600476E-001
    355.19178   2.06757119E-001
    355.34381   2.05916659E-001
    355.49585   2.05079093E-001
    355.64788   2.04244416E-001
    355.79991   2.03412622E-001
    355.95194   2.02583706E-001
    356.10397   2.01757664E-001
    356.25600   2.00934490E-001
    356.40803   2.00114180E-001
    356.56006   1.99296728E-001
    356.71210   1.98482128E-001
    356.86413   1.97670377E-001
    357.01616   1.96861468E-001
    357.16819   1.96055397E-001
    357.32022   1.95252158E-001
    357.47225   1.94451745E-001
    357.62428   1.93654154E-001
    357.77631   1.92859378E-001
    357.92834   1.92067413E-001
    358.08038   1.91278254E-001
    358.23241   1.90491894E-001
    358.38444   1.89708327E-001
    358.53647   1.88927550E-001
    358.68850   1.88149555E-001
    358.84053   1.87374338E-001
    358.99256   1.86601892E-001
    359.14459   1.85832213E-001
    359.29663   1.85065294E-001
    359.44866   1.84301129E-001
    359.60069   1.83539714E-001
    359.75272   1.82781041E-001
    359.90475   1.82025106E-001
    360.05678   1.81271903E-001
    360.20881   1.80521425E-001
    360.36084   1.79773667E-001
    360.51287   1.79028622E-001
    360.66491   1.78286286E-001
    360.81694   1.77546652E-001
    360.96897   1.76809714E-001
    361.12100   1.76075466E-001
    361.27303   1.75343903E-001
    361.42506   1.74615017E-001
    361.57709   1.73888803E-001
    361.72912   1.73165256E-001
    361.88116   1.72444368E-001
    362.03319   1.71726134E-001
    362.18522   1.71010548E-001
    362.33725   1.70297603E-001
    362.48928   1.69587293E-001
    362.64131   1.68879613E-001
    362.79334   1.68174555E-001
    362.94537   1.67472114E-001
    363.09741   1.66772284E-001
    363.24944   1.66075058E-001
    363.40147   1.65380430E-001
    363.55350   1.64688393E-001
    363.70553   1.63998942E-001
    363.85756   1.63312070E-001
    364.00959   1.62627770E-001
    364.16162   1.61946037E-001
    364.31365   1.61266863E-001
    364.46569   1.60590244E-001
    364.61772   1.59916171E-001
    364.76975   1.59244639E-001
    364.92178   1.58575642E-001
    365.07381   1.57909172E-001
    365.22584   1.57245224E-001
    365.37787   1.56583791E-001
    365.52990   1.55924866E-001
    365.68194   1.55268443E-001
    365.83397   1.54614516E-001
    365.98600   1.53963078E-001
    366.13803   1.53314123E-001
    366.29006   1.52667643E-001
    366.44209   1.52023633E-001
    366.59412   1.51382085E-001
    366.74615   1.50742994E-001
    366.89818   1.50106353E-001
    367.05022   1.49472155E-001
    367.20225   1.48840394E-001
    367.35428   1.48211062E-001
    367.50631   1.47584154E-001
    367.65834   1.46959663E-001
    367.81037   1.46337582E-001
    367.96240   1.45717904E-001
    368.11443   1.45100624E-001
    368.26647   1.44485733E-001
    368.41850   1.43873227E-001
    368.57053   1.43263097E-001
    368.72256   1.42655338E-001
    368.87459   1.42049942E-001
    369.02662   1.41446903E-001
    369.17865   1.40846215E-001
    369.33068   1.40247870E-001
    369.48271   1.39651862E-001
    369.63475   1.39058185E-001
    369.78678   1.38466831E-001
    369.93881   1.37877794E-001
    370.09084   1.37291068E-001
    370.24287   1.36706645E-001
    370.39490   1.36124518E-001
    370.54693   1.35544682E-001
    370.69896   1.34967129E-001
    370.85100   1.34391853E-001
    371.00303   1.33818847E-001
    371.15506   1.33248104E-001
    371.30709   1.32679618E-001
    371.45912   1.32113381E-001
    371.61115   1.31549388E-001
    371.76318   1.30987631E-001
    371.91521   1.30428104E-001
    372.06724   1.29870799E-001
    372.21928   1.29315711E-001
    372.37131   1.28762833E-001
    372.52334   1.28212157E-001
    372.67537   1.27663678E-001
    372.82740   1.27117388E-001
    372.97943   1.26573280E-001
    373.13146   1.26031348E-001
    373.28349   1.25491586E-001
    373.43553   1.24953986E-001
    373.58756   1.24418543E-001
    373.73959   1.23885248E-001
    373.89162   1.23354095E-001
    374.04365   1.22825079E-001
    374.19568   1.22298191E-001
    374.34771   1.21773426E-001
    374.49974   1.21250776E-001
    374.65178   1.20730235E-001
    374.80381   1.20211796E-001
    374.95584   1.19695453E-001
    375.10787   1.19181199E-001
    375.25990   1.18669027E-001
    375.41193   1.18158931E-001
    375.56396   1.17650903E-001
    375.71599   1.17144938E-001
    375.86802   1.16641028E-001
    376.02006   1.16139167E-001
    376.17209   1.15639348E-001
    376.32412   1.15141565E-001
    376.47615   1.14645811E-001
    376.62818   1.14152079E-001
    376.78021   1.13660363E-001
    376.93224   1.13170656E-001
    377.08427   1.12682951E-001
    377.23631   1.12197242E-001
    377.38834   1.11713523E-001
    377.54037   1.11231786E-001
    377.69240   1.10752025E-001
    377.84443   1.10274233E-001
    377.99646   1.09798405E-001
    378.14849   1.09324532E-001
    378.30052   1.08852610E-001
    378.45255   1.08382630E-001
    378.60459   1.07914588E-001
    378.75662   1.07448475E-001
    378.90865   1.06984286E-001
    379.06068   1.06522014E-001
    379.21271   1.06061653E-001
    379.36474   1.05603196E-001
    379.51677   1.05146636E-001
    379.66880   1.04691967E-001
    379.82084   1.04239183E-001
    379.97287   1.03788277E-001
    380.12490   1.03339242E-001
    380.27693   1.02892073E-001
    380.42896   1.02446762E-001
    380.58099   1.02003304E-001
    380.73302   1.01561691E-001
    380.88505   1.01121918E-001
    381.03708   1.00683978E-001
    381.18912   1.00247865E-001
    381.34115   9.98135713E-002
    381.49318   9.93810919E-002
    381.64521   9.89504199E-002
    381.79724   9.85215491E-002
    381.94927   9.80944730E-002
    382.10130   9.76691853E-002
    382.25333   9.72456798E-002
    382.40537   9.68239500E-002
    382.55740   9.64039896E-002
    382.70943   9.59857925E-002
    382.86146   9.55693522E-002
    383.01349   9.51546625E-002
    383.16552   9.47417171E-002
    383.31755   9.43305098E-002
    383.46958   9.39210344E-002
    383.62161   9.35132846E-002
    383.77365   9.31072541E-002
    383.92568   9.27029369E-002
    384.07771   9.23003266E-002
    384.22974   9.18994171E-002
    384.38177   9.15002023E-002
    384.53380   9.11026759E-002
    384.68583   9.07068318E-002
    384.83786   9.03126639E-002
    384.98990   8.99201661E-002
    385.14193   8.95293321E-002
    385.29396   8.91401561E-002
    385.44599   8.87526317E-002
    385.59802   8.83667531E-002
    385.75005   8.79825140E-002
    385.90208   8.75999085E-002
    386.05411   8.72189305E-002
    386.20615   8.68395740E-002
    386.35818   8.64618330E-002
    386.51021   8.60857014E-002
    386.66224   8.57111734E-002
    386.81427   8.53382428E-002
    386.96630   8.49669038E-002
    387.11833   8.45971504E-002
    387.27036   8.42289767E-002
    387.42239   8.38623767E-002
    387.57443   8.34973446E-002
    387.72646   8.31338743E-002
    387.87849   8.27719602E-002
    388.03052   8.24115962E-002
    388.18255   8.20527766E-002
    388.33458   8.16954955E-002
    388.48661   8.13397470E-002
    388.63864   8.09855253E-002
    388.79068   8.06328248E-002
    388.94271   8.02816394E-002
    389.09474   7.99319636E-002
    389.24677   7.95837915E-002
    389.39880   7.92371174E-002
    389.55083   7.88919355E-002
    389.70286   7.85482402E-002
    389.85489   7.82060257E-002
    390.00692   7.78652863E-002
    390.15896   7.75260164E-002
    390.31099   7.71882103E-002
    390.46302   7.68518624E-002
    390.61505   7.65169670E-002
    390.76708   7.61835185E-002
    390.91911   7.58515113E-002
    391.07114   7.55209399E-002
    391.22317   7.51917985E-002
    391.37521   7.48640818E-002
    391.52724   7.45377841E-002
    391.67927   7.42128999E-002
    391.83130   7.38894236E-002
    391.98333   7.35673499E-002
    392.13536   7.32466731E-002
    392.28739   7.29273879E-002
    392.43942   7.26094887E-002
    392.59145   7.22929702E-002
    392.74349   7.19778269E-002
    392.89552   7.16640533E-002
    393.04755   7.13516441E-002
    393.19958   7.10405939E-002
    393.35161   7.07308973E-002
    393.50364   7.04225490E-002
    393.65567   7.01155436E-002
    393.80770   6.98098758E-002
    393.95974   6.95055403E-002
    394.11177   6.92025319E-002
    394.26380   6.89008451E-002
    394.41583   6.86004748E-002
    394.56786   6.83014156E-002
    394.71989   6.80036625E-002
    394.87192   6.77072101E-002
    395.02395   6.74120532E-002
    395.17598   6.71181867E-002
    395.32802   6.68256053E-002
    395.48005   6.65343040E-002
    395.63208   6.62442776E-002
    395.78411   6.59555208E-002
    395.93614   6.56680287E-002
    396.08817   6.53817962E-002
    396.24020   6.50968181E-002
    396.39223   6.48130893E-002
    396.54427   6.45306049E-002
    396.69630   6.42493597E-002
    396.84833   6.39693488E-002
    397.00036   6.36905672E-002
    397.15239   6.34130098E-002
    397.30442   6.31366716E-002
    397.45645   6.28615478E-002
    397.60848   6.25876334E-002
    397.76052   6.23149234E-002
    397.91255   6.20434129E-002
    398.06458   6.17730970E-002
    398.21661   6.15039708E-002
    398.36864   6.12360295E-002
    398.52067   6.09692682E-002
    398.67270   6.07036821E-002
    398.82473   6.04392663E-002
    398.97676   6.01760160E-002
    399.12880   5.99139264E-002
    399.28083   5.96529928E-002
    399.43286   5.93932103E-002
    399.58489   5.91345743E-002
    399.73692   5.88770800E-002
    399.88895   5.86207226E-002
    400.04098   5.83654976E-002
    400.19301   5.81114001E-002
    400.34505   5.78584255E-002
    400.49708   5.76065692E-002
    400.64911   5.73558264E-002
    400.80114   5.71061927E-002
    400.95317   5.68576633E-002
    401.10520   5.66102337E-002
    401.25723   5.63638993E-002
    401.40926   5.61186555E-002
    401.56129   5.58744977E-002
    401.71333   5.56314215E-002
    401.86536   5.53894223E-002
    402.01739   5.51484956E-002
    402.16942   5.49086369E-002
    402.32145   5.46698417E-002
    402.47348   5.44321056E-002
    402.62551   5.41954241E-002
    402.77754   5.39597928E-002
    402.92958   5.37252073E-002
    403.08161   5.34916631E-002
    403.23364   5.32591560E-002
    403.38567   5.30276814E-002
    403.53770   5.27972351E-002
    403.68973   5.25678127E-002
    403.84176   5.23394099E-002
    403.99379   5.21120224E-002
    404.14582   5.18856458E-002
    404.29786   5.16602759E-002
    404.44989   5.14359085E-002
    404.60192   5.12125392E-002
    404.75395   5.09901639E-002
    404.90598   5.07687783E-002
    405.05801   5.05483782E-002
    405.21004   5.03289594E-002
    405.36207   5.01105178E-002
    405.51411   4.98930491E-002
    405.66614   4.96765492E-002
    405.81817   4.94610141E-002
    405.97020   4.92464395E-002
    406.12223   4.90328213E-002
    406.27426   4.88201556E-002
    406.42629   4.86084381E-002
    406.57832   4.83976649E-002
    406.73035   4.81878318E-002
    406.88239   4.79789350E-002
    407.03442   4.77709702E-002
    407.18645   4.75639336E-002
    407.33848   4.73578212E-002
    407.49051   4.71526289E-002
    407.64254   4.69483528E-002
    407.79457   4.67449890E-002
    407.94660   4.65425336E-002
    408.09864   4.63409825E-002
    408.25067   4.61403320E-002
    408.40270   4.59405781E-002
    408.55473   4.57417170E-002
    408.70676   4.55437448E-002
    408.85879   4.53466576E-002
    409.01082   4.51504517E-002
    409.16285   4.49551232E-002
    409.31489   4.47606683E-002
    409.46692   4.45670832E-002
    409.61895   4.43743641E-002
    409.77098   4.41825073E-002
    409.92301   4.39915091E-002
    410.07504   4.38013657E-002
    410.22707   4.36120733E-002
    410.37910   4.34236283E-002
    410.53113   4.32360271E-002
    410.68317   4.30492658E-002
    410.83520   4.28633409E-002
    410.98723   4.26782487E-002
    411.13926   4.24939856E-002
    411.29129   4.23105479E-002
    411.44332   4.21279321E-002
    411.59535   4.19461345E-002
    411.74738   4.17651516E-002
    411.89942   4.15849798E-002
    412.05145   4.14056156E-002
    412.20348   4.12270553E-002
    412.35551   4.10492956E-002
    412.50754   4.08723328E-002
    412.65957   4.06961635E-002
    412.81160   4.05207842E-002
    412.96363   4.03461914E-002
    413.11566   4.01723817E-002
    413.26770   3.99993516E-002
    413.41973   3.98270977E-002
    413.57176   3.96556166E-002
    413.72379   3.94849048E-002
    413.87582   3.93149590E-002
    414.02785   3.91457758E-002
    414.17988   3.89773519E-002
    414.33191   3.88096838E-002
    414.48395   3.86427682E-002
    414.63598   3.84766019E-002
    414.78801   3.83111815E-002
    414.94004   3.81465037E-002
    415.09207   3.79825652E-002
    415.24410   3.78193628E-002
    415.39613   3.76568931E-002
    415.54816   3.74951530E-002
    415.70019   3.73341392E-002
    415.85223   3.71738485E-002
    416.00426   3.70142776E-002
    416.15629   3.68554235E-002
    416.30832   3.66972828E-002
    416.46035   3.65398524E-002
    416.61238   3.63831292E-002
    416.76441   3.62271101E-002
    416.91644   3.60717918E-002
    417.06848   3.59171713E-002
    417.22051   3.57632455E-002
    417.37254   3.56100112E-002
    417.52457   3.54574654E-002
    417.67660   3.53056050E-002
    417.82863   3.51544270E-002
    417.98066   3.50039283E-002
    418.13269   3.48541058E-002
    418.28472   3.47049566E-002
    418.43676   3.45564777E-002
    418.58879   3.44086660E-002
    418.74082   3.42615186E-002
    418.89285   3.41150325E-002
    419.04488   3.39692047E-002
    419.19691   3.38240323E-002
    419.34894   3.36795124E-002
    419.50097   3.35356419E-002
    419.65301   3.33924181E-002
    419.80504   3.32498380E-002
    419.95707   3.31078988E-002
    420.10910   3.29665975E-002
    420.26113   3.28259312E-002
    420.41316   3.26858973E-002
    420.56519   3.25464927E-002
    420.71722   3.24077146E-002
    420.86926   3.22695604E-002
    421.02129   3.21320270E-002
    421.17332   3.19951118E-002
    421.32535   3.18588120E-002
    421.47738   3.17231248E-002
    421.62941   3.15880474E-002
    421.78144   3.14535771E-002
    421.93347   3.13197112E-002
    422.08550   3.11864469E-002
    422.23754   3.10537815E-002
    422.38957   3.09217123E-002
    422.54160   3.07902366E-002
    422.69363   3.06593518E-002
    422.84566   3.05290551E-002
    422.99769   3.03993440E-002
    423.14972   3.02702157E-002
    423.30175   3.01416676E-002
    423.45379   3.00136972E-002
    423.60582   2.98863018E-002
    423.75785   2.97594787E-002
    423.90988   2.96332255E-002
    424.06191   2.95075395E-002
    424.21394   2.93824181E-002
    424.36597   2.92578589E-002
    424.51800   2.91338592E-002
    424.67003   2.90104165E-002
    424.82207   2.88875282E-002
    424.97410   2.87651920E-002
    425.12613   2.86434052E-002
    425.27816   2.85221654E-002
    425.43019   2.84014701E-002
    425.58222   2.82813168E-002
    425.73425   2.81617031E-002
    425.88628   2.80426265E-002
    426.03832   2.79240845E-002
    426.19035   2.78060748E-002
    426.34238   2.76885949E-002
    426.49441   2.75716424E-002
    426.64644   2.74552149E-002
    426.79847   2.73393100E-002
    426.95050   2.72239253E-002
    427.10253   2.71090585E-002
    427.25456   2.69947072E-002
    427.40660   2.68808691E-002
    427.55863   2.67675418E-002
    427.71066   2.66547230E-002
    427.86269   2.65424104E-002
    428.01472   2.64306016E-002
    428.16675   2.63192945E-002
    428.31878   2.62084866E-002
    428.47081   2.60981757E-002
    428.62285   2.59883595E-002
    428.77488   2.58790358E-002
    428.92691   2.57702024E-002
    429.07894   2.56618569E-002
    429.23097   2.55539972E-002
    429.38300   2.54466210E-002
    429.53503   2.53397262E-002
    429.68706   2.52333105E-002
    429.83909   2.51273717E-002
    429.99113   2.50219078E-002
    430.14316   2.49169163E-002
    430.29519   2.48123954E-002
    430.44722   2.47083427E-002
    430.59925   2.46047561E-002
    430.75128   2.45016335E-002
    430.90331   2.43989728E-002
    431.05534   2.42967719E-002
    431.20738   2.41950286E-002
    431.35941   2.40937408E-002
    431.51144   2.39929066E-002
    431.66347   2.38925237E-002
    431.81550   2.37925901E-002
    431.96753   2.36931038E-002
    432.11956   2.35940628E-002
    432.27159   2.34954648E-002
    432.42363   2.33973081E-002
    432.57566   2.32995904E-002
    432.72769   2.32023099E-002
    432.87972   2.31054644E-002
    433.03175   2.30090520E-002
    433.18378   2.29130707E-002
    433.33581   2.28175186E-002
    433.48784   2.27223936E-002
    433.63987   2.26276938E-002
    433.79191   2.25334173E-002
    433.94394   2.24395621E-002
    434.09597   2.23461262E-002
    434.24800   2.22531077E-002
    434.40003   2.21605048E-002
    434.55206   2.20683155E-002
    434.70409   2.19765379E-002
    434.85612   2.18851701E-002
    435.00816   2.17942102E-002
    435.16019   2.17036564E-002
    435.31222   2.16135068E-002
    435.46425   2.15237595E-002
    435.61628   2.14344126E-002
    435.76831   2.13454644E-002
    435.92034   2.12569130E-002
    436.07237   2.11687566E-002
    436.22440   2.10809933E-002
    436.37644   2.09936214E-002
    436.52847   2.09066390E-002
    436.68050   2.08200443E-002
    436.83253   2.07338356E-002
    436.98456   2.06480111E-002
    437.13659   2.05625690E-002
    437.28862   2.04775076E-002
    437.44065   2.03928250E-002
    437.59269   2.03085196E-002
    437.74472   2.02245896E-002
    437.89675   2.01410333E-002
    438.04878   2.00578490E-002
    438.20081   1.99750349E-002
    438.35284   1.98925894E-002
    438.50487   1.98105107E-002
    438.65690   1.97287971E-002
    438.80893   1.96474470E-002
    438.96097   1.95664587E-002
    439.11300   1.94858305E-002
    439.26503   1.94055608E-002
    439.41706   1.93256479E-002
    439.56909   1.92460901E-002
    439.72112   1.91668859E-002
    439.87315   1.90880336E-002
    440.02518   1.90095315E-002
    440.17722   1.89313781E-002
    440.32925   1.88535717E-002
    440.48128   1.87761107E-002
    440.63331   1.86989937E-002
    440.78534   1.86222188E-002
    440.93737   1.85457847E-002
    441.08940   1.84696896E-002
    441.24143   1.83939321E-002
    441.39346   1.83185106E-002
    441.54550   1.82434235E-002
    441.69753   1.81686693E-002
    441.84956   1.80942464E-002
    442.00159   1.80201534E-002
    442.15362   1.79463886E-002
    442.30565   1.78729507E-002
    442.45768   1.77998380E-002
    442.60971   1.77270491E-002
    442.76175   1.76545824E-002
    442.91378   1.75824366E-002
    443.06581   1.75106100E-002
    443.21784   1.74391013E-002
    443.36987   1.73679089E-002
    443.52190   1.72970314E-002
    443.67393   1.72264674E-002
    443.82596   1.71562154E-002
    443.97800   1.70862739E-002
    444.13003   1.70166416E-002
    444.28206   1.69473169E-002
    444.43409   1.68782985E-002
    444.58612   1.68095850E-002
    444.73815   1.67411749E-002
    444.89018   1.66730669E-002
    445.04221   1.66052595E-002
    445.19424   1.65377513E-002
    445.34628   1.64705411E-002
    445.49831   1.64036273E-002
    445.65034   1.63370087E-002
    445.80237   1.62706838E-002
    445.95440   1.62046514E-002
    446.10643   1.61389100E-002
    446.25846   1.60734583E-002
    446.41049   1.60082950E-002
    446.56253   1.59434187E-002
    446.71456   1.58788282E-002
    446.86659   1.58145221E-002
    447.01862   1.57504990E-002
    447.17065   1.56867577E-002
    447.32268   1.56232969E-002
    447.47471   1.55601152E-002
    447.62674   1.54972115E-002
    447.77877   1.54345843E-002
    447.93081   1.53722325E-002
    448.08284   1.53101547E-002
    448.23487   1.52483497E-002
    448.38690   1.51868162E-002
    448.53893   1.51255530E-002
    448.69096   1.50645588E-002
    448.84299   1.50038324E-002
    448.99502   1.49433725E-002
    449.14706   1.48831780E-002
    449.29909   1.48232475E-002
    449.45112   1.47635799E-002
    449.60315   1.47041740E-002
    449.75518   1.46450285E-002
    449.90721   1.45861422E-002
    450.05924   1.45275139E-002
    450.21127   1.44691426E-002
    450.36330   1.44110269E-002
    450.51534   1.43531656E-002
    450.66737   1.42955577E-002
    450.81940   1.42382019E-002
    450.97143   1.41810971E-002
    451.12346   1.41242421E-002
    451.27549   1.40676358E-002
    451.42752   1.40112769E-002
    451.57955   1.39551645E-002
    451.73159   1.38992973E-002
    451.88362   1.38436741E-002
    452.03565   1.37882940E-002
    452.18768   1.37331557E-002
    452.33971   1.36782581E-002
    452.49174   1.36236002E-002
    452.64377   1.35691808E-002
    452.79580   1.35149988E-002
    452.94783   1.34610532E-002
    453.09987   1.34073427E-002
    453.25190   1.33538664E-002
    453.40393   1.33006232E-002
    453.55596   1.32476120E-002
    453.70799   1.31948317E-002
    453.86002   1.31422812E-002
    454.01205   1.30899596E-002
    454.16408   1.30378657E-002
    454.31612   1.29859985E-002
    454.46815   1.29343569E-002
    454.62018   1.28829400E-002
    454.77221   1.28317466E-002
    454.92424   1.27807757E-002
    455.07627   1.27300264E-002
    455.22830   1.26794975E-002
    455.38033   1.26291882E-002
    455.53237   1.25790973E-002
    455.68440   1.25292238E-002
    455.83643   1.24795668E-002
    455.98846   1.24301253E-002
    456.14049   1.23808983E-002
    456.29252   1.23318847E-002
    456.44455   1.22830836E-002
    456.59658   1.22344940E-002
    456.74861   1.21861150E-002
    456.90065   1.21379456E-002
    457.05268   1.20899847E-002
    457.20471   1.20422315E-002
    457.35674   1.19946850E-002
    457.50877   1.19473443E-002
    457.66080   1.19002083E-002
    457.81283   1.18532762E-002
    457.96486   1.18065470E-002
    458.11690   1.17600198E-002
    458.26893   1.17136936E-002
    458.42096   1.16675676E-002
    458.57299   1.16216408E-002
    458.72502   1.15759122E-002
    458.87705   1.15303811E-002
    459.02908   1.14850464E-002
    459.18111   1.14399072E-002
    459.33314   1.13949628E-002
    459.48518   1.13502121E-002
    459.63721   1.13056543E-002
    459.78924   1.12612885E-002
    459.94127   1.12171138E-002
    460.09330   1.11731293E-002
    460.24533   1.11293343E-002
    460.39736   1.10857277E-002
    460.54939   1.10423087E-002
    460.70143   1.09990765E-002
    460.85346   1.09560302E-002
    461.00549   1.09131690E-002
    461.15752   1.08704919E-002
    461.30955   1.08279983E-002
    461.46158   1.07856871E-002
    461.61361   1.07435577E-002
    461.76564   1.07016090E-002
    461.91767   1.06598404E-002
    462.06971   1.06182510E-002
    462.22174   1.05768400E-002
    462.37377   1.05356065E-002
    462.52580   1.04945498E-002
    462.67783   1.04536690E-002
    462.82986   1.04129633E-002
    462.98189   1.03724319E-002
    463.13392   1.03320741E-002
    463.28596   1.02918890E-002
    463.43799   1.02518758E-002
    463.59002   1.02120338E-002
    463.74205   1.01723621E-002
    463.89408   1.01328600E-002
    464.04611   1.00935268E-002
    464.19814   1.00543615E-002
    464.35017   1.00153636E-002
    464.50220   9.97653213E-003
    464.65424   9.93786641E-003
    464.80627   9.89936568E-003
    464.95830   9.86102918E-003
    465.11033   9.82285616E-003
    465.26236   9.78484586E-003
    465.41439   9.74699756E-003
    465.56642   9.70931049E-003
    465.71845   9.67178394E-003
    465.87049   9.63441717E-003
    466.02252   9.59720944E-003
    466.17455   9.56016003E-003
    466.32658   9.52326822E-003
    466.47861   9.48653329E-003
    466.63064   9.44995452E-003
    466.78267   9.41353119E-003
    466.93470   9.37726261E-003
    467.08674   9.34114806E-003
    467.23877   9.30518684E-003
    467.39080   9.26937826E-003
    467.54283   9.23372160E-003
    467.69486   9.19821620E-003
    467.84689   9.16286134E-003
    467.99892   9.12765636E-003
    468.15095   9.09260055E-003
    468.30298   9.05769326E-003
    468.45502   9.02293379E-003
    468.60705   8.98832147E-003
    468.75908   8.95385564E-003
    468.91111   8.91953563E-003
    469.06314   8.88536078E-003
    469.21517   8.85133041E-003
    469.36720   8.81744389E-003
    469.51923   8.78370055E-003
    469.67127   8.75009973E-003
    469.82330   8.71664080E-003
    469.97533   8.68332311E-003
    470.12736   8.65014602E-003
    470.27939   8.61710888E-003
    470.43142   8.58421106E-003
    470.58345   8.55145193E-003
    470.73548   8.51883086E-003
    470.88751   8.48634722E-003
    471.03955   8.45400038E-003
    471.19158   8.42178974E-003
    471.34361   8.38971466E-003
    471.49564   8.35777453E-003
    471.64767   8.32596875E-003
    471.79970   8.29429669E-003
    471.95173   8.26275776E-003
    472.10376   8.23135135E-003
    472.25580   8.20007687E-003
    472.40783   8.16893370E-003
    472.55986   8.13792127E-003
    472.71189   8.10703896E-003
    472.86392   8.07628621E-003
    473.01595   8.04566241E-003
    473.16798   8.01516699E-003
    473.32001   7.98479937E-003
    473.47204   7.95455896E-003
    473.62408   7.92444519E-003
    473.77611   7.89445749E-003
    473.92814   7.86459529E-003
    474.08017   7.83485802E-003
    474.23220   7.80524511E-003
    474.38423   7.77575601E-003
    474.53626   7.74639015E-003
    474.68829   7.71714698E-003
    474.84033   7.68802595E-003
    474.99236   7.65902649E-003
    475.14439   7.63014807E-003
    475.29642   7.60139014E-003
    475.44845   7.57275214E-003
    475.60048   7.54423355E-003
    475.75251   7.51583383E-003
    475.90454   7.48755243E-003
    476.05657   7.45938882E-003
    476.20861   7.43134248E-003
    476.36064   7.40341287E-003
    476.51267   7.37559948E-003
    476.66470   7.34790176E-003
    476.81673   7.32031921E-003
    476.96876   7.29285131E-003
    477.12079   7.26549754E-003
    477.27282   7.23825738E-003
    477.42486   7.21113033E-003
    477.57689   7.18411587E-003
    477.72892   7.15721351E-003
    477.88095   7.13042273E-003
    478.03298   7.10374303E-003
    478.18501   7.07717392E-003
    478.33704   7.05071490E-003
    478.48907   7.02436548E-003
    478.64111   6.99812515E-003
    478.79314   6.97199344E-003
    478.94517   6.94596985E-003
    479.09720   6.92005391E-003
    479.24923   6.89424511E-003
    479.40126   6.86854300E-003
    479.55329   6.84294708E-003
    479.70532   6.81745689E-003
    479.85735   6.79207194E-003
    480.00939   6.76679177E-003
    480.16142   6.74161590E-003
    480.31345   6.71654388E-003
    480.46548   6.69157523E-003
    480.61751   6.66670949E-003
    480.76954   6.64194621E-003
    480.92157   6.61728492E-003
    481.07360   6.59272516E-003
    481.22564   6.56826649E-003
    481.37767   6.54390845E-003
    481.52970   6.51965060E-003
    481.68173   6.49549247E-003
    481.83376   6.47143364E-003
    481.98579   6.44747365E-003
    482.13782   6.42361206E-003
    482.28985   6.39984844E-003
    482.44188   6.37618234E-003
    482.59392   6.35261334E-003
    482.74595   6.32914100E-003
    482.89798   6.30576489E-003
    483.05001   6.28248457E-003
    483.20204   6.25929963E-003
    483.35407   6.23620963E-003
    483.50610   6.21321416E-003
    483.65813   6.19031280E-003
    483.81017   6.16750511E-003
    483.96220   6.14479070E-003
    484.11423   6.12216914E-003
    484.26626   6.09964002E-003
    484.41829   6.07720293E-003
    484.57032   6.05485745E-003
    484.72235   6.03260319E-003
    484.87438   6.01043974E-003
    485.02641   5.98836669E-003
    485.17845   5.96638364E-003
    485.33048   5.94449019E-003
    485.48251   5.92268595E-003
    485.63454   5.90097052E-003
    485.78657   5.87934351E-003
    485.93860   5.85780451E-003
    486.09063   5.83635315E-003
    486.24266   5.81498904E-003
    486.39470   5.79371178E-003
    486.54673   5.77252099E-003
    486.69876   5.75141629E-003
    486.85079   5.73039731E-003
    487.00282   5.70946365E-003
    487.15485   5.68861494E-003
    487.30688   5.66785081E-003
    487.45891   5.64717088E-003
    487.61094   5.62657478E-003
    487.76298   5.60606214E-003
    487.91501   5.58563259E-003
    488.06704   5.56528577E-003
    488.21907   5.54502130E-003
    488.37110   5.52483882E-003
    488.52313   5.50473798E-003
    488.67516   5.48471841E-003
    488.82719   5.46477975E-003
    488.97923   5.44492165E-003
    489.13126   5.42514376E-003
    489.28329   5.40544571E-003
    489.43532   5.38582715E-003
    489.58735   5.36628774E-003
    489.73938   5.34682713E-003
    489.89141   5.32744497E-003
    490.04344   5.30814092E-003
    490.19548   5.28891462E-003
    490.34751   5.26976575E-003
    490.49954   5.25069395E-003
    490.65157   5.23169890E-003
    490.80360   5.21278025E-003
    490.95563   5.19393767E-003
    491.10766   5.17517081E-003
    491.25969   5.15647937E-003
    491.41172   5.13786298E-003
    491.56376   5.11932135E-003
    491.71579   5.10085412E-003
    491.86782   5.08246098E-003
    492.01985   5.06414160E-003
    492.17188   5.04589565E-003
    492.32391   5.02772283E-003
    492.47594   5.00962280E-003
    492.62797   4.99159525E-003
    492.78001   4.97363985E-003
    492.93204   4.95575630E-003
    493.08407   4.93794428E-003
    493.23610   4.92020348E-003
    493.38813   4.90253359E-003
    493.54016   4.88493428E-003
    493.69219   4.86740527E-003
    493.84422   4.84994623E-003
    493.99625   4.83255687E-003
    494.14829   4.81523688E-003
    494.30032   4.79798596E-003
    494.45235   4.78080380E-003
    494.60438   4.76369011E-003
    494.75641   4.74664459E-003
    494.90844   4.72966694E-003
    495.06047   4.71275686E-003
    495.21250   4.69591406E-003
    495.36454   4.67913825E-003
    495.51657   4.66242914E-003
    495.66860   4.64578642E-003
    495.82063   4.62920983E-003
    495.97266   4.61269907E-003
    496.12469   4.59625384E-003
    496.27672   4.57987388E-003
    496.42875   4.56355889E-003
    496.58078   4.54730859E-003
    496.73282   4.53112270E-003
    496.88485   4.51500094E-003
    497.03688   4.49894303E-003
    497.18891   4.48294870E-003
    497.34094   4.46701768E-003
    497.49297   4.45114967E-003
    497.64500   4.43534442E-003
    497.79703   4.41960165E-003
    497.94907   4.40392109E-003
    498.10110   4.38830246E-003
    498.25313   4.37274551E-003
    498.40516   4.35724997E-003
    498.55719   4.34181556E-003
    498.70922   4.32644203E-003
    498.86125   4.31112912E-003
    499.01328   4.29587655E-003
    499.16531   4.28068407E-003
    499.31735   4.26555142E-003
    499.46938   4.25047834E-003
    499.62141   4.23546457E-003
    499.77344   4.22050987E-003
    499.92547   4.20561396E-003
    500.07750   4.19077661E-003
    500.22953   4.17599755E-003
    500.38156   4.16127654E-003
    500.53360   4.14661333E-003
    500.68563   4.13200766E-003
    500.83766   4.11745929E-003
    500.98969   4.10296798E-003
    501.14172   4.08853347E-003
    501.29375   4.07415552E-003
    501.44578   4.05983389E-003
    501.59781   4.04556834E-003
    501.74985   4.03135863E-003
    501.90188   4.01720451E-003
    502.05391   4.00310575E-003
    502.20594   3.98906212E-003
    502.35797   3.97507336E-003
    502.51000   3.96113925E-003
    502.66203   3.94725956E-003
    502.81406   3.93343405E-003
    502.96609   3.91966248E-003
    503.11813   3.90594463E-003
    503.27016   3.89228027E-003
    503.42219   3.87866917E-003
    503.57422   3.86511110E-003
    503.72625   3.85160583E-003
    503.87828   3.83815314E-003
    504.03031   3.82475280E-003
    504.18234   3.81140458E-003
    504.33438   3.79810828E-003
    504.48641   3.78486366E-003
    504.63844   3.77167050E-003
    504.79047   3.75852858E-003
    504.94250   3.74543769E-003
    505.09453   3.73239761E-003
    505.24656   3.71940812E-003
    505.39859   3.70646901E-003
    505.55062   3.69358005E-003
    505.70266   3.68074104E-003
    505.85469   3.66795177E-003
    506.00672   3.65521201E-003
    506.15875   3.64252157E-003
    506.31078   3.62988023E-003
    506.46281   3.61728778E-003
    506.61484   3.60474402E-003
    506.76687   3.59224874E-003
    506.91891   3.57980172E-003
    507.07094   3.56740278E-003
    507.22297   3.55505170E-003
    507.37500   3.54274827E-003
    507.52703   3.53049231E-003
    507.67906   3.51828360E-003
    507.83109   3.50612195E-003
    507.98312   3.49400715E-003
    508.13515   3.48193901E-003
    508.28719   3.46991733E-003
    508.43922   3.45794192E-003
    508.59125   3.44601257E-003
    508.74328   3.43412910E-003
    508.89531   3.42229130E-003
    509.04734   3.41049899E-003
    509.19937   3.39875197E-003
    509.35140   3.38705006E-003
    509.50344   3.37539305E-003
    509.65547   3.36378077E-003
    509.80750   3.35221302E-003
    509.95953   3.34068962E-003
    510.11156   3.32921037E-003
    510.26359   3.31777510E-003
    510.41562   3.30638361E-003
    510.56765   3.29503572E-003
    510.71968   3.28373126E-003
    510.87172   3.27247002E-003
    511.02375   3.26125184E-003
    511.17578   3.25007654E-003
    511.32781   3.23894392E-003
    511.47984   3.22785382E-003
    511.63187   3.21680605E-003
    511.78390   3.20580043E-003
    511.93593   3.19483680E-003
    512.08797   3.18391497E-003
    512.24000   3.17303476E-003
    512.39203   3.16219601E-003
    512.54406   3.15139853E-003
    512.69609   3.14064216E-003
    512.84812   3.12992672E-003
    513.00015   3.11925205E-003
    513.15218   3.10861796E-003
    513.30422   3.09802430E-003
    513.45625   3.08747089E-003
    513.60828   3.07695756E-003
    513.76031   3.06648414E-003
    513.91234   3.05605047E-003
    514.06437   3.04565639E-003
    514.21640   3.03530172E-003
    514.36843   3.02498631E-003
    514.52046   3.01470998E-003
    514.67250   3.00447258E-003
    514.82453   2.99427394E-003
    514.97656   2.98411390E-003
    515.12859   2.97399230E-003
    515.28062   2.96390898E-003
    515.43265   2.95386378E-003
    515.58468   2.94385655E-003
    515.73671   2.93388711E-003
    515.88875   2.92395532E-003
    516.04078   2.91406103E-003
    516.19281   2.90420406E-003
    516.34484   2.89438428E-003
    516.49687   2.88460151E-003
    516.64890   2.87485562E-003
    516.80093   2.86514644E-003
    516.95296   2.85547383E-003
    517.10499   2.84583763E-003
    517.25703   2.83623769E-003
    517.40906   2.82667387E-003
