     89.81687   3.91567677E-017
     90.12543   8.56026146E-017
     90.43400   1.84599822E-016
     90.74256   3.92770490E-016
     91.05112   8.24721242E-016
     91.35969   1.70935354E-015
     91.66825   3.49789576E-015
     91.97682   7.06845044E-015
     92.28538   1.41082909E-014
     92.59395   2.78193015E-014
     92.90251   5.42034385E-014
     93.21107   1.04376286E-013
     93.51964   1.98680507E-013
     93.82820   3.73912180E-013
     94.13677   6.95866486E-013
     94.44533   1.28086616E-012
     94.75389   2.33228296E-012
     95.06246   4.20179757E-012
     95.37102   7.49101688E-012
     95.67959   1.32181969E-011
     95.98815   2.30888423E-011
     96.29672   3.99302493E-011
     96.60528   6.83820267E-011
     96.91384   1.15982087E-010
     97.22241   1.94857258E-010
     97.53097   3.24328785E-010
     97.83954   5.34888179E-010
     98.14810   8.74205071E-010
     98.45666   1.41611838E-009
     98.76523   2.27396471E-009
     99.07379   3.62015139E-009
     99.38236   5.71463469E-009
     99.69092   8.94597725E-009
     99.99949   1.38900086E-008
    100.30805   2.13928916E-008
    100.61661   3.26877167E-008
    100.92518   4.95567386E-008
    101.23374   7.45551875E-008
    101.54231   1.11317412E-007
    101.85087   1.64972131E-007
    102.15943   2.42701023E-007
    102.46800   3.54483960E-007
    102.77656   5.14085208E-007
    103.08513   7.40348002E-007
    103.39369   1.05888044E-006
    103.70226   1.50423361E-006
    104.01082   2.12269382E-006
    104.31938   2.97583403E-006
    104.62795   4.14499658E-006
    104.93651   5.73690768E-006
    105.24508   7.89065642E-006
    105.55364   1.07863041E-005
    105.86220   1.46554246E-005
    106.17077   1.97939133E-005
    106.47933   2.65774346E-005
    106.78790   3.54799137E-005
    107.09646   4.70955077E-005
    107.40502   6.21645138E-005
    107.71359   8.16036934E-005
    108.02215   1.06541495E-004
    108.33072   1.38358660E-004
    108.63928   1.78734672E-004
    108.94785   2.29700488E-004
    109.25641   2.93697918E-004
    109.56497   3.73645972E-004
    109.87354   4.73014384E-004
    110.18210   5.95904398E-004
    110.49067   7.47136789E-004
    110.79923   9.32346893E-004
    111.10779   1.15808626E-003
    111.41636   1.43193034E-003
    111.72492   1.76259132E-003
    112.03349   2.16003516E-003
    112.34205   2.63560137E-003
    112.65062   3.20212411E-003
    112.95918   3.87405266E-003
    113.26774   4.66756939E-003
    113.57631   5.60070272E-003
    113.88487   6.69343287E-003
    114.19344   7.96778757E-003
    114.50200   9.44792502E-003
    114.81056   1.11602014E-002
    115.11913   1.31332201E-002
    115.42769   1.53978592E-002
    115.73626   1.79872762E-002
    116.04482   2.09368850E-002
    116.35339   2.42843057E-002
    116.66195   2.80692826E-002
    116.97051   3.23335707E-002
    117.27908   3.71207888E-002
    117.58764   4.24762392E-002
    117.89621   4.84466921E-002
    118.20477   5.50801385E-002
    118.51333   6.24255091E-002
    118.82190   7.05323635E-002
    119.13046   7.94505511E-002
    119.43903   8.92298465E-002
    119.74759   9.99195637E-002
    120.05615   1.11568152E-001
    120.36472   1.24222780E-001
    120.67328   1.37928909E-001
    120.98185   1.52729870E-001
    121.29041   1.68666431E-001
    121.59898   1.85776391E-001
    121.90754   2.04094169E-001
    122.21610   2.23650426E-001
    122.52467   2.44471708E-001
    122.83323   2.66580121E-001
    123.14180   2.89993036E-001
    123.45036   3.14722842E-001
    123.75892   3.40776735E-001
    124.06749   3.68156561E-001
    124.37605   3.96858702E-001
    124.68462   4.26874016E-001
    124.99318   4.58187827E-001
    125.30175   4.90779973E-001
    125.61031   5.24624897E-001
    125.91887   5.59691796E-001
    126.22744   5.95944815E-001
    126.53600   6.33343285E-001
    126.84457   6.71842010E-001
    127.15313   7.11391579E-001
    127.46169   7.51938732E-001
    127.77026   7.93426732E-001
    128.07882   8.35795781E-001
    128.38739   8.78983441E-001
    128.69595   9.22925071E-001
    129.00452   9.67554277E-001
    129.31308   1.01280336E+000
    129.62164   1.05860374E+000
    129.93021   1.10488644E+000
    130.23877   1.15158244E+000
    130.54734   1.19862313E+000
    130.85590   1.24594068E+000
    131.16446   1.29346837E+000
    131.47303   1.34114097E+000
    131.78159   1.38889496E+000
    132.09016   1.43666886E+000
    132.39872   1.48440342E+000
    132.70729   1.53204182E+000
    133.01585   1.57952981E+000
    133.32441   1.62681588E+000
    133.63298   1.67385128E+000
    133.94154   1.72059011E+000
    134.25011   1.76698934E+000
    134.55867   1.81300879E+000
    134.86723   1.85861107E+000
    135.17580   1.90376158E+000
    135.48436   1.94842836E+000
    135.79293   1.99258200E+000
    136.10149   2.03619556E+000
    136.41005   2.07924438E+000
    136.71862   2.12170596E+000
    137.02718   2.16355980E+000
    137.33575   2.20478726E+000
    137.64431   2.24537136E+000
    137.95288   2.28529667E+000
    138.26144   2.32454910E+000
    138.57000   2.36311580E+000
    138.87857   2.40098496E+000
    139.18713   2.43814572E+000
    139.49570   2.47458802E+000
    139.80426   2.51030247E+000
    140.11282   2.54528025E+000
    140.42139   2.57951306E+000
    140.72995   2.61299297E+000
    141.03852   2.64571238E+000
    141.34708   2.67766398E+000
    141.65565   2.70884069E+000
    141.96421   2.73923561E+000
    142.27277   2.76884203E+000
    142.58134   2.79765341E+000
    142.88990   2.82566335E+000
    143.19847   2.85286565E+000
    143.50703   2.87925427E+000
    143.81559   2.90482337E+000
    144.12416   2.92956735E+000
    144.43272   2.95348089E+000
    144.74129   2.97655894E+000
    145.04985   2.99879679E+000
    145.35842   3.02019011E+000
    145.66698   3.04073497E+000
    145.97554   3.06042791E+000
    146.28411   3.07926594E+000
    146.59267   3.09724662E+000
    146.90124   3.11436805E+000
    147.20980   3.13062894E+000
    147.51836   3.14602862E+000
    147.82693   3.16056707E+000
    148.13549   3.17424496E+000
    148.44406   3.18706363E+000
    148.75262   3.19902515E+000
    149.06118   3.21013230E+000
    149.36975   3.22038859E+000
    149.67831   3.22979826E+000
    149.98688   3.23836629E+000
    150.29544   3.24609838E+000
    150.60401   3.25300098E+000
    150.91257   3.25908122E+000
    151.22113   3.26434697E+000
    151.52970   3.26880676E+000
    151.83826   3.27246982E+000
    152.14683   3.27534603E+000
    152.45539   3.27744590E+000
    152.76395   3.27878058E+000
    153.07252   3.27936178E+000
    153.38108   3.27920184E+000
    153.68965   3.27831361E+000
    153.99821   3.27671050E+000
    154.30678   3.27440642E+000
    154.61534   3.27141576E+000
    154.92390   3.26775339E+000
    155.23247   3.26343462E+000
    155.54103   3.25847520E+000
    155.84960   3.25289126E+000
    156.15816   3.24669934E+000
    156.46672   3.23991634E+000
    156.77529   3.23255950E+000
    157.08385   3.22464640E+000
    157.39242   3.21619495E+000
    157.70098   3.20722334E+000
    158.00955   3.19775005E+000
    158.31811   3.18779384E+000
    158.62667   3.17737373E+000
    158.93524   3.16650896E+000
    159.24380   3.15521903E+000
    159.55237   3.14352362E+000
    159.86093   3.13144264E+000
    160.16949   3.11899618E+000
    160.47806   3.10620449E+000
    160.78662   3.09308801E+000
    161.09519   3.07966731E+000
    161.40375   3.06596308E+000
    161.71232   3.05199615E+000
    162.02088   3.03778743E+000
    162.32944   3.02335793E+000
    162.63801   3.00872874E+000
    162.94657   2.99392097E+000
    163.25514   2.97895579E+000
    163.56370   2.96385438E+000
    163.87226   2.94863790E+000
    164.18083   2.93332750E+000
    164.48939   2.91794429E+000
    164.79796   2.90250931E+000
    165.10652   2.88704350E+000
    165.41508   2.87156770E+000
    165.72365   2.85610262E+000
    166.03221   2.84066880E+000
    166.34078   2.82528662E+000
    166.64934   2.80997622E+000
    166.95791   2.79475753E+000
    167.26647   2.77965024E+000
    167.57503   2.76467372E+000
    167.88360   2.74984707E+000
    168.19216   2.73518903E+000
    168.50073   2.72071801E+000
    168.80929   2.70645200E+000
    169.11785   2.69240862E+000
    169.42642   2.67860503E+000
    169.73498   2.66505795E+000
    170.04355   2.65178361E+000
    170.35211   2.63879773E+000
    170.66068   2.62611552E+000
    170.96924   2.61375161E+000
    171.27780   2.60172010E+000
    171.58637   2.59003446E+000
    171.89493   2.57870757E+000
    172.20350   2.56775167E+000
    172.51206   2.55717835E+000
    172.82062   2.54699854E+000
    173.12919   2.53722249E+000
    173.43775   2.52785974E+000
    173.74632   2.51891915E+000
    174.05488   2.51040883E+000
    174.36345   2.50233618E+000
    174.67201   2.49470783E+000
    174.98057   2.48752969E+000
    175.28914   2.48080691E+000
    175.59770   2.47454386E+000
    175.90627   2.46874416E+000
    176.21483   2.46341066E+000
    176.52339   2.45854544E+000
    176.83196   2.45414981E+000
    177.14052   2.45022431E+000
    177.44909   2.44676873E+000
    177.75765   2.44378209E+000
    178.06621   2.44126265E+000
    178.37478   2.43920795E+000
    178.68334   2.43761477E+000
    178.99191   2.43647916E+000
    179.30047   2.43579648E+000
    179.60904   2.43556137E+000
    179.91760   2.43576779E+000
    180.22616   2.43640900E+000
    180.53473   2.43747765E+000
    180.84329   2.43896571E+000
    181.15186   2.44086455E+000
    181.46042   2.44316494E+000
    181.76898   2.44585704E+000
    182.07755   2.44893049E+000
    182.38611   2.45237438E+000
    182.69468   2.45617727E+000
    183.00324   2.46032724E+000
    183.31181   2.46481192E+000
    183.62037   2.46961849E+000
    183.92893   2.47473369E+000
    184.23750   2.48014392E+000
    184.54606   2.48583519E+000
    184.85463   2.49179317E+000
    185.16319   2.49800325E+000
    185.47175   2.50445051E+000
    185.78032   2.51111982E+000
    186.08888   2.51799579E+000
    186.39745   2.52506286E+000
    186.70601   2.53230529E+000
    187.01458   2.53970720E+000
    187.32314   2.54725262E+000
    187.63170   2.55492549E+000
    187.94027   2.56270968E+000
    188.24883   2.57058904E+000
    188.55740   2.57854745E+000
    188.86596   2.58656876E+000
    189.17452   2.59463693E+000
    189.48309   2.60273596E+000
    189.79165   2.61084996E+000
    190.10022   2.61896317E+000
    190.40878   2.62706000E+000
    190.71735   2.63512500E+000
    191.02591   2.64314293E+000
    191.33447   2.65109879E+000
    191.64304   2.65897778E+000
    191.95160   2.66676538E+000
    192.26017   2.67444736E+000
    192.56873   2.68200975E+000
    192.87729   2.68943893E+000
    193.18586   2.69672158E+000
    193.49442   2.70384475E+000
    193.80299   2.71079582E+000
    194.11155   2.71756258E+000
    194.42011   2.72413318E+000
    194.72868   2.73049617E+000
    195.03724   2.73664050E+000
    195.34581   2.74255556E+000
    195.65437   2.74823115E+000
    195.96294   2.75365751E+000
    196.27150   2.75882531E+000
    196.58006   2.76372567E+000
    196.88863   2.76835018E+000
    197.19719   2.77269085E+000
    197.50576   2.77674018E+000
    197.81432   2.78049111E+000
    198.12288   2.78393705E+000
    198.43145   2.78707187E+000
    198.74001   2.78988990E+000
    199.04858   2.79238593E+000
    199.35714   2.79455521E+000
    199.66571   2.79639343E+000
    199.97427   2.79789676E+000
    200.28283   2.79906180E+000
    200.59140   2.79988559E+000
    200.89996   2.80036561E+000
    201.20853   2.80049976E+000
    201.51709   2.80028639E+000
    201.82565   2.79972424E+000
    202.13422   2.79881248E+000
    202.44278   2.79755065E+000
    202.75135   2.79593872E+000
    203.05991   2.79397701E+000
    203.36848   2.79166622E+000
    203.67704   2.78900742E+000
    203.98560   2.78600204E+000
    204.29417   2.78265182E+000
    204.60273   2.77895887E+000
    204.91130   2.77492558E+000
    205.21986   2.77055469E+000
    205.52842   2.76584920E+000
    205.83699   2.76081240E+000
    206.14555   2.75544789E+000
    206.45412   2.74975948E+000
    206.76268   2.74375127E+000
    207.07125   2.73742757E+000
    207.37981   2.73079292E+000
    207.68837   2.72385210E+000
    207.99694   2.71661005E+000
    208.30550   2.70907194E+000
    208.61407   2.70124308E+000
    208.92263   2.69312898E+000
    209.23119   2.68473528E+000
    209.53976   2.67606777E+000
    209.84832   2.66713238E+000
    210.15689   2.65793515E+000
    210.46545   2.64848224E+000
    210.77401   2.63877989E+000
    211.08258   2.62883444E+000
    211.39114   2.61865232E+000
    211.69971   2.60824001E+000
    212.00827   2.59760405E+000
    212.31684   2.58675104E+000
    212.62540   2.57568759E+000
    212.93396   2.56442038E+000
    213.24253   2.55295608E+000
    213.55109   2.54130138E+000
    213.85966   2.52946298E+000
    214.16822   2.51744757E+000
    214.47678   2.50526183E+000
    214.78535   2.49291242E+000
    215.09391   2.48040598E+000
    215.40248   2.46774909E+000
    215.71104   2.45494834E+000
    216.01961   2.44201022E+000
    216.32817   2.42894121E+000
    216.63673   2.41574770E+000
    216.94530   2.40243605E+000
    217.25386   2.38901252E+000
    217.56243   2.37548332E+000
    217.87099   2.36185456E+000
    218.17955   2.34813230E+000
    218.48812   2.33432249E+000
    218.79668   2.32043100E+000
    219.10525   2.30646361E+000
    219.41381   2.29242598E+000
    219.72238   2.27832372E+000
    220.03094   2.26416228E+000
    220.33950   2.24994706E+000
    220.64807   2.23568332E+000
    220.95663   2.22137623E+000
    221.26520   2.20703084E+000
    221.57376   2.19265208E+000
    221.88232   2.17824480E+000
    222.19089   2.16381371E+000
    222.49945   2.14936341E+000
    222.80802   2.13489839E+000
    223.11658   2.12042302E+000
    223.42514   2.10594155E+000
    223.73371   2.09145814E+000
    224.04227   2.07697680E+000
    224.35084   2.06250145E+000
    224.65940   2.04803586E+000
    224.96797   2.03358374E+000
    225.27653   2.01914863E+000
    225.58509   2.00473399E+000
    225.89366   1.99034315E+000
    226.20222   1.97597934E+000
    226.51079   1.96164567E+000
    226.81935   1.94734515E+000
    227.12791   1.93308067E+000
    227.43648   1.91885501E+000
    227.74504   1.90467086E+000
    228.05361   1.89053080E+000
    228.36217   1.87643729E+000
    228.67074   1.86239270E+000
    228.97930   1.84839932E+000
    229.28786   1.83445931E+000
    229.59643   1.82057474E+000
    229.90499   1.80674761E+000
    230.21356   1.79297980E+000
    230.52212   1.77927310E+000
    230.83068   1.76562923E+000
    231.13925   1.75204982E+000
    231.44781   1.73853638E+000
    231.75638   1.72509039E+000
    232.06494   1.71171321E+000
    232.37351   1.69840614E+000
    232.68207   1.68517039E+000
    232.99063   1.67200710E+000
    233.29920   1.65891734E+000
    233.60776   1.64590211E+000
    233.91633   1.63296234E+000
    234.22489   1.62009887E+000
    234.53345   1.60731252E+000
    234.84202   1.59460401E+000
    235.15058   1.58197402E+000
    235.45915   1.56942314E+000
    235.76771   1.55695195E+000
    236.07628   1.54456092E+000
    236.38484   1.53225052E+000
    236.69340   1.52002113E+000
    237.00197   1.50787310E+000
    237.31053   1.49580672E+000
    237.61910   1.48382224E+000
    237.92766   1.47191986E+000
    238.23622   1.46009975E+000
    238.54479   1.44836203E+000
    238.85335   1.43670677E+000
    239.16192   1.42513402E+000
    239.47048   1.41364378E+000
    239.77904   1.40223603E+000
    240.08761   1.39091072E+000
    240.39617   1.37966773E+000
    240.70474   1.36850695E+000
    241.01330   1.35742824E+000
    241.32187   1.34643140E+000
    241.63043   1.33551624E+000
    241.93899   1.32468253E+000
    242.24756   1.31393001E+000
    242.55612   1.30325840E+000
    242.86469   1.29266742E+000
    243.17325   1.28215674E+000
    243.48181   1.27172603E+000
    243.79038   1.26137494E+000
    244.09894   1.25110310E+000
    244.40751   1.24091012E+000
    244.71607   1.23079562E+000
    245.02464   1.22075917E+000
    245.33320   1.21080035E+000
    245.64176   1.20091873E+000
    245.95033   1.19111387E+000
    246.25889   1.18138530E+000
    246.56746   1.17173256E+000
    246.87602   1.16215518E+000
    247.18458   1.15265268E+000
    247.49315   1.14322457E+000
    247.80171   1.13387036E+000
    248.11028   1.12458955E+000
    248.41884   1.11538164E+000
    248.72741   1.10624613E+000
    249.03597   1.09718249E+000
    249.34453   1.08819022E+000
    249.65310   1.07926880E+000
    249.96166   1.07041772E+000
    250.27023   1.06163645E+000
    250.57879   1.05292449E+000
    250.88735   1.04428129E+000
    251.19592   1.03570636E+000
    251.50448   1.02719916E+000
    251.81305   1.01875918E+000
    252.12161   1.01038590E+000
    252.43017   1.00207881E+000
    252.73874   9.93837382E-001
    253.04730   9.85661113E-001
    253.35587   9.77549490E-001
    253.66443   9.69502007E-001
    253.97300   9.61518158E-001
    254.28156   9.53597442E-001
    254.59012   9.45739361E-001
    254.89869   9.37943419E-001
    255.20725   9.30209125E-001
    255.51582   9.22535993E-001
    255.82438   9.14923538E-001
    256.13294   9.07371282E-001
    256.44151   8.99878749E-001
    256.75007   8.92445470E-001
    257.05864   8.85070977E-001
    257.36720   8.77754811E-001
    257.67577   8.70496514E-001
    257.98433   8.63295634E-001
    258.29289   8.56151723E-001
    258.60146   8.49064341E-001
    258.91002   8.42033049E-001
    259.21859   8.35057415E-001
    259.52715   8.28137012E-001
    259.83571   8.21271416E-001
    260.14428   8.14460212E-001
    260.45284   8.07702987E-001
    260.76141   8.00999332E-001
    261.06997   7.94348847E-001
    261.37854   7.87751133E-001
    261.68710   7.81205799E-001
    261.99566   7.74712458E-001
    262.30423   7.68270726E-001
    262.61279   7.61880226E-001
    262.92136   7.55540587E-001
    263.22992   7.49251440E-001
    263.53848   7.43012422E-001
    263.84705   7.36823176E-001
    264.15561   7.30683348E-001
    264.46418   7.24592588E-001
    264.77274   7.18550553E-001
    265.08131   7.12556903E-001
    265.38987   7.06611303E-001
    265.69843   7.00713422E-001
    266.00700   6.94862934E-001
    266.31556   6.89059515E-001
    266.62413   6.83302849E-001
    266.93269   6.77592621E-001
    267.24125   6.71928521E-001
    267.54982   6.66310244E-001
    267.85838   6.60737487E-001
    268.16695   6.55209952E-001
    268.47551   6.49727345E-001
    268.78407   6.44289375E-001
    269.09264   6.38895755E-001
    269.40120   6.33546201E-001
    269.70977   6.28240433E-001
    270.01833   6.22978174E-001
    270.32690   6.17759151E-001
    270.63546   6.12583093E-001
    270.94402   6.07449733E-001
    271.25259   6.02358808E-001
    271.56115   5.97310055E-001
    271.86972   5.92303216E-001
    272.17828   5.87338037E-001
    272.48684   5.82414264E-001
    272.79541   5.77531648E-001
    273.10397   5.72689941E-001
    273.41254   5.67888898E-001
    273.72110   5.63128277E-001
    274.02967   5.58407838E-001
    274.33823   5.53727344E-001
    274.64679   5.49086558E-001
    274.95536   5.44485248E-001
    275.26392   5.39923183E-001
    275.57249   5.35400133E-001
    275.88105   5.30915872E-001
    276.18961   5.26470175E-001
    276.49818   5.22062819E-001
    276.80674   5.17693581E-001
    277.11531   5.13362243E-001
    277.42387   5.09068587E-001
    277.73244   5.04812395E-001
    278.04100   5.00593455E-001
    278.34956   4.96411551E-001
    278.65813   4.92266474E-001
    278.96669   4.88158011E-001
    279.27526   4.84085956E-001
    279.58382   4.80050099E-001
    279.89238   4.76050235E-001
    280.20095   4.72086159E-001
    280.50951   4.68157667E-001
    280.81808   4.64264555E-001
    281.12664   4.60406623E-001
    281.43521   4.56583670E-001
    281.74377   4.52795497E-001
    282.05233   4.49041904E-001
    282.36090   4.45322694E-001
    282.66946   4.41637671E-001
    282.97803   4.37986639E-001
    283.28659   4.34369402E-001
    283.59515   4.30785767E-001
    283.90372   4.27235539E-001
    284.21228   4.23718527E-001
    284.52085   4.20234539E-001
    284.82941   4.16783383E-001
    285.13797   4.13364868E-001
    285.44654   4.09978805E-001
    285.75510   4.06625004E-001
    286.06367   4.03303276E-001
    286.37223   4.00013434E-001
    286.68080   3.96755289E-001
    286.98936   3.93528654E-001
    287.29792   3.90333343E-001
    287.60649   3.87169169E-001
    287.91505   3.84035946E-001
    288.22362   3.80933490E-001
    288.53218   3.77861616E-001
    288.84074   3.74820138E-001
    289.14931   3.71808873E-001
    289.45787   3.68827637E-001
    289.76644   3.65876247E-001
    290.07500   3.62954519E-001
    290.38357   3.60062272E-001
    290.69213   3.57199323E-001
    291.00069   3.54365489E-001
    291.30926   3.51560589E-001
    291.61782   3.48784443E-001
    291.92639   3.46036868E-001
    292.23495   3.43317684E-001
    292.54351   3.40626710E-001
    292.85208   3.37963766E-001
    293.16064   3.35328673E-001
    293.46921   3.32721250E-001
    293.77777   3.30141318E-001
    294.08634   3.27588698E-001
    294.39490   3.25063211E-001
    294.70346   3.22564678E-001
    295.01203   3.20092921E-001
    295.32059   3.17647762E-001
    295.62916   3.15229022E-001
    295.93772   3.12836524E-001
    296.24628   3.10470091E-001
    296.55485   3.08129545E-001
    296.86341   3.05814709E-001
    297.17198   3.03525407E-001
    297.48054   3.01261461E-001
    297.78910   2.99022697E-001
    298.09767   2.96808938E-001
    298.40623   2.94620007E-001
    298.71480   2.92455730E-001
    299.02336   2.90315931E-001
    299.33193   2.88200436E-001
    299.64049   2.86109069E-001
    299.94905   2.84041656E-001
    300.25762   2.81998023E-001
    300.56618   2.79977996E-001
    300.87475   2.77981401E-001
    301.18331   2.76008065E-001
    301.49187   2.74057815E-001
    301.80044   2.72130478E-001
    302.10900   2.70225881E-001
    302.41757   2.68343852E-001
    302.72613   2.66484219E-001
    303.03470   2.64646811E-001
    303.34326   2.62831456E-001
    303.65182   2.61037984E-001
    303.96039   2.59266223E-001
    304.26895   2.57516003E-001
    304.57752   2.55787155E-001
    304.88608   2.54079508E-001
    305.19464   2.52392893E-001
    305.50321   2.50727142E-001
    305.81177   2.49082085E-001
    306.12034   2.47457555E-001
    306.42890   2.45853383E-001
    306.73747   2.44269403E-001
    307.04603   2.42705446E-001
    307.35459   2.41161347E-001
    307.66316   2.39636938E-001
    307.97172   2.38132055E-001
    308.28029   2.36646531E-001
    308.58885   2.35180202E-001
    308.89741   2.33732903E-001
    309.20598   2.32304469E-001
    309.51454   2.30894737E-001
    309.82311   2.29503544E-001
    310.13167   2.28130726E-001
    310.44024   2.26776121E-001
    310.74880   2.25439568E-001
    311.05736   2.24120905E-001
    311.36593   2.22819970E-001
    311.67449   2.21536604E-001
    311.98306   2.20270646E-001
    312.29162   2.19021937E-001
    312.60018   2.17790317E-001
    312.90875   2.16575629E-001
    313.21731   2.15377714E-001
    313.52588   2.14196416E-001
    313.83444   2.13031575E-001
    314.14300   2.11883038E-001
    314.45157   2.10750647E-001
    314.76013   2.09634248E-001
    315.06870   2.08533685E-001
    315.37726   2.07448805E-001
    315.68583   2.06379454E-001
    315.99439   2.05325479E-001
    316.30295   2.04286728E-001
    316.61152   2.03263048E-001
    316.92008   2.02254288E-001
    317.22865   2.01260299E-001
    317.53721   2.00280929E-001
    317.84577   1.99316029E-001
    318.15434   1.98365451E-001
    318.46290   1.97429046E-001
    318.77147   1.96506667E-001
    319.08003   1.95598167E-001
    319.38860   1.94703399E-001
    319.69716   1.93822218E-001
    320.00572   1.92954479E-001
    320.31429   1.92100038E-001
    320.62285   1.91258750E-001
    320.93142   1.90430473E-001
    321.23998   1.89615065E-001
    321.54854   1.88812384E-001
    321.85711   1.88022288E-001
    322.16567   1.87244638E-001
    322.47424   1.86479293E-001
    322.78280   1.85726116E-001
    323.09137   1.84984967E-001
    323.39993   1.84255709E-001
    323.70849   1.83538205E-001
    324.01706   1.82832320E-001
    324.32562   1.82137917E-001
    324.63419   1.81454863E-001
    324.94275   1.80783022E-001
    325.25131   1.80122262E-001
    325.55988   1.79472451E-001
    325.86844   1.78833456E-001
    326.17701   1.78205146E-001
    326.48557   1.77587391E-001
    326.79413   1.76980062E-001
    327.10270   1.76383029E-001
    327.41126   1.75796165E-001
    327.71983   1.75219342E-001
    328.02839   1.74652433E-001
    328.33696   1.74095314E-001
    328.64552   1.73547858E-001
    328.95408   1.73009941E-001
    329.26265   1.72481440E-001
    329.57121   1.71962232E-001
    329.87978   1.71452195E-001
    330.18834   1.70951207E-001
    330.49690   1.70459149E-001
    330.80547   1.69975901E-001
    331.11403   1.69501342E-001
    331.42260   1.69035357E-001
    331.73116   1.68577826E-001
    332.03973   1.68128634E-001
    332.34829   1.67687664E-001
    332.65685   1.67254803E-001
    332.96542   1.66829934E-001
    333.27398   1.66412946E-001
    333.58255   1.66003725E-001
    333.89111   1.65602159E-001
    334.19967   1.65208137E-001
    334.50824   1.64821550E-001
    334.81680   1.64442288E-001
    335.12537   1.64070241E-001
    335.43393   1.63705302E-001
    335.74250   1.63347364E-001
    336.05106   1.62996321E-001
    336.35962   1.62652067E-001
    336.66819   1.62314498E-001
    336.97675   1.61983509E-001
    337.28532   1.61658997E-001
    337.59388   1.61340861E-001
    337.90244   1.61028998E-001
    338.21101   1.60723308E-001
    338.51957   1.60423690E-001
    338.82814   1.60130047E-001
    339.13670   1.59842280E-001
    339.44527   1.59560290E-001
    339.75383   1.59283982E-001
    340.06239   1.59013259E-001
    340.37096   1.58748026E-001
    340.67952   1.58488189E-001
    340.98809   1.58233655E-001
    341.29665   1.57984331E-001
    341.60521   1.57740124E-001
    341.91378   1.57500944E-001
    342.22234   1.57266700E-001
    342.53091   1.57037303E-001
    342.83947   1.56812664E-001
    343.14803   1.56592695E-001
    343.45660   1.56377309E-001
    343.76516   1.56166420E-001
    344.07373   1.55959941E-001
    344.38229   1.55757788E-001
    344.69086   1.55559878E-001
    344.99942   1.55366126E-001
    345.30798   1.55176450E-001
    345.61655   1.54990769E-001
    345.92511   1.54809002E-001
    346.23368   1.54631068E-001
    346.54224   1.54456889E-001
    346.85080   1.54286385E-001
    347.15937   1.54119479E-001
    347.46793   1.53956094E-001
    347.77650   1.53796153E-001
    348.08506   1.53639581E-001
    348.39363   1.53486304E-001
    348.70219   1.53336247E-001
    349.01075   1.53189336E-001
    349.31932   1.53045501E-001
    349.62788   1.52904668E-001
    349.93645   1.52766767E-001
    350.24501   1.52631728E-001
    350.55357   1.52499481E-001
    350.86214   1.52369958E-001
    351.17070   1.52243090E-001
    351.47927   1.52118811E-001
    351.78783   1.51997053E-001
    352.09640   1.51877751E-001
    352.40496   1.51760841E-001
    352.71352   1.51646256E-001
    353.02209   1.51533936E-001
    353.33065   1.51423815E-001
    353.63922   1.51315832E-001
    353.94778   1.51209926E-001
    354.25634   1.51106036E-001
    354.56491   1.51004102E-001
    354.87347   1.50904065E-001
    355.18204   1.50805865E-001
    355.49060   1.50709446E-001
    355.79916   1.50614750E-001
    356.10773   1.50521721E-001
    356.41629   1.50430302E-001
    356.72486   1.50340439E-001
    357.03342   1.50252077E-001
    357.34199   1.50165162E-001
    357.65055   1.50079642E-001
    357.95911   1.49995464E-001
    358.26768   1.49912577E-001
    358.57624   1.49830928E-001
    358.88481   1.49750468E-001
    359.19337   1.49671148E-001
    359.50193   1.49592918E-001
    359.81050   1.49515729E-001
    360.11906   1.49439534E-001
    360.42763   1.49364286E-001
    360.73619   1.49289939E-001
    361.04476   1.49216446E-001
    361.35332   1.49143762E-001
    361.66188   1.49071843E-001
    361.97045   1.49000645E-001
    362.27901   1.48930124E-001
    362.58758   1.48860238E-001
    362.89614   1.48790945E-001
    363.20470   1.48722203E-001
    363.51327   1.48653972E-001
    363.82183   1.48586211E-001
    364.13040   1.48518880E-001
    364.43896   1.48451941E-001
    364.74753   1.48385355E-001
    365.05609   1.48319084E-001
    365.36465   1.48253091E-001
    365.67322   1.48187339E-001
    365.98178   1.48121792E-001
    366.29035   1.48056414E-001
    366.59891   1.47991172E-001
    366.90747   1.47926029E-001
    367.21604   1.47860952E-001
    367.52460   1.47795909E-001
    367.83317   1.47730866E-001
    368.14173   1.47665790E-001
    368.45030   1.47600651E-001
    368.75886   1.47535417E-001
    369.06742   1.47470058E-001
    369.37599   1.47404544E-001
    369.68455   1.47338844E-001
    369.99312   1.47272931E-001
    370.30168   1.47206776E-001
    370.61024   1.47140350E-001
    370.91881   1.47073626E-001
    371.22737   1.47006577E-001
    371.53594   1.46939178E-001
    371.84450   1.46871401E-001
    372.15306   1.46803222E-001
    372.46163   1.46734615E-001
    372.77019   1.46665556E-001
    373.07876   1.46596022E-001
    373.38732   1.46525988E-001
    373.69589   1.46455431E-001
    374.00445   1.46384330E-001
    374.31301   1.46312661E-001
    374.62158   1.46240404E-001
    374.93014   1.46167537E-001
    375.23871   1.46094039E-001
    375.54727   1.46019890E-001
    375.85583   1.45945070E-001
    376.16440   1.45869560E-001
    376.47296   1.45793341E-001
    376.78153   1.45716395E-001
    377.09009   1.45638703E-001
    377.39866   1.45560247E-001
    377.70722   1.45481011E-001
    378.01578   1.45400977E-001
    378.32435   1.45320129E-001
    378.63291   1.45238452E-001
    378.94148   1.45155929E-001
    379.25004   1.45072545E-001
    379.55860   1.44988286E-001
    379.86717   1.44903137E-001
    380.17573   1.44817083E-001
    380.48430   1.44730113E-001
    380.79286   1.44642211E-001
    381.10143   1.44553365E-001
    381.40999   1.44463563E-001
    381.71855   1.44372793E-001
    382.02712   1.44281042E-001
    382.33568   1.44188300E-001
    382.64425   1.44094555E-001
    382.95281   1.43999796E-001
    383.26137   1.43904013E-001
    383.56994   1.43807196E-001
    383.87850   1.43709336E-001
    384.18707   1.43610423E-001
    384.49563   1.43510447E-001
    384.80420   1.43409401E-001
    385.11276   1.43307276E-001
    385.42132   1.43204064E-001
    385.72989   1.43099756E-001
    386.03845   1.42994347E-001
    386.34702   1.42887827E-001
    386.65558   1.42780192E-001
    386.96414   1.42671434E-001
    387.27271   1.42561546E-001
    387.58127   1.42450524E-001
    387.88984   1.42338361E-001
    388.19840   1.42225052E-001
    388.50696   1.42110593E-001
    388.81553   1.41994977E-001
    389.12409   1.41878201E-001
    389.43266   1.41760261E-001
    389.74122   1.41641152E-001
    390.04979   1.41520872E-001
    390.35835   1.41399415E-001
    390.66691   1.41276780E-001
    390.97548   1.41152963E-001
    391.28404   1.41027962E-001
    391.59261   1.40901773E-001
    391.90117   1.40774396E-001
    392.20973   1.40645828E-001
    392.51830   1.40516068E-001
    392.82686   1.40385113E-001
    393.13543   1.40252963E-001
    393.44399   1.40119616E-001
    393.75256   1.39985073E-001
    394.06112   1.39849331E-001
    394.36968   1.39712392E-001
    394.67825   1.39574254E-001
    394.98681   1.39434919E-001
    395.29538   1.39294385E-001
    395.60394   1.39152654E-001
    395.91250   1.39009727E-001
    396.22107   1.38865603E-001
    396.52963   1.38720285E-001
    396.83820   1.38573774E-001
    397.14676   1.38426070E-001
    397.45533   1.38277177E-001
    397.76389   1.38127094E-001
    398.07245   1.37975826E-001
    398.38102   1.37823373E-001
    398.68958   1.37669738E-001
    398.99815   1.37514923E-001
    399.30671   1.37358932E-001
    399.61527   1.37201767E-001
    399.92384   1.37043432E-001
    400.23240   1.36883928E-001
    400.54097   1.36723261E-001
    400.84953   1.36561433E-001
    401.15809   1.36398447E-001
    401.46666   1.36234308E-001
    401.77522   1.36069020E-001
    402.08379   1.35902587E-001
    402.39235   1.35735012E-001
    402.70092   1.35566301E-001
    403.00948   1.35396457E-001
    403.31804   1.35225486E-001
    403.62661   1.35053392E-001
    403.93517   1.34880180E-001
    404.24374   1.34705855E-001
    404.55230   1.34530423E-001
    404.86086   1.34353888E-001
    405.16943   1.34176255E-001
    405.47799   1.33997531E-001
    405.78656   1.33817721E-001
    406.09512   1.33636830E-001
    406.40369   1.33454865E-001
    406.71225   1.33271831E-001
    407.02081   1.33087734E-001
    407.32938   1.32902581E-001
    407.63794   1.32716378E-001
    407.94651   1.32529130E-001
    408.25507   1.32340845E-001
    408.56363   1.32151529E-001
    408.87220   1.31961188E-001
    409.18076   1.31769829E-001
    409.48933   1.31577460E-001
    409.79789   1.31384086E-001
    410.10646   1.31189714E-001
    410.41502   1.30994353E-001
    410.72358   1.30798008E-001
    411.03215   1.30600687E-001
    411.34071   1.30402397E-001
    411.64928   1.30203145E-001
    411.95784   1.30002939E-001
    412.26640   1.29801786E-001
    412.57497   1.29599694E-001
    412.88353   1.29396670E-001
    413.19210   1.29192722E-001
    413.50066   1.28987858E-001
    413.80923   1.28782085E-001
    414.11779   1.28575410E-001
    414.42635   1.28367843E-001
    414.73492   1.28159390E-001
    415.04348   1.27950060E-001
    415.35205   1.27739860E-001
    415.66061   1.27528799E-001
    415.96917   1.27316885E-001
    416.27774   1.27104126E-001
    416.58630   1.26890530E-001
    416.89487   1.26676105E-001
    417.20343   1.26460859E-001
    417.51199   1.26244801E-001
    417.82056   1.26027939E-001
    418.12912   1.25810281E-001
    418.43769   1.25591836E-001
    418.74625   1.25372613E-001
    419.05482   1.25152618E-001
    419.36338   1.24931862E-001
    419.67194   1.24710352E-001
    419.98051   1.24488097E-001
    420.28907   1.24265106E-001
    420.59764   1.24041386E-001
    420.90620   1.23816947E-001
    421.21476   1.23591798E-001
    421.52333   1.23365946E-001
    421.83189   1.23139400E-001
    422.14046   1.22912170E-001
    422.44902   1.22684263E-001
    422.75759   1.22455689E-001
    423.06615   1.22226455E-001
    423.37471   1.21996571E-001
    423.68328   1.21766046E-001
    423.99184   1.21534887E-001
    424.30041   1.21303104E-001
    424.60897   1.21070706E-001
    424.91753   1.20837700E-001
    425.22610   1.20604097E-001
    425.53466   1.20369904E-001
    425.84323   1.20135130E-001
    426.15179   1.19899784E-001
    426.46036   1.19663875E-001
    426.76892   1.19427411E-001
    427.07748   1.19190402E-001
    427.38605   1.18952855E-001
    427.69461   1.18714779E-001
    428.00318   1.18476183E-001
    428.31174   1.18237076E-001
    428.62030   1.17997467E-001
    428.92887   1.17757364E-001
    429.23743   1.17516775E-001
    429.54600   1.17275709E-001
    429.85456   1.17034176E-001
    430.16312   1.16792183E-001
    430.47169   1.16549739E-001
    430.78025   1.16306853E-001
    431.08882   1.16063533E-001
    431.39738   1.15819788E-001
    431.70595   1.15575626E-001
    432.01451   1.15331055E-001
    432.32307   1.15086085E-001
    432.63164   1.14840724E-001
    432.94020   1.14594980E-001
    433.24877   1.14348861E-001
    433.55733   1.14102377E-001
    433.86589   1.13855534E-001
    434.17446   1.13608343E-001
    434.48302   1.13360810E-001
    434.79159   1.13112945E-001
    435.10015   1.12864755E-001
    435.40872   1.12616249E-001
    435.71728   1.12367435E-001
    436.02584   1.12118321E-001
    436.33441   1.11868916E-001
    436.64297   1.11619227E-001
    436.95154   1.11369262E-001
    437.26010   1.11119031E-001
    437.56866   1.10868540E-001
    437.87723   1.10617798E-001
    438.18579   1.10366812E-001
    438.49436   1.10115591E-001
    438.80292   1.09864143E-001
    439.11149   1.09612475E-001
    439.42005   1.09360596E-001
    439.72861   1.09108512E-001
    440.03718   1.08856233E-001
    440.34574   1.08603765E-001
    440.65431   1.08351116E-001
    440.96287   1.08098295E-001
    441.27143   1.07845308E-001
    441.58000   1.07592164E-001
    441.88856   1.07338869E-001
    442.19713   1.07085431E-001
    442.50569   1.06831859E-001
    442.81426   1.06578159E-001
    443.12282   1.06324338E-001
    443.43138   1.06070405E-001
    443.73995   1.05816366E-001
    444.04851   1.05562229E-001
    444.35708   1.05308000E-001
    444.66564   1.05053688E-001
    444.97420   1.04799300E-001
    445.28277   1.04544841E-001
    445.59133   1.04290321E-001
    445.89990   1.04035745E-001
    446.20846   1.03781120E-001
    446.51702   1.03526455E-001
    446.82559   1.03271755E-001
    447.13415   1.03017027E-001
    447.44272   1.02762279E-001
    447.75128   1.02507516E-001
    448.05985   1.02252747E-001
    448.36841   1.01997977E-001
    448.67697   1.01743214E-001
    448.98554   1.01488463E-001
    449.29410   1.01233731E-001
    449.60267   1.00979026E-001
    449.91123   1.00724353E-001
    450.21979   1.00469720E-001
    450.52836   1.00215131E-001
    450.83692   9.99605943E-002
    451.14549   9.97061156E-002
    451.45405   9.94517013E-002
    451.76262   9.91973574E-002
    452.07118   9.89430904E-002
    452.37974   9.86889062E-002
    452.68831   9.84348110E-002
    452.99687   9.81808109E-002
    453.30544   9.79269118E-002
    453.61400   9.76731198E-002
    453.92256   9.74194407E-002
    454.23113   9.71658804E-002
    454.53969   9.69124447E-002
    454.84826   9.66591394E-002
    455.15682   9.64059703E-002
    455.46539   9.61529431E-002
    455.77395   9.59000633E-002
    456.08251   9.56473366E-002
    456.39108   9.53947686E-002
    456.69964   9.51423648E-002
    457.00821   9.48901305E-002
    457.31677   9.46380713E-002
    457.62533   9.43861926E-002
    457.93390   9.41344995E-002
    458.24246   9.38829975E-002
    458.55103   9.36316917E-002
    458.85959   9.33805874E-002
    459.16816   9.31296897E-002
    459.47672   9.28790037E-002
    459.78528   9.26285344E-002
    460.09385   9.23782869E-002
    460.40241   9.21282661E-002
    460.71098   9.18784770E-002
    461.01954   9.16289243E-002
    461.32810   9.13796131E-002
    461.63667   9.11305479E-002
    461.94523   9.08817336E-002
    462.25380   9.06331748E-002
    462.56236   9.03848763E-002
    462.87092   9.01368425E-002
    463.17949   8.98890782E-002
    463.48805   8.96415877E-002
    463.79662   8.93943755E-002
    464.10518   8.91474461E-002
    464.41375   8.89008039E-002
    464.72231   8.86544532E-002
    465.03087   8.84083982E-002
    465.33944   8.81626433E-002
    465.64800   8.79171926E-002
    465.95657   8.76720503E-002
    466.26513   8.74272205E-002
    466.57369   8.71827073E-002
    466.88226   8.69385147E-002
    467.19082   8.66946467E-002
    467.49939   8.64511072E-002
    467.80795   8.62079002E-002
    468.11652   8.59650294E-002
    468.42508   8.57224988E-002
    468.73364   8.54803121E-002
    469.04221   8.52384729E-002
    469.35077   8.49969851E-002
    469.65934   8.47558522E-002
    469.96790   8.45150778E-002
    470.27646   8.42746655E-002
    470.58503   8.40346188E-002
    470.89359   8.37949412E-002
    471.20216   8.35556362E-002
    471.51072   8.33167070E-002
    471.81929   8.30781572E-002
    472.12785   8.28399899E-002
    472.43641   8.26022084E-002
    472.74498   8.23648160E-002
    473.05354   8.21278159E-002
    473.36211   8.18912113E-002
    473.67067   8.16550051E-002
    473.97923   8.14192005E-002
    474.28780   8.11838006E-002
    474.59636   8.09488082E-002
    474.90493   8.07142264E-002
    475.21349   8.04800581E-002
    475.52205   8.02463061E-002
    475.83062   8.00129733E-002
    476.13918   7.97800624E-002
    476.44775   7.95475762E-002
    476.75631   7.93155175E-002
    477.06488   7.90838889E-002
    477.37344   7.88526931E-002
    477.68200   7.86219325E-002
    477.99057   7.83916099E-002
    478.29913   7.81617278E-002
    478.60770   7.79322886E-002
    478.91626   7.77032947E-002
    479.22482   7.74747487E-002
    479.53339   7.72466528E-002
    479.84195   7.70190095E-002
    480.15052   7.67918209E-002
    480.45908   7.65650895E-002
    480.76765   7.63388174E-002
    481.07621   7.61130069E-002
    481.38477   7.58876600E-002
    481.69334   7.56627790E-002
    482.00190   7.54383659E-002
    482.31047   7.52144227E-002
    482.61903   7.49909516E-002
    482.92759   7.47679544E-002
    483.23616   7.45454332E-002
    483.54472   7.43233898E-002
    483.85329   7.41018263E-002
    484.16185   7.38807443E-002
    484.47042   7.36601457E-002
    484.77898   7.34400324E-002
    485.08754   7.32204060E-002
    485.39611   7.30012683E-002
    485.70467   7.27826210E-002
    486.01324   7.25644657E-002
    486.32180   7.23468041E-002
    486.63036   7.21296378E-002
    486.93893   7.19129683E-002
    487.24749   7.16967971E-002
    487.55606   7.14811258E-002
    487.86462   7.12659558E-002
    488.17319   7.10512885E-002
    488.48175   7.08371254E-002
    488.79031   7.06234678E-002
    489.09888   7.04103171E-002
    489.40744   7.01976746E-002
    489.71601   6.99855416E-002
    490.02457   6.97739193E-002
    490.33313   6.95628090E-002
    490.64170   6.93522118E-002
    490.95026   6.91421290E-002
    491.25883   6.89325616E-002
    491.56739   6.87235108E-002
    491.87595   6.85149777E-002
    492.18452   6.83069633E-002
    492.49308   6.80994687E-002
    492.80165   6.78924948E-002
    493.11021   6.76860426E-002
    493.41878   6.74801131E-002
    493.72734   6.72747072E-002
    494.03590   6.70698257E-002
    494.34447   6.68654696E-002
    494.65303   6.66616396E-002
    494.96160   6.64583367E-002
    495.27016   6.62555615E-002
    495.57872   6.60533149E-002
    495.88729   6.58515975E-002
    496.19585   6.56504102E-002
    496.50442   6.54497535E-002
    496.81298   6.52496281E-002
    497.12155   6.50500346E-002
    497.43011   6.48509738E-002
    497.73867   6.46524461E-002
    498.04724   6.44544521E-002
    498.35580   6.42569924E-002
    498.66437   6.40600674E-002
    498.97293   6.38636777E-002
    499.28149   6.36678237E-002
    499.59006   6.34725059E-002
    499.89862   6.32777247E-002
    500.20719   6.30834805E-002
    500.51575   6.28897736E-002
    500.82432   6.26966045E-002
    501.13288   6.25039734E-002
    501.44144   6.23118807E-002
    501.75001   6.21203266E-002
    502.05857   6.19293114E-002
    502.36714   6.17388354E-002
    502.67570   6.15488988E-002
    502.98426   6.13595018E-002
    503.29283   6.11706445E-002
    503.60139   6.09823272E-002
    503.90996   6.07945500E-002
    504.21852   6.06073129E-002
    504.52708   6.04206161E-002
    504.83565   6.02344597E-002
    505.14421   6.00488438E-002
    505.45278   5.98637683E-002
    505.76134   5.96792333E-002
    506.06991   5.94952389E-002
    506.37847   5.93117849E-002
    506.68703   5.91288714E-002
    506.99560   5.89464982E-002
    507.30416   5.87646655E-002
    507.61273   5.85833729E-002
    507.92129   5.84026205E-002
    508.22985   5.82224082E-002
    508.53842   5.80427357E-002
    508.84698   5.78636029E-002
    509.15555   5.76850096E-002
    509.46411   5.75069557E-002
    509.77268   5.73294410E-002
    510.08124   5.71524651E-002
    510.38980   5.69760279E-002
    510.69837   5.68001291E-002
    511.00693   5.66247685E-002
    511.31550   5.64499457E-002
    511.62406   5.62756604E-002
    511.93262   5.61019123E-002
    512.24119   5.59287011E-002
    512.54975   5.57560264E-002
    512.85832   5.55838878E-002
    513.16688   5.54122850E-002
    513.47545   5.52412176E-002
    513.78401   5.50706851E-002
    514.09257   5.49006871E-002
    514.40114   5.47312232E-002
    514.70970   5.45622929E-002
    515.01827   5.43938957E-002
    515.32683   5.42260313E-002
    515.63539   5.40586989E-002
    515.94396   5.38918983E-002
    516.25252   5.37256287E-002
    516.56109   5.35598898E-002
    516.86965   5.33946809E-002
    517.17822   5.32300014E-002
    517.48678   5.30658509E-002
    517.79534   5.29022286E-002
    518.10391   5.27391341E-002
    518.41247   5.25765666E-002
    518.72104   5.24145256E-002
    519.02960   5.22530105E-002
    519.33816   5.20920205E-002
    519.64673   5.19315550E-002
    519.95529   5.17716134E-002
    520.26386   5.16121949E-002
    520.57242   5.14532988E-002
    520.88098   5.12949245E-002
    521.18955   5.11370713E-002
    521.49811   5.09797383E-002
    521.80668   5.08229249E-002
    522.11524   5.06666304E-002
    522.42381   5.05108538E-002
    522.73237   5.03555946E-002
    523.04093   5.02008518E-002
    523.34950   5.00466248E-002
    523.65806   4.98929126E-002
    523.96663   4.97397146E-002
    524.27519   4.95870298E-002
    524.58375   4.94348575E-002
    524.89232   4.92831968E-002
    525.20088   4.91320468E-002
    525.50945   4.89814068E-002
    525.81801   4.88312757E-002
    526.12658   4.86816529E-002
    526.43514   4.85325373E-002
    526.74370   4.83839281E-002
    527.05227   4.82358244E-002
    527.36083   4.80882252E-002
    527.66940   4.79411298E-002
    527.97796   4.77945370E-002
    528.28652   4.76484461E-002
    528.59509   4.75028560E-002
    528.90365   4.73577658E-002
    529.21222   4.72131746E-002
    529.52078   4.70690813E-002
    529.82935   4.69254851E-002
    530.13791   4.67823849E-002
    530.44647   4.66397798E-002
    530.75504   4.64976688E-002
    531.06360   4.63560508E-002
    531.37217   4.62149249E-002
    531.68073   4.60742900E-002
    531.98929   4.59341451E-002
    532.29786   4.57944893E-002
    532.60642   4.56553214E-002
    532.91499   4.55166405E-002
    533.22355   4.53784454E-002
    533.53212   4.52407352E-002
    533.84068   4.51035088E-002
    534.14924   4.49667651E-002
    534.45781   4.48305031E-002
    534.76637   4.46947216E-002
    535.07494   4.45594196E-002
    535.38350   4.44245961E-002
    535.69206   4.42902499E-002
    536.00063   4.41563799E-002
    536.30919   4.40229851E-002
    536.61776   4.38900643E-002
    536.92632   4.37576165E-002
    537.23488   4.36256404E-002
    537.54345   4.34941350E-002
    537.85201   4.33630993E-002
    538.16058   4.32325319E-002
    538.46914   4.31024319E-002
    538.77771   4.29727980E-002
    539.08627   4.28436292E-002
    539.39483   4.27149243E-002
    539.70340   4.25866821E-002
    540.01196   4.24589015E-002
    540.32053   4.23315813E-002
    540.62909   4.22047204E-002
    540.93765   4.20783177E-002
    541.24622   4.19523718E-002
    541.55478   4.18268818E-002
    541.86335   4.17018463E-002
    542.17191   4.15772642E-002
    542.48048   4.14531344E-002
    542.78904   4.13294557E-002
    543.09760   4.12062268E-002
    543.40617   4.10834466E-002
    543.71473   4.09611139E-002
    544.02330   4.08392275E-002
    544.33186   4.07177861E-002
    544.64042   4.05967887E-002
    544.94899   4.04762339E-002
    545.25755   4.03561207E-002
    545.56612   4.02364476E-002
    545.87468   4.01172137E-002
    546.18325   3.99984176E-002
    546.49181   3.98800581E-002
    546.80037   3.97621341E-002
    547.10894   3.96446442E-002
    547.41750   3.95275873E-002
    547.72607   3.94109622E-002
    548.03463   3.92947676E-002
    548.34319   3.91790023E-002
    548.65176   3.90636650E-002
    548.96032   3.89487546E-002
    549.26889   3.88342698E-002
    549.57745   3.87202093E-002
    549.88601   3.86065720E-002
    550.19458   3.84933566E-002
    550.50314   3.83805618E-002
    550.81171   3.82681865E-002
    551.12027   3.81562293E-002
    551.42884   3.80446890E-002
    551.73740   3.79335645E-002
    552.04596   3.78228544E-002
    552.35453   3.77125575E-002
    552.66309   3.76026726E-002
    552.97166   3.74931983E-002
    553.28022   3.73841336E-002
    553.58878   3.72754770E-002
    553.89735   3.71672274E-002
    554.20591   3.70593836E-002
    554.51448   3.69519442E-002
    554.82304   3.68449080E-002
    555.13161   3.67382738E-002
    555.44017   3.66320402E-002
    555.74873   3.65262062E-002
    556.05730   3.64207704E-002
    556.36586   3.63157315E-002
    556.67443   3.62110883E-002
    556.98299   3.61068396E-002
    557.29155   3.60029841E-002
    557.60012   3.58995205E-002
    557.90868   3.57964476E-002
    558.21725   3.56937642E-002
    558.52581   3.55914690E-002
    558.83438   3.54895607E-002
    559.14294   3.53880381E-002
    559.45150   3.52868999E-002
    559.76007   3.51861449E-002
    560.06863   3.50857718E-002
    560.37720   3.49857794E-002
    560.68576   3.48861665E-002
    560.99432   3.47869317E-002
    561.30289   3.46880739E-002
    561.61145   3.45895918E-002
    561.92002   3.44914841E-002
    562.22858   3.43937496E-002
    562.53715   3.42963870E-002
    562.84571   3.41993951E-002
    563.15427   3.41027727E-002
    563.46284   3.40065185E-002
    563.77140   3.39106312E-002
    564.07997   3.38151097E-002
    564.38853   3.37199527E-002
    564.69709   3.36251589E-002
    565.00566   3.35307271E-002
    565.31422   3.34366561E-002
    565.62279   3.33429446E-002
    565.93135   3.32495914E-002
    566.23991   3.31565953E-002
    566.54848   3.30639550E-002
    566.85704   3.29716692E-002
    567.16561   3.28797369E-002
    567.47417   3.27881566E-002
    567.78274   3.26969273E-002
    568.09130   3.26060477E-002
    568.39986   3.25155165E-002
    568.70843   3.24253325E-002
    569.01699   3.23354945E-002
    569.32556   3.22460013E-002
    569.63412   3.21568517E-002
    569.94268   3.20680445E-002
    570.25125   3.19795783E-002
    570.55981   3.18914521E-002
    570.86838   3.18036646E-002
    571.17694   3.17162145E-002
    571.48551   3.16291008E-002
    571.79407   3.15423221E-002
    572.10263   3.14558773E-002
    572.41120   3.13697652E-002
    572.71976   3.12839845E-002
    573.02833   3.11985341E-002
    573.33689   3.11134127E-002
    573.64545   3.10286192E-002
    573.95402   3.09441524E-002
    574.26258   3.08600111E-002
    574.57115   3.07761940E-002
    574.87971   3.06927001E-002
    575.18828   3.06095280E-002
    575.49684   3.05266767E-002
    575.80540   3.04441449E-002
    576.11397   3.03619315E-002
    576.42253   3.02800353E-002
    576.73110   3.01984551E-002
    577.03966   3.01171898E-002
    577.34822   3.00362380E-002
    577.65679   2.99555988E-002
    577.96535   2.98752709E-002
    578.27392   2.97952532E-002
    578.58248   2.97155445E-002
    578.89104   2.96361436E-002
    579.19961   2.95570494E-002
    579.50817   2.94782607E-002
    579.81674   2.93997764E-002
    580.12530   2.93215954E-002
    580.43387   2.92437163E-002
    580.74243   2.91661383E-002
    581.05099   2.90888600E-002
    581.35956   2.90118803E-002
    581.66812   2.89351981E-002
    581.97669   2.88588123E-002
    582.28525   2.87827218E-002
    582.59381   2.87069253E-002
    582.90238   2.86314218E-002
    583.21094   2.85562101E-002
    583.51951   2.84812892E-002
    583.82807   2.84066579E-002
    584.13664   2.83323150E-002
    584.44520   2.82582595E-002
    584.75376   2.81844903E-002
    585.06233   2.81110062E-002
    585.37089   2.80378061E-002
    585.67946   2.79648890E-002
    585.98802   2.78922536E-002
    586.29658   2.78198991E-002
    586.60515   2.77478241E-002
    586.91371   2.76760276E-002
    587.22228   2.76045086E-002
    587.53084   2.75332660E-002
    587.83941   2.74622986E-002
    588.14797   2.73916054E-002
    588.45653   2.73211853E-002
    588.76510   2.72510372E-002
    589.07366   2.71811600E-002
    589.38223   2.71115527E-002
    589.69079   2.70422143E-002
    589.99935   2.69731435E-002
    590.30792   2.69043394E-002
    590.61648   2.68358010E-002
    590.92505   2.67675271E-002
    591.23361   2.66995166E-002
    591.54218   2.66317687E-002
    591.85074   2.65642821E-002
    592.15930   2.64970558E-002
    592.46787   2.64300889E-002
    592.77643   2.63633802E-002
    593.08500   2.62969287E-002
    593.39356   2.62307334E-002
    593.70212   2.61647933E-002
    594.01069   2.60991073E-002
    594.31925   2.60336743E-002
    594.62782   2.59684935E-002
    594.93638   2.59035637E-002
    595.24494   2.58388839E-002
    595.55351   2.57744532E-002
    595.86207   2.57102704E-002
    596.17064   2.56463347E-002
    596.47920   2.55826449E-002
    596.78777   2.55192001E-002
    597.09633   2.54559993E-002
    597.40489   2.53930415E-002
    597.71346   2.53303257E-002
    598.02202   2.52678509E-002
    598.33059   2.52056161E-002
    598.63915   2.51436203E-002
    598.94771   2.50818626E-002
    599.25628   2.50203419E-002
    599.56484   2.49590573E-002
    599.87341   2.48980079E-002
    600.18197   2.48371926E-002
    600.49054   2.47766105E-002
    600.79910   2.47162605E-002
    601.10766   2.46561419E-002
    601.41623   2.45962535E-002
    601.72479   2.45365945E-002
    602.03336   2.44771638E-002
    602.34192   2.44179606E-002
    602.65048   2.43589839E-002
    602.95905   2.43002328E-002
    603.26761   2.42417062E-002
    603.57618   2.41834033E-002
    603.88474   2.41253232E-002
    604.19331   2.40674649E-002
    604.50187   2.40098274E-002
    604.81043   2.39524099E-002
    605.11900   2.38952114E-002
    605.42756   2.38382311E-002
    605.73613   2.37814679E-002
    606.04469   2.37249210E-002
    606.35325   2.36685895E-002
    606.66182   2.36124725E-002
    606.97038   2.35565690E-002
    607.27895   2.35008782E-002
    607.58751   2.34453991E-002
    607.89607   2.33901309E-002
    608.20464   2.33350728E-002
    608.51320   2.32802236E-002
    608.82177   2.32255827E-002
    609.13033   2.31711492E-002
    609.43890   2.31169220E-002
    609.74746   2.30629005E-002
    610.05602   2.30090836E-002
    610.36459   2.29554705E-002
    610.67315   2.29020604E-002
    610.98172   2.28488524E-002
    611.29028   2.27958457E-002
    611.59884   2.27430393E-002
    611.90741   2.26904324E-002
    612.21597   2.26380242E-002
    612.52454   2.25858138E-002
    612.83310   2.25338003E-002
    613.14167   2.24819830E-002
    613.45023   2.24303610E-002
    613.75879   2.23789334E-002
    614.06736   2.23276995E-002
    614.37592   2.22766583E-002
    614.68449   2.22258091E-002
    614.99305   2.21751510E-002
    615.30161   2.21246832E-002
    615.61018   2.20744049E-002
    615.91874   2.20243153E-002
    616.22731   2.19744135E-002
    616.53587   2.19246988E-002
    616.84444   2.18751703E-002
    617.15300   2.18258273E-002
    617.46156   2.17766689E-002
    617.77013   2.17276943E-002
    618.07869   2.16789028E-002
    618.38726   2.16302935E-002
    618.69582   2.15818657E-002
    619.00438   2.15336186E-002
    619.31295   2.14855513E-002
    619.62151   2.14376632E-002
    619.93008   2.13899534E-002
    620.23864   2.13424211E-002
    620.54721   2.12950656E-002
    620.85577   2.12478862E-002
    621.16433   2.12008820E-002
    621.47290   2.11540522E-002
    621.78146   2.11073962E-002
    622.09003   2.10609132E-002
    622.39859   2.10146024E-002
    622.70715   2.09684630E-002
    623.01572   2.09224944E-002
    623.32428   2.08766957E-002
    623.63285   2.08310662E-002
    623.94141   2.07856052E-002
    624.24997   2.07403120E-002
    624.55854   2.06951858E-002
    624.86710   2.06502259E-002
    625.17567   2.06054315E-002
    625.48423   2.05608019E-002
    625.79280   2.05163364E-002
    626.10136   2.04720344E-002
    626.40992   2.04278950E-002
    626.71849   2.03839175E-002
    627.02705   2.03401013E-002
    627.33562   2.02964456E-002
    627.64418   2.02529497E-002
    627.95274   2.02096129E-002
    628.26131   2.01664346E-002
    628.56987   2.01234140E-002
    628.87844   2.00805504E-002
    629.18700   2.00378431E-002
    629.49557   1.99952915E-002
    629.80413   1.99528948E-002
    630.11269   1.99106525E-002
    630.42126   1.98685637E-002
    630.72982   1.98266278E-002
    631.03839   1.97848441E-002
    631.34695   1.97432121E-002
    631.65551   1.97017309E-002
    631.96408   1.96603999E-002
    632.27264   1.96192185E-002
    632.58121   1.95781860E-002
    632.88977   1.95373018E-002
    633.19834   1.94965651E-002
    633.50690   1.94559753E-002
    633.81546   1.94155319E-002
    634.12403   1.93752340E-002
    634.43259   1.93350812E-002
    634.74116   1.92950726E-002
    635.04972   1.92552078E-002
    635.35828   1.92154860E-002
    635.66685   1.91759067E-002
    635.97541   1.91364692E-002
    636.28398   1.90971728E-002
    636.59254   1.90580169E-002
    636.90111   1.90190010E-002
    637.20967   1.89801243E-002
    637.51823   1.89413863E-002
    637.82680   1.89027863E-002
    638.13536   1.88643238E-002
    638.44393   1.88259981E-002
    638.75249   1.87878086E-002
    639.06105   1.87497548E-002
    639.36962   1.87118359E-002
    639.67818   1.86740514E-002
    639.98675   1.86364007E-002
    640.29531   1.85988832E-002
    640.60387   1.85614983E-002
    640.91244   1.85242455E-002
    641.22100   1.84871240E-002
    641.52957   1.84501334E-002
    641.83813   1.84132731E-002
    642.14670   1.83765424E-002
    642.45526   1.83399408E-002
    642.76382   1.83034677E-002
    643.07239   1.82671226E-002
    643.38095   1.82309048E-002
    643.68952   1.81948139E-002
    643.99808   1.81588492E-002
    644.30664   1.81230101E-002
    644.61521   1.80872961E-002
    644.92377   1.80517067E-002
    645.23234   1.80162413E-002
    645.54090   1.79808993E-002
    645.84947   1.79456802E-002
    646.15803   1.79105834E-002
    646.46659   1.78756084E-002
    646.77516   1.78407547E-002
    647.08372   1.78060216E-002
    647.39229   1.77714087E-002
    647.70085   1.77369154E-002
    648.00941   1.77025412E-002
    648.31798   1.76682855E-002
    648.62654   1.76341478E-002
    648.93511   1.76001276E-002
    649.24367   1.75662244E-002
    649.55224   1.75324376E-002
    649.86080   1.74987667E-002
    650.16936   1.74652112E-002
    650.47793   1.74317706E-002
    650.78649   1.73984443E-002
    651.09506   1.73652319E-002
    651.40362   1.73321328E-002
    651.71218   1.72991465E-002
    652.02075   1.72662726E-002
    652.32931   1.72335104E-002
    652.63788   1.72008596E-002
    652.94644   1.71683196E-002
    653.25500   1.71358899E-002
    653.56357   1.71035700E-002
    653.87213   1.70713595E-002
    654.18070   1.70392577E-002
    654.48926   1.70072644E-002
    654.79783   1.69753789E-002
    655.10639   1.69436007E-002
    655.41495   1.69119295E-002
    655.72352   1.68803647E-002
    656.03208   1.68489058E-002
    656.34065   1.68175523E-002
    656.64921   1.67863039E-002
    656.95777   1.67551600E-002
    657.26634   1.67241201E-002
    657.57490   1.66931838E-002
    657.88347   1.66623506E-002
    658.19203   1.66316200E-002
    658.50060   1.66009917E-002
    658.80916   1.65704651E-002
    659.11772   1.65400397E-002
    659.42629   1.65097152E-002
    659.73485   1.64794910E-002
    660.04342   1.64493668E-002
    660.35198   1.64193420E-002
    660.66054   1.63894163E-002
    660.96911   1.63595891E-002
    661.27767   1.63298601E-002
    661.58624   1.63002287E-002
    661.89480   1.62706946E-002
    662.20337   1.62412573E-002
    662.51193   1.62119164E-002
    662.82049   1.61826715E-002
    663.12906   1.61535221E-002
    663.43762   1.61244678E-002
    663.74619   1.60955081E-002
    664.05475   1.60666427E-002
    664.36331   1.60378711E-002
    664.67188   1.60091929E-002
    664.98044   1.59806077E-002
    665.28901   1.59521150E-002
    665.59757   1.59237145E-002
    665.90614   1.58954057E-002
    666.21470   1.58671882E-002
    666.52326   1.58390617E-002
    666.83183   1.58110257E-002
    667.14039   1.57830797E-002
    667.44896   1.57552235E-002
    667.75752   1.57274565E-002
    668.06608   1.56997785E-002
    668.37465   1.56721889E-002
    668.68321   1.56446875E-002
    668.99178   1.56172737E-002
    669.30034   1.55899473E-002
    669.60890   1.55627078E-002
    669.91747   1.55355548E-002
    670.22603   1.55084880E-002
    670.53460   1.54815070E-002
    670.84316   1.54546113E-002
    671.15173   1.54278006E-002
    671.46029   1.54010745E-002
    671.76885   1.53744327E-002
    672.07742   1.53478747E-002
    672.38598   1.53214002E-002
    672.69455   1.52950089E-002
    673.00311   1.52687003E-002
    673.31167   1.52424740E-002
    673.62024   1.52163298E-002
    673.92880   1.51902672E-002
    674.23737   1.51642859E-002
    674.54593   1.51383854E-002
    674.85450   1.51125656E-002
    675.16306   1.50868259E-002
    675.47162   1.50611661E-002
    675.78019   1.50355858E-002
    676.08875   1.50100845E-002
    676.39732   1.49846621E-002
    676.70588   1.49593181E-002
    677.01444   1.49340521E-002
    677.32301   1.49088639E-002
    677.63157   1.48837531E-002
    677.94014   1.48587193E-002
    678.24870   1.48337622E-002
    678.55727   1.48088814E-002
    678.86583   1.47840767E-002
    679.17439   1.47593476E-002
    679.48296   1.47346939E-002
    679.79152   1.47101152E-002
    680.10009   1.46856112E-002
    680.40865   1.46611815E-002
    680.71721   1.46368258E-002
    681.02578   1.46125438E-002
    681.33434   1.45883351E-002
    681.64291   1.45641995E-002
    681.95147   1.45401366E-002
    682.26003   1.45161461E-002
    682.56860   1.44922276E-002
    682.87716   1.44683809E-002
    683.18573   1.44446056E-002
    683.49429   1.44209015E-002
    683.80286   1.43972681E-002
    684.11142   1.43737052E-002
    684.41998   1.43502125E-002
    684.72855   1.43267897E-002
    685.03711   1.43034364E-002
    685.34568   1.42801524E-002
    685.65424   1.42569373E-002
    685.96280   1.42337908E-002
    686.27137   1.42107127E-002
    686.57993   1.41877027E-002
    686.88850   1.41647603E-002
    687.19706   1.41418854E-002
    687.50563   1.41190777E-002
    687.81419   1.40963368E-002
    688.12275   1.40736624E-002
    688.43132   1.40510543E-002
    688.73988   1.40285122E-002
    689.04845   1.40060357E-002
    689.35701   1.39836247E-002
    689.66557   1.39612787E-002
    689.97414   1.39389976E-002
    690.28270   1.39167810E-002
    690.59127   1.38946287E-002
    690.89983   1.38725403E-002
    691.20840   1.38505156E-002
    691.51696   1.38285543E-002
    691.82552   1.38066562E-002
    692.13409   1.37848209E-002
    692.44265   1.37630482E-002
    692.75122   1.37413378E-002
    693.05978   1.37196895E-002
    693.36834   1.36981029E-002
    693.67691   1.36765778E-002
    693.98547   1.36551140E-002
    694.29404   1.36337111E-002
    694.60260   1.36123689E-002
    694.91117   1.35910871E-002
    695.21973   1.35698655E-002
    695.52829   1.35487038E-002
    695.83686   1.35276018E-002
    696.14542   1.35065592E-002
    696.45399   1.34855757E-002
    696.76255   1.34646510E-002
    697.07111   1.34437850E-002
    697.37968   1.34229774E-002
    697.68824   1.34022278E-002
    697.99681   1.33815361E-002
    698.30537   1.33609021E-002
    698.61393   1.33403254E-002
    698.92250   1.33198058E-002
    699.23106   1.32993431E-002
    699.53963   1.32789370E-002
    699.84819   1.32585872E-002
    700.15676   1.32382936E-002
    700.46532   1.32180559E-002
    700.77388   1.31978739E-002
    701.08245   1.31777472E-002
    701.39101   1.31576758E-002
    701.69958   1.31376592E-002
    702.00814   1.31176974E-002
    702.31670   1.30977900E-002
    702.62527   1.30779369E-002
    702.93383   1.30581378E-002
    703.24240   1.30383924E-002
    703.55096   1.30187006E-002
    703.85953   1.29990620E-002
    704.16809   1.29794766E-002
    704.47665   1.29599440E-002
    704.78522   1.29404640E-002
    705.09378   1.29210364E-002
    705.40235   1.29016610E-002
    705.71091   1.28823376E-002
    706.01947   1.28630659E-002
    706.32804   1.28438457E-002
    706.63660   1.28246768E-002
    706.94517   1.28055590E-002
    707.25373   1.27864920E-002
    707.56230   1.27674757E-002
    707.87086   1.27485098E-002
    708.17942   1.27295941E-002
    708.48799   1.27107284E-002
    708.79655   1.26919125E-002
    709.10512   1.26731462E-002
    709.41368   1.26544292E-002
    709.72224   1.26357614E-002
    710.03081   1.26171426E-002
    710.33937   1.25985725E-002
    710.64794   1.25800509E-002
    710.95650   1.25615777E-002
    711.26507   1.25431526E-002
    711.57363   1.25247754E-002
    711.88219   1.25064459E-002
    712.19076   1.24881640E-002
    712.49932   1.24699294E-002
    712.80789   1.24517420E-002
    713.11645   1.24336014E-002
    713.42501   1.24155076E-002
    713.73358   1.23974603E-002
    714.04214   1.23794594E-002
    714.35071   1.23615046E-002
    714.65927   1.23435958E-002
    714.96783   1.23257327E-002
    715.27640   1.23079152E-002
    715.58496   1.22901431E-002
    715.89353   1.22724162E-002
    716.20209   1.22547343E-002
    716.51066   1.22370972E-002
    716.81922   1.22195047E-002
    717.12778   1.22019567E-002
    717.43635   1.21844529E-002
    717.74491   1.21669933E-002
    718.05348   1.21495775E-002
    718.36204   1.21322054E-002
    718.67060   1.21148768E-002
    718.97917   1.20975917E-002
    719.28773   1.20803496E-002
    719.59630   1.20631506E-002
    719.90486   1.20459944E-002
    720.21343   1.20288809E-002
    720.52199   1.20118098E-002
    720.83055   1.19947810E-002
    721.13912   1.19777943E-002
    721.44768   1.19608495E-002
    721.75625   1.19439466E-002
    722.06481   1.19270852E-002
    722.37337   1.19102653E-002
    722.68194   1.18934866E-002
    722.99050   1.18767490E-002
    723.29907   1.18600523E-002
    723.60763   1.18433964E-002
    723.91620   1.18267811E-002
    724.22476   1.18102062E-002
    724.53332   1.17936716E-002
    724.84189   1.17771771E-002
    725.15045   1.17607225E-002
    725.45902   1.17443077E-002
    725.76758   1.17279325E-002
    726.07614   1.17115967E-002
    726.38471   1.16953003E-002
    726.69327   1.16790430E-002
    727.00184   1.16628246E-002
    727.31040   1.16466451E-002
    727.61896   1.16305042E-002
    727.92753   1.16144018E-002
    728.23609   1.15983378E-002
    728.54466   1.15823120E-002
    728.85322   1.15663242E-002
    729.16179   1.15503743E-002
    729.47035   1.15344621E-002
    729.77891   1.15185876E-002
    730.08748   1.15027504E-002
    730.39604   1.14869506E-002
    730.70461   1.14711879E-002
    731.01317   1.14554621E-002
    731.32173   1.14397732E-002
    731.63030   1.14241211E-002
    731.93886   1.14085054E-002
    732.24743   1.13929262E-002
    732.55599   1.13773832E-002
    732.86456   1.13618763E-002
    733.17312   1.13464054E-002
    733.48168   1.13309704E-002
    733.79025   1.13155710E-002
    734.09881   1.13002072E-002
    734.40738   1.12848788E-002
    734.71594   1.12695856E-002
    735.02450   1.12543276E-002
    735.33307   1.12391045E-002
    735.64163   1.12239163E-002
    735.95020   1.12087629E-002
    736.25876   1.11936440E-002
    736.56733   1.11785595E-002
    736.87589   1.11635094E-002
    737.18445   1.11484934E-002
    737.49302   1.11335115E-002
    737.80158   1.11185635E-002
    738.11015   1.11036492E-002
    738.41871   1.10887686E-002
    738.72727   1.10739216E-002
    739.03584   1.10591078E-002
    739.34440   1.10443274E-002
    739.65297   1.10295801E-002
    739.96153   1.10148658E-002
    740.27010   1.10001843E-002
    740.57866   1.09855356E-002
    740.88722   1.09709195E-002
    741.19579   1.09563359E-002
    741.50435   1.09417846E-002
    741.81292   1.09272656E-002
    742.12148   1.09127787E-002
    742.43004   1.08983238E-002
    742.73861   1.08839008E-002
    743.04717   1.08695095E-002
    743.35574   1.08551499E-002
    743.66430   1.08408217E-002
    743.97286   1.08265249E-002
    744.28143   1.08122595E-002
    744.58999   1.07980251E-002
    744.89856   1.07838218E-002
    745.20712   1.07696494E-002
    745.51569   1.07555078E-002
    745.82425   1.07413968E-002
    746.13281   1.07273164E-002
    746.44138   1.07132665E-002
    746.74994   1.06992469E-002
    747.05851   1.06852575E-002
    747.36707   1.06712982E-002
    747.67563   1.06573689E-002
    747.98420   1.06434695E-002
    748.29276   1.06295998E-002
    748.60133   1.06157598E-002
    748.90989   1.06019493E-002
    749.21846   1.05881683E-002
    749.52702   1.05744166E-002
    749.83558   1.05606940E-002
    750.14415   1.05470006E-002
    750.45271   1.05333362E-002
    750.76128   1.05197007E-002
    751.06984   1.05060939E-002
    751.37840   1.04925158E-002
    751.68697   1.04789663E-002
    751.99553   1.04654453E-002
    752.30410   1.04519526E-002
    752.61266   1.04384881E-002
    752.92123   1.04250518E-002
    753.22979   1.04116435E-002
    753.53835   1.03982632E-002
    753.84692   1.03849107E-002
    754.15548   1.03715859E-002
    754.46405   1.03582888E-002
    754.77261   1.03450192E-002
    755.08117   1.03317771E-002
    755.38974   1.03185622E-002
    755.69830   1.03053746E-002
    756.00687   1.02922142E-002
    756.31543   1.02790807E-002
    756.62399   1.02659742E-002
    756.93256   1.02528945E-002
    757.24112   1.02398416E-002
    757.54969   1.02268153E-002
    757.85825   1.02138156E-002
    758.16682   1.02008423E-002
    758.47538   1.01878954E-002
    758.78394   1.01749747E-002
    759.09251   1.01620802E-002
    759.40107   1.01492118E-002
    759.70964   1.01363694E-002
    760.01820   1.01235528E-002
    760.32676   1.01107620E-002
    760.63533   1.00979970E-002
    760.94389   1.00852575E-002
    761.25246   1.00725436E-002
    761.56102   1.00598551E-002
    761.86959   1.00471919E-002
    762.17815   1.00345540E-002
    762.48671   1.00219413E-002
    762.79528   1.00093536E-002
    763.10384   9.99679088E-003
    763.41241   9.98425307E-003
    763.72097   9.97174007E-003
    764.02953   9.95925179E-003
    764.33810   9.94678813E-003
    764.64666   9.93434903E-003
    764.95523   9.92193438E-003
    765.26379   9.90954411E-003
    765.57236   9.89717813E-003
    765.88092   9.88483635E-003
    766.18948   9.87251869E-003
    766.49805   9.86022507E-003
    766.80661   9.84795540E-003
    767.11518   9.83570961E-003
    767.42374   9.82348759E-003
    767.73230   9.81128929E-003
    768.04087   9.79911461E-003
    768.34943   9.78696347E-003
    768.65800   9.77483579E-003
    768.96656   9.76273149E-003
    769.27513   9.75065049E-003
    769.58369   9.73859271E-003
    769.89225   9.72655807E-003
    770.20082   9.71454649E-003
    770.50938   9.70255790E-003
    770.81795   9.69059221E-003
    771.12651   9.67864934E-003
    771.43507   9.66672923E-003
    771.74364   9.65483179E-003
    772.05220   9.64295694E-003
    772.36077   9.63110461E-003
    772.66933   9.61927472E-003
    772.97789   9.60746720E-003
    773.28646   9.59568197E-003
    773.59502   9.58391896E-003
    773.90359   9.57217809E-003
    774.21215   9.56045929E-003
    774.52072   9.54876248E-003
    774.82928   9.53708759E-003
    775.13784   9.52543455E-003
    775.44641   9.51380328E-003
    775.75497   9.50219371E-003
    776.06354   9.49060578E-003
    776.37210   9.47903940E-003
    776.68066   9.46749451E-003
    776.98923   9.45597103E-003
    777.29779   9.44446890E-003
    777.60636   9.43298804E-003
    777.91492   9.42152839E-003
    778.22349   9.41008987E-003
    778.53205   9.39867241E-003
    778.84061   9.38727595E-003
    779.14918   9.37590042E-003
    779.45774   9.36454575E-003
    779.76631   9.35321187E-003
    780.07487   9.34189871E-003
    780.38343   9.33060621E-003
    780.69200   9.31933429E-003
    781.00056   9.30808290E-003
    781.30913   9.29685197E-003
    781.61769   9.28564142E-003
    781.92626   9.27445119E-003
    782.23482   9.26328123E-003
    782.54338   9.25213145E-003
    782.85195   9.24100181E-003
    783.16051   9.22989223E-003
    783.46908   9.21880264E-003
    783.77764   9.20773299E-003
    784.08620   9.19668322E-003
    784.39477   9.18565325E-003
    784.70333   9.17464302E-003
    785.01190   9.16365248E-003
    785.32046   9.15268156E-003
    785.62902   9.14173020E-003
    785.93759   9.13079833E-003
    786.24615   9.11988589E-003
    786.55472   9.10899283E-003
    786.86328   9.09811909E-003
    787.17185   9.08726459E-003
    787.48041   9.07642928E-003
    787.78897   9.06561311E-003
    788.09754   9.05481600E-003
    788.40610   9.04403791E-003
    788.71467   9.03327877E-003
    789.02323   9.02253852E-003
    789.33179   9.01181711E-003
    789.64036   9.00111447E-003
    789.94892   8.99043055E-003
    790.25749   8.97976530E-003
    790.56605   8.96911864E-003
    790.87462   8.95849053E-003
    791.18318   8.94788091E-003
    791.49174   8.93728972E-003
    791.80031   8.92671690E-003
    792.10887   8.91616240E-003
    792.41744   8.90562617E-003
    792.72600   8.89510814E-003
    793.03456   8.88460826E-003
    793.34313   8.87412648E-003
    793.65169   8.86366274E-003
    793.96026   8.85321699E-003
    794.26882   8.84278916E-003
    794.57739   8.83237922E-003
    794.88595   8.82198710E-003
    795.19451   8.81161275E-003
    795.50308   8.80125612E-003
    795.81164   8.79091715E-003
    796.12021   8.78059579E-003
    796.42877   8.77029199E-003
    796.73733   8.76000569E-003
    797.04590   8.74973685E-003
    797.35446   8.73948541E-003
    797.66303   8.72925132E-003
    797.97159   8.71903453E-003
    798.28016   8.70883498E-003
    798.58872   8.69865263E-003
    798.89728   8.68848743E-003
    799.20585   8.67833932E-003
    799.51441   8.66820825E-003
    799.82298   8.65809418E-003
    800.13154   8.64799706E-003
    800.44010   8.63791682E-003
    800.74867   8.62785344E-003
    801.05723   8.61780685E-003
    801.36580   8.60777701E-003
    801.67436   8.59776386E-003
    801.98292   8.58776737E-003
    802.29149   8.57778748E-003
    802.60005   8.56782414E-003
    802.90862   8.55787731E-003
    803.21718   8.54794693E-003
    803.52575   8.53803297E-003
    803.83431   8.52813537E-003
    804.14287   8.51825409E-003
    804.45144   8.50838908E-003
    804.76000   8.49854030E-003
    805.06857   8.48870769E-003
    805.37713   8.47889121E-003
    805.68569   8.46909082E-003
    805.99426   8.45930647E-003
    806.30282   8.44953811E-003
    806.61139   8.43978571E-003
    806.91995   8.43004920E-003
    807.22852   8.42032856E-003
    807.53708   8.41062373E-003
    807.84564   8.40093467E-003
    808.15421   8.39126134E-003
    808.46277   8.38160369E-003
    808.77134   8.37196167E-003
    809.07990   8.36233526E-003
    809.38846   8.35272439E-003
    809.69703   8.34312903E-003
    810.00559   8.33354914E-003
    810.31416   8.32398466E-003
    810.62272   8.31443557E-003
    810.93129   8.30490182E-003
    811.23985   8.29538335E-003
    811.54841   8.28588015E-003
    811.85698   8.27639215E-003
    812.16554   8.26691932E-003
    812.47411   8.25746162E-003
    812.78267   8.24801900E-003
    813.09123   8.23859143E-003
    813.39980   8.22917886E-003
    813.70836   8.21978126E-003
    814.01693   8.21039858E-003
    814.32549   8.20103078E-003
    814.63406   8.19167782E-003
    814.94262   8.18233966E-003
    815.25118   8.17301627E-003
    815.55975   8.16370760E-003
    815.86831   8.15441361E-003
    816.17688   8.14513426E-003
    816.48544   8.13586952E-003
    816.79400   8.12661935E-003
    817.10257   8.11738370E-003
    817.41113   8.10816253E-003
    817.71970   8.09895582E-003
    818.02826   8.08976351E-003
    818.33682   8.08058558E-003
    818.64539   8.07142199E-003
    818.95395   8.06227269E-003
    819.26252   8.05313765E-003
    819.57108   8.04401683E-003
    819.87965   8.03491020E-003
    820.18821   8.02581771E-003
    820.49677   8.01673933E-003
    820.80534   8.00767503E-003
    821.11390   7.99862476E-003
    821.42247   7.98958849E-003
    821.73103   7.98056619E-003
    822.03959   7.97155781E-003
    822.34816   7.96256333E-003
    822.65672   7.95358270E-003
    822.96529   7.94461589E-003
    823.27385   7.93566286E-003
    823.58242   7.92672359E-003
    823.89098   7.91779802E-003
    824.19954   7.90888614E-003
    824.50811   7.89998790E-003
    824.81667   7.89110326E-003
    825.12524   7.88223221E-003
    825.43380   7.87337469E-003
    825.74236   7.86453067E-003
    826.05093   7.85570013E-003
    826.35949   7.84688302E-003
    826.66806   7.83807932E-003
    826.97662   7.82928898E-003
    827.28519   7.82051198E-003
    827.59375   7.81174829E-003
    827.90231   7.80299786E-003
    828.21088   7.79426066E-003
    828.51944   7.78553667E-003
    828.82801   7.77682585E-003
    829.13657   7.76812817E-003
    829.44513   7.75944358E-003
    829.75370   7.75077207E-003
    830.06226   7.74211360E-003
    830.37083   7.73346814E-003
    830.67939   7.72483565E-003
    830.98795   7.71621610E-003
    831.29652   7.70760947E-003
    831.60508   7.69901571E-003
    831.91365   7.69043480E-003
    832.22221   7.68186671E-003
    832.53078   7.67331140E-003
    832.83934   7.66476885E-003
    833.14790   7.65623901E-003
    833.45647   7.64772187E-003
    833.76503   7.63921739E-003
    834.07360   7.63072555E-003
    834.38216   7.62224630E-003
    834.69072   7.61377962E-003
    834.99929   7.60532548E-003
    835.30785   7.59688385E-003
    835.61642   7.58845470E-003
    835.92498   7.58003799E-003
    836.23355   7.57163371E-003
    836.54211   7.56324182E-003
    836.85067   7.55486228E-003
    837.15924   7.54649508E-003
    837.46780   7.53814018E-003
    837.77637   7.52979755E-003
    838.08493   7.52146717E-003
    838.39349   7.51314900E-003
    838.70206   7.50484301E-003
    839.01062   7.49654918E-003
    839.31919   7.48826748E-003
    839.62775   7.47999788E-003
    839.93632   7.47174035E-003
    840.24488   7.46349487E-003
    840.55344   7.45526140E-003
    840.86201   7.44703992E-003
    841.17057   7.43883039E-003
    841.47914   7.43063280E-003
    841.78770   7.42244712E-003
    842.09626   7.41427331E-003
    842.40483   7.40611134E-003
    842.71339   7.39796121E-003
    843.02196   7.38982286E-003
    843.33052   7.38169628E-003
    843.63909   7.37358145E-003
    843.94765   7.36547832E-003
    844.25621   7.35738688E-003
    844.56478   7.34930711E-003
    844.87334   7.34123897E-003
    845.18191   7.33318243E-003
    845.49047   7.32513748E-003
    845.79903   7.31710408E-003
    846.10760   7.30908220E-003
    846.41616   7.30107183E-003
    846.72473   7.29307294E-003
    847.03329   7.28508550E-003
    847.34185   7.27710948E-003
    847.65042   7.26914486E-003
    847.95898   7.26119162E-003
    848.26755   7.25324973E-003
    848.57611   7.24531915E-003
    848.88468   7.23739988E-003
    849.19324   7.22949188E-003
    849.50180   7.22159512E-003
    849.81037   7.21370959E-003
    850.11893   7.20583526E-003
    850.42750   7.19797210E-003
    850.73606   7.19012009E-003
    851.04462   7.18227921E-003
    851.35319   7.17444942E-003
    851.66175   7.16663071E-003
    851.97032   7.15882305E-003
    852.27888   7.15102641E-003
    852.58745   7.14324078E-003
    852.89601   7.13546613E-003
    853.20457   7.12770244E-003
    853.51314   7.11994967E-003
    853.82170   7.11220781E-003
    854.13027   7.10447684E-003
    854.43883   7.09675673E-003
    854.74739   7.08904745E-003
    855.05596   7.08134899E-003
    855.36452   7.07366132E-003
    855.67309   7.06598442E-003
    855.98165   7.05831826E-003
    856.29022   7.05066282E-003
    856.59878   7.04301808E-003
    856.90734   7.03538401E-003
    857.21591   7.02776060E-003
    857.52447   7.02014782E-003
    857.83304   7.01254565E-003
    858.14160   7.00495406E-003
    858.45016   6.99737304E-003
    858.75873   6.98980255E-003
    859.06729   6.98224259E-003
    859.37586   6.97469312E-003
    859.68442   6.96715413E-003
    859.99298   6.95962558E-003
    860.30155   6.95210747E-003
    860.61011   6.94459977E-003
    860.91868   6.93710245E-003
    861.22724   6.92961550E-003
    861.53581   6.92213890E-003
    861.84437   6.91467261E-003
    862.15293   6.90721663E-003
    862.46150   6.89977092E-003
    862.77006   6.89233548E-003
    863.07863   6.88491027E-003
    863.38719   6.87749528E-003
    863.69575   6.87009048E-003
    864.00432   6.86269586E-003
    864.31288   6.85531139E-003
    864.62145   6.84793706E-003
    864.93001   6.84057283E-003
    865.23858   6.83321870E-003
    865.54714   6.82587464E-003
    865.85570   6.81854063E-003
    866.16427   6.81121665E-003
    866.47283   6.80390267E-003
    866.78140   6.79659869E-003
    867.08996   6.78930468E-003
    867.39852   6.78202062E-003
    867.70709   6.77474648E-003
    868.01565   6.76748226E-003
    868.32422   6.76022792E-003
    868.63278   6.75298345E-003
    868.94135   6.74574884E-003
    869.24991   6.73852405E-003
    869.55847   6.73130907E-003
    869.86704   6.72410389E-003
    870.17560   6.71690848E-003
    870.48417   6.70972281E-003
    870.79273   6.70254689E-003
    871.10129   6.69538067E-003
    871.40986   6.68822415E-003
    871.71842   6.68107731E-003
    872.02699   6.67394012E-003
    872.33555   6.66681256E-003
    872.64412   6.65969463E-003
    872.95268   6.65258630E-003
    873.26124   6.64548754E-003
    873.56981   6.63839835E-003
    873.87837   6.63131871E-003
    874.18694   6.62424858E-003
    874.49550   6.61718797E-003
    874.80406   6.61013684E-003
    875.11263   6.60309518E-003
    875.42119   6.59606297E-003
    875.72976   6.58904020E-003
    876.03832   6.58202683E-003
    876.34688   6.57502287E-003
    876.65545   6.56802828E-003
    876.96401   6.56104306E-003
    877.27258   6.55406718E-003
    877.58114   6.54710062E-003
    877.88971   6.54014337E-003
    878.19827   6.53319540E-003
    878.50683   6.52625671E-003
    878.81540   6.51932727E-003
    879.12396   6.51240707E-003
    879.43253   6.50549609E-003
    879.74109   6.49859431E-003
    880.04965   6.49170171E-003
    880.35822   6.48481827E-003
    880.66678   6.47794399E-003
    880.97535   6.47107884E-003
    881.28391   6.46422280E-003
    881.59248   6.45737586E-003
    881.90104   6.45053800E-003
    882.20960   6.44370921E-003
    882.51817   6.43688946E-003
    882.82673   6.43007874E-003
    883.13530   6.42327703E-003
    883.44386   6.41648432E-003
    883.75242   6.40970059E-003
    884.06099   6.40292582E-003
    884.36955   6.39615999E-003
    884.67812   6.38940310E-003
    884.98668   6.38265512E-003
    885.29525   6.37591603E-003
    885.60381   6.36918583E-003
    885.91237   6.36246449E-003
    886.22094   6.35575200E-003
    886.52950   6.34904833E-003
    886.83807   6.34235349E-003
    887.14663   6.33566744E-003
    887.45519   6.32899017E-003
    887.76376   6.32232167E-003
    888.07232   6.31566192E-003
    888.38089   6.30901091E-003
    888.68945   6.30236862E-003
    888.99802   6.29573502E-003
    889.30658   6.28911012E-003
    889.61514   6.28249389E-003
    889.92371   6.27588631E-003
    890.23227   6.26928738E-003
    890.54084   6.26269707E-003
    890.84940   6.25611537E-003
    891.15796   6.24954226E-003
    891.46653   6.24297773E-003
    891.77509   6.23642176E-003
    892.08366   6.22987434E-003
    892.39222   6.22333546E-003
    892.70078   6.21680509E-003
    893.00935   6.21028322E-003
    893.31791   6.20376984E-003
    893.62648   6.19726494E-003
    893.93504   6.19076849E-003
    894.24361   6.18428048E-003
    894.55217   6.17780089E-003
    894.86073   6.17132972E-003
    895.16930   6.16486695E-003
    895.47786   6.15841256E-003
    895.78643   6.15196654E-003
    896.09499   6.14552887E-003
    896.40355   6.13909954E-003
    896.71212   6.13267853E-003
    897.02068   6.12626583E-003
    897.32925   6.11986142E-003
    897.63781   6.11346530E-003
    897.94638   6.10707744E-003
    898.25494   6.10069783E-003
    898.56350   6.09432646E-003
    898.87207   6.08796331E-003
    899.18063   6.08160837E-003
    899.48920   6.07526162E-003
    899.79776   6.06892306E-003
    900.10632   6.06259266E-003
    900.41489   6.05627041E-003
    900.72345   6.04995630E-003
    901.03202   6.04365031E-003
    901.34058   6.03735243E-003
    901.64915   6.03106265E-003
    901.95771   6.02478094E-003
    902.26627   6.01850731E-003
    902.57484   6.01224173E-003
    902.88340   6.00598419E-003
    903.19197   5.99973468E-003
    903.50053   5.99349318E-003
    903.80909   5.98725968E-003
    904.11766   5.98103416E-003
    904.42622   5.97481662E-003
    904.73479   5.96860704E-003
    905.04335   5.96240540E-003
    905.35191   5.95621169E-003
    905.66048   5.95002590E-003
    905.96904   5.94384802E-003
    906.27761   5.93767803E-003
    906.58617   5.93151591E-003
    906.89474   5.92536166E-003
    907.20330   5.91921527E-003
    907.51186   5.91307671E-003
    907.82043   5.90694597E-003
    908.12899   5.90082305E-003
    908.43756   5.89470793E-003
    908.74612   5.88860060E-003
    909.05468   5.88250104E-003
    909.36325   5.87640924E-003
    909.67181   5.87032518E-003
    909.98038   5.86424886E-003
    910.28894   5.85818027E-003
    910.59751   5.85211938E-003
    910.90607   5.84606619E-003
    911.21463   5.84002068E-003
    911.52320   5.83398284E-003
    911.83176   5.82795266E-003
    912.14033   5.82193013E-003
    912.44889   5.81591523E-003
    912.75745   5.80990794E-003
    913.06602   5.80390827E-003
    913.37458   5.79791619E-003
    913.68315   5.79193170E-003
    913.99171   5.78595478E-003
    914.30028   5.77998541E-003
    914.60884   5.77402359E-003
    914.91740   5.76806931E-003
    915.22597   5.76212254E-003
    915.53453   5.75618328E-003
    915.84310   5.75025153E-003
    916.15166   5.74432725E-003
    916.46022   5.73841045E-003
    916.76879   5.73250111E-003
    917.07735   5.72659921E-003
    917.38592   5.72070476E-003
    917.69448   5.71481772E-003
    918.00305   5.70893810E-003
    918.31161   5.70306588E-003
    918.62017   5.69720105E-003
    918.92874   5.69134359E-003
    919.23730   5.68549350E-003
    919.54587   5.67965077E-003
    919.85443   5.67381537E-003
    920.16299   5.66798730E-003
    920.47156   5.66216655E-003
    920.78012   5.65635311E-003
    921.08869   5.65054696E-003
    921.39725   5.64474809E-003
    921.70581   5.63895649E-003
    922.01438   5.63317216E-003
    922.32294   5.62739507E-003
    922.63151   5.62162522E-003
    922.94007   5.61586259E-003
    923.24864   5.61010717E-003
    923.55720   5.60435896E-003
    923.86576   5.59861794E-003
    924.17433   5.59288410E-003
    924.48289   5.58715742E-003
    924.79146   5.58143791E-003
    925.10002   5.57572554E-003
    925.40858   5.57002030E-003
    925.71715   5.56432218E-003
    926.02571   5.55863118E-003
    926.33428   5.55294728E-003
    926.64284   5.54727046E-003
    926.95141   5.54160073E-003
    927.25997   5.53593806E-003
    927.56853   5.53028245E-003
    927.87710   5.52463389E-003
    928.18566   5.51899235E-003
    928.49423   5.51335785E-003
    928.80279   5.50773035E-003
    929.11135   5.50210986E-003
    929.41992   5.49649635E-003
    929.72848   5.49088983E-003
    930.03705   5.48529028E-003
    930.34561   5.47969768E-003
    930.65418   5.47411203E-003
    930.96274   5.46853332E-003
    931.27130   5.46296153E-003
    931.57987   5.45739666E-003
    931.88843   5.45183869E-003
    932.19700   5.44628762E-003
    932.50556   5.44074343E-003
    932.81412   5.43520612E-003
    933.12269   5.42967566E-003
    933.43125   5.42415206E-003
    933.73982   5.41863530E-003
    934.04838   5.41312537E-003
    934.35694   5.40762226E-003
    934.66551   5.40212596E-003
    934.97407   5.39663646E-003
    935.28264   5.39115375E-003
    935.59120   5.38567781E-003
    935.89977   5.38020865E-003
    936.20833   5.37474624E-003
    936.51689   5.36929058E-003
    936.82546   5.36384166E-003
    937.13402   5.35839947E-003
    937.44259   5.35296399E-003
    937.75115   5.34753522E-003
    938.05971   5.34211315E-003
    938.36828   5.33669777E-003
    938.67684   5.33128906E-003
    938.98541   5.32588701E-003
    939.29397   5.32049163E-003
    939.60254   5.31510289E-003
    939.91110   5.30972079E-003
    940.21966   5.30434531E-003
    940.52823   5.29897645E-003
    940.83679   5.29361420E-003
    941.14536   5.28825854E-003
    941.45392   5.28290947E-003
    941.76248   5.27756698E-003
    942.07105   5.27223105E-003
    942.37961   5.26690168E-003
    942.68818   5.26157886E-003
    942.99674   5.25626258E-003
    943.30531   5.25095282E-003
    943.61387   5.24564958E-003
    943.92243   5.24035285E-003
    944.23100   5.23506262E-003
    944.53956   5.22977888E-003
    944.84813   5.22450162E-003
    945.15669   5.21923083E-003
    945.46525   5.21396650E-003
    945.77382   5.20870862E-003
    946.08238   5.20345718E-003
    946.39095   5.19821217E-003
    946.69951   5.19297358E-003
    947.00808   5.18774141E-003
    947.31664   5.18251564E-003
    947.62520   5.17729626E-003
    947.93377   5.17208327E-003
    948.24233   5.16687665E-003
    948.55090   5.16167640E-003
    948.85946   5.15648251E-003
    949.16802   5.15129496E-003
    949.47659   5.14611375E-003
    949.78515   5.14093886E-003
    950.09372   5.13577030E-003
    950.40228   5.13060804E-003
    950.71084   5.12545209E-003
    951.01941   5.12030243E-003
    951.32797   5.11515904E-003
    951.63654   5.11002194E-003
    951.94510   5.10489109E-003
    952.25367   5.09976650E-003
    952.56223   5.09464816E-003
    952.87079   5.08953605E-003
    953.17936   5.08443017E-003
    953.48792   5.07933050E-003
    953.79649   5.07423705E-003
    954.10505   5.06914980E-003
    954.41361   5.06406873E-003
    954.72218   5.05899385E-003
    955.03074   5.05392515E-003
    955.33931   5.04886260E-003
    955.64787   5.04380622E-003
    955.95644   5.03875598E-003
    956.26500   5.03371187E-003
    956.57356   5.02867390E-003
    956.88213   5.02364204E-003
    957.19069   5.01861630E-003
    957.49926   5.01359666E-003
    957.80782   5.00858311E-003
    958.11638   5.00357564E-003
    958.42495   4.99857426E-003
    958.73351   4.99357894E-003
    959.04208   4.98858967E-003
    959.35064   4.98360646E-003
    959.65921   4.97862929E-003
    959.96777   4.97365815E-003
    960.27633   4.96869304E-003
    960.58490   4.96373394E-003
    960.89346   4.95878084E-003
    961.20203   4.95383375E-003
    961.51059   4.94889264E-003
    961.81915   4.94395752E-003
    962.12772   4.93902837E-003
    962.43628   4.93410518E-003
    962.74485   4.92918794E-003
    963.05341   4.92427666E-003
    963.36197   4.91937131E-003
    963.67054   4.91447189E-003
    963.97910   4.90957839E-003
    964.28767   4.90469081E-003
    964.59623   4.89980913E-003
    964.90480   4.89493335E-003
    965.21336   4.89006345E-003
    965.52192   4.88519944E-003
    965.83049   4.88034130E-003
    966.13905   4.87548902E-003
    966.44762   4.87064259E-003
    966.75618   4.86580201E-003
    967.06474   4.86096727E-003
    967.37331   4.85613836E-003
    967.68187   4.85131527E-003
    967.99044   4.84649799E-003
    968.29900   4.84168652E-003
    968.60757   4.83688085E-003
    968.91613   4.83208097E-003
    969.22469   4.82728686E-003
    969.53326   4.82249853E-003
    969.84182   4.81771596E-003
    970.15039   4.81293915E-003
    970.45895   4.80816809E-003
    970.76751   4.80340277E-003
    971.07608   4.79864318E-003
    971.38464   4.79388932E-003
    971.69321   4.78914117E-003
    972.00177   4.78439873E-003
    972.31034   4.77966199E-003
    972.61890   4.77493095E-003
    972.92746   4.77020558E-003
    973.23603   4.76548590E-003
    973.54459   4.76077188E-003
    973.85316   4.75606352E-003
    974.16172   4.75136082E-003
    974.47028   4.74666376E-003
    974.77885   4.74197234E-003
    975.08741   4.73728654E-003
    975.39598   4.73260637E-003
    975.70454   4.72793181E-003
    976.01311   4.72326286E-003
    976.32167   4.71859950E-003
    976.63023   4.71394174E-003
    976.93880   4.70928956E-003
    977.24736   4.70464295E-003
    977.55593   4.70000191E-003
    977.86449   4.69536643E-003
    978.17305   4.69073650E-003
    978.48162   4.68611211E-003
    978.79018   4.68149326E-003
    979.09875   4.67687994E-003
    979.40731   4.67227214E-003
    979.71587   4.66766985E-003
    980.02444   4.66307307E-003
    980.33300   4.65848179E-003
    980.64157   4.65389600E-003
    980.95013   4.64931569E-003
    981.25870   4.64474085E-003
    981.56726   4.64017149E-003
    981.87582   4.63560758E-003
    982.18439   4.63104913E-003
    982.49295   4.62649612E-003
    982.80152   4.62194855E-003
    983.11008   4.61740641E-003
    983.41864   4.61286969E-003
    983.72721   4.60833839E-003
    984.03577   4.60381250E-003
    984.34434   4.59929200E-003
    984.65290   4.59477690E-003
    984.96147   4.59026719E-003
    985.27003   4.58576285E-003
    985.57859   4.58126389E-003
    985.88716   4.57677029E-003
    986.19572   4.57228205E-003
    986.50429   4.56779915E-003
    986.81285   4.56332160E-003
    987.12141   4.55884938E-003
    987.42998   4.55438249E-003
    987.73854   4.54992092E-003
    988.04711   4.54546466E-003
    988.35567   4.54101371E-003
    988.66424   4.53656805E-003
    988.97280   4.53212769E-003
    989.28136   4.52769261E-003
    989.58993   4.52326281E-003
    989.89849   4.51883827E-003
    990.20706   4.51441900E-003
    990.51562   4.51000499E-003
    990.82418   4.50559622E-003
    991.13275   4.50119269E-003
    991.44131   4.49679440E-003
    991.74988   4.49240133E-003
    992.05844   4.48801349E-003
    992.36701   4.48363085E-003
    992.67557   4.47925342E-003
    992.98413   4.47488119E-003
    993.29270   4.47051415E-003
    993.60126   4.46615230E-003
    993.90983   4.46179562E-003
    994.21839   4.45744412E-003
    994.52695   4.45309777E-003
    994.83552   4.44875659E-003
    995.14408   4.44442055E-003
    995.45265   4.44008966E-003
    995.76121   4.43576390E-003
    996.06977   4.43144327E-003
    996.37834   4.42712776E-003
    996.68690   4.42281737E-003
    996.99547   4.41851208E-003
    997.30403   4.41421190E-003
    997.61260   4.40991681E-003
    997.92116   4.40562680E-003
    998.22972   4.40134188E-003
    998.53829   4.39706203E-003
    998.84685   4.39278725E-003
    999.15542   4.38851753E-003
    999.46398   4.38425286E-003
    999.77254   4.37999324E-003
   1000.08111   4.37573866E-003
   1000.38967   4.37148911E-003
   1000.69824   4.36724459E-003
   1001.00680   4.36300508E-003
   1001.31537   4.35877059E-003
   1001.62393   4.35454111E-003
   1001.93249   4.35031663E-003
   1002.24106   4.34609713E-003
   1002.54962   4.34188263E-003
   1002.85819   4.33767310E-003
   1003.16675   4.33346855E-003
   1003.47531   4.32926896E-003
   1003.78388   4.32507433E-003
   1004.09244   4.32088466E-003
   1004.40101   4.31669993E-003
   1004.70957   4.31252014E-003
   1005.01814   4.30834528E-003
   1005.32670   4.30417535E-003
   1005.63526   4.30001034E-003
   1005.94383   4.29585024E-003
   1006.25239   4.29169505E-003
   1006.56096   4.28754476E-003
   1006.86952   4.28339936E-003
   1007.17808   4.27925886E-003
   1007.48665   4.27512323E-003
   1007.79521   4.27099247E-003
   1008.10378   4.26686659E-003
   1008.41234   4.26274556E-003
   1008.72090   4.25862939E-003
   1009.02947   4.25451807E-003
   1009.33803   4.25041159E-003
   1009.64660   4.24630994E-003
   1009.95516   4.24221313E-003
   1010.26373   4.23812113E-003
   1010.57229   4.23403396E-003
   1010.88085   4.22995159E-003
   1011.18942   4.22587403E-003
   1011.49798   4.22180126E-003
   1011.80655   4.21773329E-003
   1012.11511   4.21367009E-003
   1012.42367   4.20961168E-003
   1012.73224   4.20555804E-003
   1013.04080   4.20150916E-003
   1013.34937   4.19746505E-003
   1013.65793   4.19342569E-003
   1013.96650   4.18939107E-003
   1014.27506   4.18536119E-003
   1014.58362   4.18133605E-003
   1014.89219   4.17731564E-003
   1015.20075   4.17329994E-003
