     64.22976   2.27351887E-047
     64.44415   1.41372122E-046
     64.65853   8.54981515E-046
     64.87292   5.03112180E-045
     65.08731   2.88185529E-044
     65.30170   1.60753166E-043
     65.51608   8.73583666E-043
     65.73047   4.62680845E-042
     65.94486   2.38925187E-041
     66.15925   1.20341130E-040
     66.37363   5.91430003E-040
     66.58802   2.83721485E-039
     66.80241   1.32904703E-038
     67.01680   6.08141440E-038
     67.23119   2.71918726E-037
     67.44557   1.18848960E-036
     67.65996   5.07951529E-036
     67.87435   2.12356753E-035
     68.08874   8.68701538E-035
     68.30312   3.47838098E-034
     68.51751   1.36371830E-033
     68.73190   5.23660372E-033
     68.94629   1.97009201E-032
     69.16067   7.26385282E-032
     69.37506   2.62555446E-031
     69.58945   9.30627864E-031
     69.80384   3.23562004E-030
     70.01822   1.10379582E-029
     70.23261   3.69565136E-029
     70.44700   1.21474050E-028
     70.66139   3.92088006E-028
     70.87577   1.24310112E-027
     71.09016   3.87226999E-027
     71.30455   1.18542103E-026
     71.51894   3.56727979E-026
     71.73333   1.05552176E-025
     71.94771   3.07162956E-025
     72.16210   8.79319199E-025
     72.37649   2.47686923E-024
     72.59088   6.86656408E-024
     72.80526   1.87393791E-023
     73.01965   5.03556345E-023
     73.23404   1.33264469E-022
     73.44843   3.47415202E-022
     73.66281   8.92369300E-022
     73.87720   2.25888178E-021
     74.09159   5.63619134E-021
     74.30598   1.38646889E-020
     74.52036   3.36321118E-020
     74.73475   8.04644039E-020
     74.94914   1.89908239E-019
     75.16353   4.42239495E-019
     75.37791   1.01631192E-018
     75.59230   2.30532977E-018
     75.80669   5.16244184E-018
     76.02108   1.14148876E-017
     76.23547   2.49263983E-017
     76.44985   5.37643909E-017
     76.66424   1.14564996E-016
     76.87863   2.41215237E-016
     77.09302   5.01909642E-016
     77.30740   1.03225186E-015
     77.52179   2.09872424E-015
     77.73618   4.21894455E-015
     77.95057   8.38685445E-015
     78.16495   1.64895320E-014
     78.37934   3.20698962E-014
     78.59373   6.17066341E-014
     78.80812   1.17483082E-013
     79.02250   2.21355904E-013
     79.23689   4.12801609E-013
     79.45128   7.62056913E-013
     79.66567   1.39280249E-012
     79.88006   2.52061905E-012
     80.09444   4.51750891E-012
     80.30883   8.01904498E-012
     80.52322   1.41005146E-011
     80.73761   2.45635978E-011
     80.95199   4.23983434E-011
     81.16638   7.25203817E-011
     81.38077   1.22936021E-010
     81.59516   2.06566034E-010
     81.80954   3.44073644E-010
     82.02393   5.68208765E-010
     82.23832   9.30419980E-010
     82.45271   1.51082626E-009
     82.66709   2.43311997E-009
     82.88148   3.88664095E-009
     83.09587   6.15878338E-009
     83.31026   9.68215588E-009
     83.52464   1.51026167E-008
     83.73903   2.33765824E-008
     83.95342   3.59090219E-008
     84.16781   5.47474991E-008
     84.38220   8.28527512E-008
     84.59658   1.24472868E-007
     84.81097   1.85656492E-007
     85.02536   2.74950959E-007
     85.23975   4.04344351E-007
     85.45413   5.90526479E-007
     85.66852   8.56563325E-007
     85.88291   1.23410289E-006
     86.09730   1.76625825E-006
     86.31168   2.51134620E-006
     86.52607   3.54769762E-006
     86.74046   4.97979877E-006
     86.95485   6.94607114E-006
     87.16923   9.62865098E-006
     87.38362   1.32655879E-005
     87.59801   1.81659437E-005
     87.81240   2.47283378E-005
     88.02678   3.34635500E-005
     88.24117   4.50218548E-005
     88.45556   6.02258244E-005
     88.66995   8.01093833E-005
     88.88434   1.05963945E-004
     89.09872   1.39392480E-004
     89.31311   1.82372371E-004
     89.52750   2.37327895E-004
     89.74189   3.07213101E-004
     89.95627   3.95605790E-004
     90.17066   5.06813153E-004
     90.38505   6.45989460E-004
     90.59944   8.19265964E-004
     90.81382   1.03389291E-003
     91.02821   1.29839322E-003
     91.24260   1.62272707E-003
     91.45699   2.01846607E-003
     91.67137   2.49897544E-003
     91.88576   3.07960188E-003
     92.10015   3.77786459E-003
     92.31454   4.61364600E-003
     92.52892   5.60937858E-003
     92.74331   6.79022341E-003
     92.95770   8.18423571E-003
     93.17209   9.82251226E-003
     93.38648   1.17393152E-002
     93.60086   1.39721662E-002
     93.81525   1.65619059E-002
     94.02964   1.95527120E-002
     94.24403   2.29920704E-002
     94.45841   2.69306951E-002
     94.67280   3.14223902E-002
     94.88719   3.65238525E-002
     95.10158   4.22944082E-002
     95.31596   4.87956840E-002
     95.53035   5.60912107E-002
     95.74474   6.42459584E-002
     95.95913   7.33258070E-002
     96.17351   8.33969525E-002
     96.38790   9.45252559E-002
     96.60229   1.06775539E-001
     96.81668   1.20210836E-001
     97.03106   1.34891607E-001
     97.24545   1.50874933E-001
     97.45984   1.68213682E-001
     97.67423   1.86955690E-001
     97.88862   2.07142943E-001
     98.10300   2.28810783E-001
     98.31739   2.51987155E-001
     98.53178   2.76691907E-001
     98.74617   3.02936151E-001
     98.96055   3.30721704E-001
     99.17494   3.60040616E-001
     99.38933   3.90874797E-001
     99.60372   4.23195757E-001
     99.81810   4.56964453E-001
    100.03249   4.92131262E-001
    100.24688   5.28636075E-001
    100.46127   5.66408519E-001
    100.67565   6.05368300E-001
    100.89004   6.45425666E-001
    101.10443   6.86481987E-001
    101.31882   7.28430446E-001
    101.53321   7.71156823E-001
    101.74759   8.14540371E-001
    101.96198   8.58454775E-001
    102.17637   9.02769160E-001
    102.39076   9.47349160E-001
    102.60514   9.92058020E-001
    102.81953   1.03675771E+000
    103.03392   1.08131005E+000
    103.24831   1.12557782E+000
    103.46269   1.16942586E+000
    103.67708   1.21272208E+000
    103.89147   1.25533850E+000
    104.10586   1.29715215E+000
    104.32024   1.33804594E+000
    104.53463   1.37790943E+000
    104.74902   1.41663952E+000
    104.96341   1.45414101E+000
    105.17779   1.49032716E+000
    105.39218   1.52511998E+000
    105.60657   1.55845060E+000
    105.82096   1.59025942E+000
    106.03535   1.62049620E+000
    106.24973   1.64912004E+000
    106.46412   1.67609930E+000
    106.67851   1.70141142E+000
    106.89290   1.72504263E+000
    107.10728   1.74698765E+000
    107.32167   1.76724931E+000
    107.53606   1.78583803E+000
    107.75045   1.80277145E+000
    107.96483   1.81807379E+000
    108.17922   1.83177538E+000
    108.39361   1.84391202E+000
    108.60800   1.85452448E+000
    108.82238   1.86365782E+000
    109.03677   1.87136088E+000
    109.25116   1.87768568E+000
    109.46555   1.88268684E+000
    109.67993   1.88642109E+000
    109.89432   1.88894670E+000
    110.10871   1.89032306E+000
    110.32310   1.89061016E+000
    110.53749   1.88986822E+000
    110.75187   1.88815728E+000
    110.96626   1.88553685E+000
    111.18065   1.88206560E+000
    111.39504   1.87780110E+000
    111.60942   1.87279954E+000
    111.82381   1.86711554E+000
    112.03820   1.86080200E+000
    112.25259   1.85390990E+000
    112.46697   1.84648824E+000
    112.68136   1.83858391E+000
    112.89575   1.83024167E+000
    113.11014   1.82150407E+000
    113.32452   1.81241145E+000
    113.53891   1.80300194E+000
    113.75330   1.79331149E+000
    113.96769   1.78337386E+000
    114.18207   1.77322071E+000
    114.39646   1.76288162E+000
    114.61085   1.75238418E+000
    114.82524   1.74175402E+000
    115.03963   1.73101492E+000
    115.25401   1.72018887E+000
    115.46840   1.70929616E+000
    115.68279   1.69835544E+000
    115.89718   1.68738384E+000
    116.11156   1.67639701E+000
    116.32595   1.66540925E+000
    116.54034   1.65443353E+000
    116.75473   1.64348164E+000
    116.96911   1.63256420E+000
    117.18350   1.62169078E+000
    117.39789   1.61086995E+000
    117.61228   1.60010936E+000
    117.82666   1.58941580E+000
    118.04105   1.57879525E+000
    118.25544   1.56825298E+000
    118.46983   1.55779356E+000
    118.68421   1.54742095E+000
    118.89860   1.53713853E+000
    119.11299   1.52694917E+000
    119.32738   1.51685524E+000
    119.54177   1.50685870E+000
    119.75615   1.49696113E+000
    119.97054   1.48716373E+000
    120.18493   1.47746742E+000
    120.39932   1.46787283E+000
    120.61370   1.45838034E+000
    120.82809   1.44899014E+000
    121.04248   1.43970222E+000
    121.25687   1.43051644E+000
    121.47125   1.42143252E+000
    121.68564   1.41245009E+000
    121.90003   1.40356869E+000
    122.11442   1.39478784E+000
    122.32880   1.38610698E+000
    122.54319   1.37752558E+000
    122.75758   1.36904310E+000
    122.97197   1.36065902E+000
    123.18636   1.35237286E+000
    123.40074   1.34418419E+000
    123.61513   1.33609266E+000
    123.82952   1.32809798E+000
    124.04391   1.32019995E+000
    124.25829   1.31239848E+000
    124.47268   1.30469357E+000
    124.68707   1.29708536E+000
    124.90146   1.28957407E+000
    125.11584   1.28216008E+000
    125.33023   1.27484388E+000
    125.54462   1.26762610E+000
    125.75901   1.26050750E+000
    125.97339   1.25348896E+000
    126.18778   1.24657152E+000
    126.40217   1.23975633E+000
    126.61656   1.23304469E+000
    126.83094   1.22643801E+000
    127.04533   1.21993784E+000
    127.25972   1.21354583E+000
    127.47411   1.20726376E+000
    127.68850   1.20109353E+000
    127.90288   1.19503709E+000
    128.11727   1.18909655E+000
    128.33166   1.18327406E+000
    128.54605   1.17757185E+000
    128.76043   1.17199224E+000
    128.97482   1.16653759E+000
    129.18921   1.16121031E+000
    129.40360   1.15601285E+000
    129.61798   1.15094769E+000
    129.83237   1.14601733E+000
    130.04676   1.14122425E+000
    130.26115   1.13657095E+000
    130.47553   1.13205991E+000
    130.68992   1.12769358E+000
    130.90431   1.12347435E+000
    131.11870   1.11940460E+000
    131.33308   1.11548662E+000
    131.54747   1.11172264E+000
    131.76186   1.10811481E+000
    131.97625   1.10466520E+000
    132.19064   1.10137576E+000
    132.40502   1.09824836E+000
    132.61941   1.09528474E+000
    132.83380   1.09248654E+000
    133.04819   1.08985524E+000
    133.26257   1.08739221E+000
    133.47696   1.08509868E+000
    133.69135   1.08297575E+000
    133.90574   1.08102435E+000
    134.12012   1.07924527E+000
    134.33451   1.07763917E+000
    134.54890   1.07620653E+000
    134.76329   1.07494770E+000
    134.97767   1.07386287E+000
    135.19206   1.07295208E+000
    135.40645   1.07221523E+000
    135.62084   1.07165206E+000
    135.83522   1.07126217E+000
    136.04961   1.07104504E+000
    136.26400   1.07100000E+000
    136.47839   1.07112624E+000
    136.69278   1.07142286E+000
    136.90716   1.07188881E+000
    137.12155   1.07252295E+000
    137.33594   1.07332401E+000
    137.55033   1.07429065E+000
    137.76471   1.07542143E+000
    137.97910   1.07671483E+000
    138.19349   1.07816924E+000
    138.40788   1.07978299E+000
    138.62226   1.08155437E+000
    138.83665   1.08348160E+000
    139.05104   1.08556285E+000
    139.26543   1.08779627E+000
    139.47981   1.09017998E+000
    139.69420   1.09271208E+000
    139.90859   1.09539063E+000
    140.12298   1.09821372E+000
    140.33736   1.10117942E+000
    140.55175   1.10428581E+000
    140.76614   1.10753098E+000
    140.98053   1.11091304E+000
    141.19492   1.11443011E+000
    141.40930   1.11808036E+000
    141.62369   1.12186197E+000
    141.83808   1.12577316E+000
    142.05247   1.12981218E+000
    142.26685   1.13397735E+000
    142.48124   1.13826699E+000
    142.69563   1.14267948E+000
    142.91002   1.14721326E+000
    143.12440   1.15186680E+000
    143.33879   1.15663862E+000
    143.55318   1.16152727E+000
    143.76757   1.16653137E+000
    143.98195   1.17164958E+000
    144.19634   1.17688057E+000
    144.41073   1.18222310E+000
    144.62512   1.18767592E+000
    144.83950   1.19323785E+000
    145.05389   1.19890772E+000
    145.26828   1.20468442E+000
    145.48267   1.21056682E+000
    145.69706   1.21655386E+000
    145.91144   1.22264446E+000
    146.12583   1.22883759E+000
    146.34022   1.23513220E+000
    146.55461   1.24152727E+000
    146.76899   1.24802178E+000
    146.98338   1.25461469E+000
    147.19777   1.26130498E+000
    147.41216   1.26809160E+000
    147.62654   1.27497350E+000
    147.84093   1.28194962E+000
    148.05532   1.28901885E+000
    148.26971   1.29618009E+000
    148.48409   1.30343218E+000
    148.69848   1.31077396E+000
    148.91287   1.31820420E+000
    149.12726   1.32572166E+000
    149.34165   1.33332505E+000
    149.55603   1.34101303E+000
    149.77042   1.34878422E+000
    149.98481   1.35663719E+000
    150.19920   1.36457045E+000
    150.41358   1.37258249E+000
    150.62797   1.38067171E+000
    150.84236   1.38883646E+000
    151.05675   1.39707506E+000
    151.27113   1.40538575E+000
    151.48552   1.41376672E+000
    151.69991   1.42221610E+000
    151.91430   1.43073196E+000
    152.12868   1.43931234E+000
    152.34307   1.44795518E+000
    152.55746   1.45665839E+000
    152.77185   1.46541983E+000
    152.98623   1.47423729E+000
    153.20062   1.48310853E+000
    153.41501   1.49203123E+000
    153.62940   1.50100305E+000
    153.84379   1.51002157E+000
    154.05817   1.51908437E+000
    154.27256   1.52818895E+000
    154.48695   1.53733278E+000
    154.70134   1.54651330E+000
    154.91572   1.55572791E+000
    155.13011   1.56497397E+000
    155.34450   1.57424883E+000
    155.55889   1.58354980E+000
    155.77327   1.59287416E+000
    155.98766   1.60221918E+000
    156.20205   1.61158212E+000
    156.41644   1.62096020E+000
    156.63082   1.63035066E+000
    156.84521   1.63975071E+000
    157.05960   1.64915756E+000
    157.27399   1.65856844E+000
    157.48837   1.66798054E+000
    157.70276   1.67739109E+000
    157.91715   1.68679733E+000
    158.13154   1.69619649E+000
    158.34593   1.70558582E+000
    158.56031   1.71496261E+000
    158.77470   1.72432415E+000
    158.98909   1.73366775E+000
    159.20348   1.74299078E+000
    159.41786   1.75229061E+000
    159.63225   1.76156466E+000
    159.84664   1.77081038E+000
    160.06103   1.78002527E+000
    160.27541   1.78920686E+000
    160.48980   1.79835273E+000
    160.70419   1.80746051E+000
    160.91858   1.81652790E+000
    161.13296   1.82555263E+000
    161.34735   1.83453249E+000
    161.56174   1.84346534E+000
    161.77613   1.85234909E+000
    161.99051   1.86118174E+000
    162.20490   1.86996132E+000
    162.41929   1.87868595E+000
    162.63368   1.88735383E+000
    162.84807   1.89596322E+000
    163.06245   1.90451245E+000
    163.27684   1.91299995E+000
    163.49123   1.92142421E+000
    163.70562   1.92978380E+000
    163.92000   1.93807739E+000
    164.13439   1.94630373E+000
    164.34878   1.95446164E+000
    164.56317   1.96255005E+000
    164.77755   1.97056797E+000
    164.99194   1.97851449E+000
    165.20633   1.98638881E+000
    165.42072   1.99419021E+000
    165.63510   2.00191808E+000
    165.84949   2.00957188E+000
    166.06388   2.01715119E+000
    166.27827   2.02465568E+000
    166.49265   2.03208511E+000
    166.70704   2.03943933E+000
    166.92143   2.04671832E+000
    167.13582   2.05392212E+000
    167.35021   2.06105089E+000
    167.56459   2.06810490E+000
    167.77898   2.07508448E+000
    167.99337   2.08199011E+000
    168.20776   2.08882232E+000
    168.42214   2.09558176E+000
    168.63653   2.10226918E+000
    168.85092   2.10888542E+000
    169.06531   2.11543142E+000
    169.27969   2.12190821E+000
    169.49408   2.12831692E+000
    169.70847   2.13465876E+000
    169.92286   2.14093505E+000
    170.13724   2.14714718E+000
    170.35163   2.15329666E+000
    170.56602   2.15938504E+000
    170.78041   2.16541399E+000
    170.99480   2.17138527E+000
    171.20918   2.17730068E+000
    171.42357   2.18316214E+000
    171.63796   2.18897163E+000
    171.85235   2.19473120E+000
    172.06673   2.20044298E+000
    172.28112   2.20610918E+000
    172.49551   2.21173204E+000
    172.70990   2.21731391E+000
    172.92428   2.22285717E+000
    173.13867   2.22836426E+000
    173.35306   2.23383770E+000
    173.56745   2.23928003E+000
    173.78183   2.24469386E+000
    173.99622   2.25008184E+000
    174.21061   2.25544665E+000
    174.42500   2.26079103E+000
    174.63938   2.26611775E+000
    174.85377   2.27142958E+000
    175.06816   2.27672937E+000
    175.28255   2.28201996E+000
    175.49694   2.28730420E+000
    175.71132   2.29258500E+000
    175.92571   2.29786524E+000
    176.14010   2.30314784E+000
    176.35449   2.30843569E+000
    176.56887   2.31373172E+000
    176.78326   2.31903884E+000
    176.99765   2.32435994E+000
    177.21204   2.32969792E+000
    177.42642   2.33505567E+000
    177.64081   2.34043603E+000
    177.85520   2.34584184E+000
    178.06959   2.35127593E+000
    178.28397   2.35674108E+000
    178.49836   2.36224002E+000
    178.71275   2.36777549E+000
    178.92714   2.37335014E+000
    179.14152   2.37896662E+000
    179.35591   2.38462750E+000
    179.57030   2.39033530E+000
    179.78469   2.39609251E+000
    179.99908   2.40190155E+000
    180.21346   2.40776477E+000
    180.42785   2.41368447E+000
    180.64224   2.41966286E+000
    180.85663   2.42570211E+000
    181.07101   2.43180430E+000
    181.28540   2.43797144E+000
    181.49979   2.44420545E+000
    181.71418   2.45050819E+000
    181.92856   2.45688141E+000
    182.14295   2.46332680E+000
    182.35734   2.46984595E+000
    182.57173   2.47644035E+000
    182.78611   2.48311141E+000
    183.00050   2.48986046E+000
    183.21489   2.49668870E+000
    183.42928   2.50359726E+000
    183.64366   2.51058716E+000
    183.85805   2.51765933E+000
    184.07244   2.52481458E+000
    184.28683   2.53205363E+000
    184.50122   2.53937710E+000
    184.71560   2.54678549E+000
    184.92999   2.55427921E+000
    185.14438   2.56185856E+000
    185.35877   2.56952373E+000
    185.57315   2.57727481E+000
    185.78754   2.58511177E+000
    186.00193   2.59303449E+000
    186.21632   2.60104273E+000
    186.43070   2.60913615E+000
    186.64509   2.61731429E+000
    186.85948   2.62557661E+000
    187.07387   2.63392244E+000
    187.28825   2.64235100E+000
    187.50264   2.65086144E+000
    187.71703   2.65945277E+000
    187.93142   2.66812392E+000
    188.14580   2.67687370E+000
    188.36019   2.68570083E+000
    188.57458   2.69460393E+000
    188.78897   2.70358152E+000
    189.00336   2.71263202E+000
    189.21774   2.72175376E+000
    189.43213   2.73094497E+000
    189.64652   2.74020380E+000
    189.86091   2.74952829E+000
    190.07529   2.75891641E+000
    190.28968   2.76836602E+000
    190.50407   2.77787493E+000
    190.71846   2.78744083E+000
    190.93284   2.79706136E+000
    191.14723   2.80673406E+000
    191.36162   2.81645639E+000
    191.57601   2.82622577E+000
    191.79039   2.83603951E+000
    192.00478   2.84589486E+000
    192.21917   2.85578902E+000
    192.43356   2.86571912E+000
    192.64795   2.87568219E+000
    192.86233   2.88567527E+000
    193.07672   2.89569527E+000
    193.29111   2.90573910E+000
    193.50550   2.91580359E+000
    193.71988   2.92588553E+000
    193.93427   2.93598166E+000
    194.14866   2.94608868E+000
    194.36305   2.95620324E+000
    194.57743   2.96632196E+000
    194.79182   2.97644142E+000
    195.00621   2.98655817E+000
    195.22060   2.99666871E+000
    195.43498   3.00676956E+000
    195.64937   3.01685715E+000
    195.86376   3.02692794E+000
    196.07815   3.03697834E+000
    196.29253   3.04700476E+000
    196.50692   3.05700359E+000
    196.72131   3.06697119E+000
    196.93570   3.07690394E+000
    197.15009   3.08679820E+000
    197.36447   3.09665032E+000
    197.57886   3.10645666E+000
    197.79325   3.11621356E+000
    198.00764   3.12591739E+000
    198.22202   3.13556450E+000
    198.43641   3.14515128E+000
    198.65080   3.15467410E+000
    198.86519   3.16412935E+000
    199.07957   3.17351344E+000
    199.29396   3.18282281E+000
    199.50835   3.19205389E+000
    199.72274   3.20120316E+000
    199.93712   3.21026711E+000
    200.15151   3.21924225E+000
    200.36590   3.22812515E+000
    200.58029   3.23691236E+000
    200.79467   3.24560051E+000
    201.00906   3.25418624E+000
    201.22345   3.26266622E+000
    201.43784   3.27103719E+000
    201.65223   3.27929589E+000
    201.86661   3.28743912E+000
    202.08100   3.29546374E+000
    202.29539   3.30336663E+000
    202.50978   3.31114473E+000
    202.72416   3.31879502E+000
    202.93855   3.32631453E+000
    203.15294   3.33370036E+000
    203.36733   3.34094963E+000
    203.58171   3.34805955E+000
    203.79610   3.35502736E+000
    204.01049   3.36185036E+000
    204.22488   3.36852591E+000
    204.43926   3.37505144E+000
    204.65365   3.38142444E+000
    204.86804   3.38764243E+000
    205.08243   3.39370303E+000
    205.29681   3.39960391E+000
    205.51120   3.40534279E+000
    205.72559   3.41091748E+000
    205.93998   3.41632583E+000
    206.15437   3.42156578E+000
    206.36875   3.42663532E+000
    206.58314   3.43153252E+000
    206.79753   3.43625551E+000
    207.01192   3.44080248E+000
    207.22630   3.44517172E+000
    207.44069   3.44936156E+000
    207.65508   3.45337042E+000
    207.86947   3.45719677E+000
    208.08385   3.46083917E+000
    208.29824   3.46429624E+000
    208.51263   3.46756668E+000
    208.72702   3.47064925E+000
    208.94140   3.47354279E+000
    209.15579   3.47624622E+000
    209.37018   3.47875852E+000
    209.58457   3.48107873E+000
    209.79895   3.48320599E+000
    210.01334   3.48513949E+000
    210.22773   3.48687851E+000
    210.44212   3.48842238E+000
    210.65651   3.48977051E+000
    210.87089   3.49092239E+000
    211.08528   3.49187757E+000
    211.29967   3.49263568E+000
    211.51406   3.49319640E+000
    211.72844   3.49355949E+000
    211.94283   3.49372480E+000
    212.15722   3.49369222E+000
    212.37161   3.49346172E+000
    212.58599   3.49303333E+000
    212.80038   3.49240716E+000
    213.01477   3.49158338E+000
    213.22916   3.49056222E+000
    213.44354   3.48934398E+000
    213.65793   3.48792902E+000
    213.87232   3.48631778E+000
    214.08671   3.48451074E+000
    214.30110   3.48250846E+000
    214.51548   3.48031154E+000
    214.72987   3.47792068E+000
    214.94426   3.47533659E+000
    215.15865   3.47256007E+000
    215.37303   3.46959198E+000
    215.58742   3.46643322E+000
    215.80181   3.46308475E+000
    216.01620   3.45954760E+000
    216.23058   3.45582283E+000
    216.44497   3.45191157E+000
    216.65936   3.44781501E+000
    216.87375   3.44353436E+000
    217.08813   3.43907092E+000
    217.30252   3.43442600E+000
    217.51691   3.42960099E+000
    217.73130   3.42459730E+000
    217.94568   3.41941641E+000
    218.16007   3.41405983E+000
    218.37446   3.40852911E+000
    218.58885   3.40282586E+000
    218.80324   3.39695172E+000
    219.01762   3.39090837E+000
    219.23201   3.38469753E+000
    219.44640   3.37832095E+000
    219.66079   3.37178044E+000
    219.87517   3.36507782E+000
    220.08956   3.35821495E+000
    220.30395   3.35119375E+000
    220.51834   3.34401612E+000
    220.73272   3.33668405E+000
    220.94711   3.32919952E+000
    221.16150   3.32156454E+000
    221.37589   3.31378117E+000
    221.59027   3.30585148E+000
    221.80466   3.29777757E+000
    222.01905   3.28956157E+000
    222.23344   3.28120561E+000
    222.44782   3.27271186E+000
    222.66221   3.26408252E+000
    222.87660   3.25531979E+000
    223.09099   3.24642589E+000
    223.30538   3.23740308E+000
    223.51976   3.22825360E+000
    223.73415   3.21897973E+000
    223.94854   3.20958376E+000
    224.16293   3.20006799E+000
    224.37731   3.19043474E+000
    224.59170   3.18068631E+000
    224.80609   3.17082506E+000
    225.02048   3.16085330E+000
    225.23486   3.15077341E+000
    225.44925   3.14058772E+000
    225.66364   3.13029860E+000
    225.87803   3.11990841E+000
    226.09241   3.10941952E+000
    226.30680   3.09883430E+000
    226.52119   3.08815512E+000
    226.73558   3.07738434E+000
    226.94996   3.06652435E+000
    227.16435   3.05557751E+000
    227.37874   3.04454619E+000
    227.59313   3.03343275E+000
    227.80752   3.02223955E+000
    228.02190   3.01096895E+000
    228.23629   2.99962329E+000
    228.45068   2.98820492E+000
    228.66507   2.97671617E+000
    228.87945   2.96515937E+000
    229.09384   2.95353683E+000
    229.30823   2.94185086E+000
    229.52262   2.93010376E+000
    229.73700   2.91829782E+000
    229.95139   2.90643530E+000
    230.16578   2.89451847E+000
    230.38017   2.88254957E+000
    230.59455   2.87053084E+000
    230.80894   2.85846450E+000
    231.02333   2.84635274E+000
    231.23772   2.83419776E+000
    231.45210   2.82200173E+000
    231.66649   2.80976679E+000
    231.88088   2.79749509E+000
    232.09527   2.78518874E+000
    232.30966   2.77284984E+000
    232.52404   2.76048047E+000
    232.73843   2.74808268E+000
    232.95282   2.73565852E+000
    233.16721   2.72321000E+000
    233.38159   2.71073913E+000
    233.59598   2.69824787E+000
    233.81037   2.68573819E+000
    234.02476   2.67321200E+000
    234.23914   2.66067123E+000
    234.45353   2.64811776E+000
    234.66792   2.63555344E+000
    234.88231   2.62298012E+000
    235.09669   2.61039961E+000
    235.31108   2.59781371E+000
    235.52547   2.58522417E+000
    235.73986   2.57263275E+000
    235.95424   2.56004115E+000
    236.16863   2.54745106E+000
    236.38302   2.53486416E+000
    236.59741   2.52228208E+000
    236.81180   2.50970643E+000
    237.02618   2.49713881E+000
    237.24057   2.48458077E+000
    237.45496   2.47203386E+000
    237.66935   2.45949957E+000
    237.88373   2.44697941E+000
    238.09812   2.43447481E+000
    238.31251   2.42198722E+000
    238.52690   2.40951803E+000
    238.74128   2.39706862E+000
    238.95567   2.38464035E+000
    239.17006   2.37223453E+000
    239.38445   2.35985247E+000
    239.59883   2.34749543E+000
    239.81322   2.33516465E+000
    240.02761   2.32286137E+000
    240.24200   2.31058676E+000
    240.45639   2.29834198E+000
    240.67077   2.28612819E+000
    240.88516   2.27394648E+000
    241.09955   2.26179795E+000
    241.31394   2.24968364E+000
    241.52832   2.23760460E+000
    241.74271   2.22556184E+000
    241.95710   2.21355632E+000
    242.17149   2.20158901E+000
    242.38587   2.18966084E+000
    242.60026   2.17777271E+000
    242.81465   2.16592550E+000
    243.02904   2.15412007E+000
    243.24342   2.14235724E+000
    243.45781   2.13063781E+000
    243.67220   2.11896257E+000
    243.88659   2.10733228E+000
    244.10097   2.09574766E+000
    244.31536   2.08420943E+000
    244.52975   2.07271826E+000
    244.74414   2.06127482E+000
    244.95853   2.04987974E+000
    245.17291   2.03853364E+000
    245.38730   2.02723712E+000
    245.60169   2.01599073E+000
    245.81608   2.00479503E+000
    246.03046   1.99365054E+000
    246.24485   1.98255777E+000
    246.45924   1.97151720E+000
    246.67363   1.96052928E+000
    246.88801   1.94959446E+000
    247.10240   1.93871316E+000
    247.31679   1.92788577E+000
    247.53118   1.91711268E+000
    247.74556   1.90639425E+000
    247.95995   1.89573080E+000
    248.17434   1.88512268E+000
    248.38873   1.87457016E+000
    248.60311   1.86407355E+000
    248.81750   1.85363310E+000
    249.03189   1.84324905E+000
    249.24628   1.83292165E+000
    249.46067   1.82265109E+000
    249.67505   1.81243758E+000
    249.88944   1.80228129E+000
    250.10383   1.79218238E+000
    250.31822   1.78214100E+000
    250.53260   1.77215727E+000
    250.74699   1.76223131E+000
    250.96138   1.75236322E+000
    251.17577   1.74255308E+000
    251.39015   1.73280095E+000
    251.60454   1.72310689E+000
    251.81893   1.71347095E+000
    252.03332   1.70389314E+000
    252.24770   1.69437348E+000
    252.46209   1.68491196E+000
    252.67648   1.67550858E+000
    252.89087   1.66616331E+000
    253.10525   1.65687610E+000
    253.31964   1.64764691E+000
    253.53403   1.63847568E+000
    253.74842   1.62936232E+000
    253.96281   1.62030676E+000
    254.17719   1.61130890E+000
    254.39158   1.60236863E+000
    254.60597   1.59348583E+000
    254.82036   1.58466039E+000
    255.03474   1.57589215E+000
    255.24913   1.56718098E+000
    255.46352   1.55852671E+000
    255.67791   1.54992919E+000
    255.89229   1.54138824E+000
    256.10668   1.53290368E+000
    256.32107   1.52447531E+000
    256.53546   1.51610295E+000
    256.74984   1.50778638E+000
    256.96423   1.49952540E+000
    257.17862   1.49131977E+000
    257.39301   1.48316928E+000
    257.60739   1.47507370E+000
    257.82178   1.46703277E+000
    258.03617   1.45904626E+000
    258.25056   1.45111392E+000
    258.46495   1.44323548E+000
    258.67933   1.43541068E+000
    258.89372   1.42763925E+000
    259.10811   1.41992092E+000
    259.32250   1.41225542E+000
    259.53688   1.40464245E+000
    259.75127   1.39708173E+000
    259.96566   1.38957296E+000
    260.18005   1.38211586E+000
    260.39443   1.37471012E+000
    260.60882   1.36735544E+000
    260.82321   1.36005151E+000
    261.03760   1.35279803E+000
    261.25198   1.34559467E+000
    261.46637   1.33844112E+000
    261.68076   1.33133707E+000
    261.89515   1.32428219E+000
    262.10954   1.31727615E+000
    262.32392   1.31031865E+000
    262.53831   1.30340933E+000
    262.75270   1.29654789E+000
    262.96709   1.28973398E+000
    263.18147   1.28296727E+000
    263.39586   1.27624743E+000
    263.61025   1.26957412E+000
    263.82464   1.26294701E+000
    264.03902   1.25636576E+000
    264.25341   1.24983003E+000
    264.46780   1.24333948E+000
    264.68219   1.23689377E+000
    264.89657   1.23049257E+000
    265.11096   1.22413553E+000
    265.32535   1.21782231E+000
    265.53974   1.21155257E+000
    265.75412   1.20532597E+000
    265.96851   1.19914217E+000
    266.18290   1.19300084E+000
    266.39729   1.18690162E+000
    266.61168   1.18084419E+000
    266.82606   1.17482820E+000
    267.04045   1.16885332E+000
    267.25484   1.16291920E+000
    267.46923   1.15702552E+000
    267.68361   1.15117194E+000
    267.89800   1.14535812E+000
    268.11239   1.13958374E+000
    268.32678   1.13384845E+000
    268.54116   1.12815193E+000
    268.75555   1.12249385E+000
    268.96994   1.11687388E+000
    269.18433   1.11129170E+000
    269.39871   1.10574698E+000
    269.61310   1.10023939E+000
    269.82749   1.09476863E+000
    270.04188   1.08933436E+000
    270.25626   1.08393627E+000
    270.47065   1.07857404E+000
    270.68504   1.07324736E+000
    270.89943   1.06795592E+000
    271.11382   1.06269941E+000
    271.32820   1.05747752E+000
    271.54259   1.05228994E+000
    271.75698   1.04713637E+000
    271.97137   1.04201651E+000
    272.18575   1.03693006E+000
    272.40014   1.03187672E+000
    272.61453   1.02685620E+000
    272.82892   1.02186820E+000
    273.04330   1.01691244E+000
    273.25769   1.01198863E+000
    273.47208   1.00709648E+000
    273.68647   1.00223571E+000
    273.90085   9.97406033E-001
    274.11524   9.92607181E-001
    274.32963   9.87838874E-001
    274.54402   9.83100839E-001
    274.75840   9.78392806E-001
    274.97279   9.73714508E-001
    275.18718   9.69065678E-001
    275.40157   9.64446054E-001
    275.61596   9.59855375E-001
    275.83034   9.55293385E-001
    276.04473   9.50759828E-001
    276.25912   9.46254451E-001
    276.47351   9.41777005E-001
    276.68789   9.37327242E-001
    276.90228   9.32904918E-001
    277.11667   9.28509790E-001
    277.33106   9.24141620E-001
    277.54544   9.19800169E-001
    277.75983   9.15485205E-001
    277.97422   9.11196495E-001
    278.18861   9.06933809E-001
    278.40299   9.02696923E-001
    278.61738   8.98485611E-001
    278.83177   8.94299652E-001
    279.04616   8.90138828E-001
    279.26054   8.86002922E-001
    279.47493   8.81891720E-001
    279.68932   8.77805012E-001
    279.90371   8.73742588E-001
    280.11810   8.69704243E-001
    280.33248   8.65689772E-001
    280.54687   8.61698975E-001
    280.76126   8.57731653E-001
    280.97565   8.53787609E-001
    281.19003   8.49866651E-001
    281.40442   8.45968585E-001
    281.61881   8.42093224E-001
    281.83320   8.38240381E-001
    282.04758   8.34409871E-001
    282.26197   8.30601513E-001
    282.47636   8.26815127E-001
    282.69075   8.23050536E-001
    282.90513   8.19307565E-001
    283.11952   8.15586040E-001
    283.33391   8.11885793E-001
    283.54830   8.08206654E-001
    283.76269   8.04548458E-001
    283.97707   8.00911040E-001
    284.19146   7.97294240E-001
    284.40585   7.93697898E-001
    284.62024   7.90121856E-001
    284.83462   7.86565959E-001
    285.04901   7.83030054E-001
    285.26340   7.79513990E-001
    285.47779   7.76017618E-001
    285.69217   7.72540790E-001
    285.90656   7.69083363E-001
    286.12095   7.65645192E-001
    286.33534   7.62226137E-001
    286.54972   7.58826058E-001
    286.76411   7.55444818E-001
    286.97850   7.52082281E-001
    287.19289   7.48738315E-001
    287.40727   7.45412786E-001
    287.62166   7.42105566E-001
    287.83605   7.38816525E-001
    288.05044   7.35545538E-001
    288.26483   7.32292480E-001
    288.47921   7.29057228E-001
    288.69360   7.25839660E-001
    288.90799   7.22639657E-001
    289.12238   7.19457100E-001
    289.33676   7.16291873E-001
    289.55115   7.13143862E-001
    289.76554   7.10012953E-001
    289.97993   7.06899035E-001
    290.19431   7.03801996E-001
    290.40870   7.00721729E-001
    290.62309   6.97658126E-001
    290.83748   6.94611081E-001
    291.05186   6.91580490E-001
    291.26625   6.88566249E-001
    291.48064   6.85568258E-001
    291.69503   6.82586415E-001
    291.90941   6.79620623E-001
    292.12380   6.76670783E-001
    292.33819   6.73736798E-001
    292.55258   6.70818575E-001
    292.76697   6.67916018E-001
    292.98135   6.65029036E-001
    293.19574   6.62157536E-001
    293.41013   6.59301430E-001
    293.62452   6.56460626E-001
    293.83890   6.53635038E-001
    294.05329   6.50824579E-001
    294.26768   6.48029163E-001
    294.48207   6.45248705E-001
    294.69645   6.42483122E-001
    294.91084   6.39732331E-001
    295.12523   6.36996250E-001
    295.33962   6.34274799E-001
    295.55400   6.31567898E-001
    295.76839   6.28875469E-001
    295.98278   6.26197433E-001
    296.19717   6.23533715E-001
    296.41155   6.20884237E-001
    296.62594   6.18248926E-001
    296.84033   6.15627707E-001
    297.05472   6.13020506E-001
    297.26911   6.10427251E-001
    297.48349   6.07847871E-001
    297.69788   6.05282294E-001
    297.91227   6.02730451E-001
    298.12666   6.00192272E-001
    298.34104   5.97667688E-001
    298.55543   5.95156631E-001
    298.76982   5.92659035E-001
    298.98421   5.90174833E-001
    299.19859   5.87703960E-001
    299.41298   5.85246349E-001
    299.62737   5.82801936E-001
    299.84176   5.80370658E-001
    300.05614   5.77952452E-001
    300.27053   5.75547254E-001
    300.48492   5.73155004E-001
    300.69931   5.70775638E-001
    300.91369   5.68409097E-001
    301.12808   5.66055320E-001
    301.34247   5.63714247E-001
    301.55686   5.61385820E-001
    301.77125   5.59069978E-001
    301.98563   5.56766665E-001
    302.20002   5.54475822E-001
    302.41441   5.52197391E-001
    302.62880   5.49931317E-001
    302.84318   5.47677543E-001
    303.05757   5.45436012E-001
    303.27196   5.43206670E-001
    303.48635   5.40989461E-001
    303.70073   5.38784330E-001
    303.91512   5.36591223E-001
    304.12951   5.34410087E-001
    304.34390   5.32240868E-001
    304.55828   5.30083512E-001
    304.77267   5.27937967E-001
    304.98706   5.25804180E-001
    305.20145   5.23682100E-001
    305.41583   5.21571674E-001
    305.63022   5.19472852E-001
    305.84461   5.17385581E-001
    306.05900   5.15309811E-001
    306.27339   5.13245492E-001
    306.48777   5.11192573E-001
    306.70216   5.09151004E-001
    306.91655   5.07120736E-001
    307.13094   5.05101719E-001
    307.34532   5.03093904E-001
    307.55971   5.01097242E-001
    307.77410   4.99111684E-001
    307.98849   4.97137182E-001
    308.20287   4.95173688E-001
    308.41726   4.93221153E-001
    308.63165   4.91279530E-001
    308.84604   4.89348772E-001
    309.06042   4.87428830E-001
    309.27481   4.85519658E-001
    309.48920   4.83621208E-001
    309.70359   4.81733435E-001
    309.91798   4.79856290E-001
    310.13236   4.77989729E-001
    310.34675   4.76133704E-001
    310.56114   4.74288169E-001
    310.77553   4.72453079E-001
    310.98991   4.70628387E-001
    311.20430   4.68814049E-001
    311.41869   4.67010018E-001
    311.63308   4.65216250E-001
    311.84746   4.63432698E-001
    312.06185   4.61659318E-001
    312.27624   4.59896065E-001
    312.49063   4.58142895E-001
    312.70501   4.56399762E-001
    312.91940   4.54666621E-001
    313.13379   4.52943430E-001
    313.34818   4.51230142E-001
    313.56256   4.49526714E-001
    313.77695   4.47833102E-001
    313.99134   4.46149262E-001
    314.20573   4.44475149E-001
    314.42012   4.42810720E-001
    314.63450   4.41155932E-001
    314.84889   4.39510740E-001
    315.06328   4.37875102E-001
    315.27767   4.36248973E-001
    315.49205   4.34632310E-001
    315.70644   4.33025070E-001
    315.92083   4.31427210E-001
    316.13522   4.29838687E-001
    316.34960   4.28259457E-001
    316.56399   4.26689478E-001
    316.77838   4.25128707E-001
    316.99277   4.23577101E-001
    317.20715   4.22034617E-001
    317.42154   4.20501213E-001
    317.63593   4.18976846E-001
    317.85032   4.17461473E-001
    318.06470   4.15955052E-001
    318.27909   4.14457541E-001
    318.49348   4.12968897E-001
    318.70787   4.11489078E-001
    318.92226   4.10018042E-001
    319.13664   4.08555746E-001
    319.35103   4.07102150E-001
    319.56542   4.05657209E-001
    319.77981   4.04220884E-001
    319.99419   4.02793130E-001
    320.20858   4.01373908E-001
    320.42297   3.99963175E-001
    320.63736   3.98560889E-001
    320.85174   3.97167009E-001
    321.06613   3.95781493E-001
    321.28052   3.94404300E-001
    321.49491   3.93035387E-001
    321.70929   3.91674714E-001
    321.92368   3.90322239E-001
    322.13807   3.88977921E-001
    322.35246   3.87641719E-001
    322.56684   3.86313591E-001
    322.78123   3.84993496E-001
    322.99562   3.83681393E-001
    323.21001   3.82377242E-001
    323.42440   3.81081000E-001
    323.63878   3.79792627E-001
    323.85317   3.78512083E-001
    324.06756   3.77239326E-001
    324.28195   3.75974315E-001
    324.49633   3.74717011E-001
    324.71072   3.73467372E-001
    324.92511   3.72225357E-001
    325.13950   3.70990927E-001
    325.35388   3.69764040E-001
    325.56827   3.68544656E-001
    325.78266   3.67332736E-001
    325.99705   3.66128238E-001
    326.21143   3.64931122E-001
    326.42582   3.63741349E-001
    326.64021   3.62558878E-001
    326.85460   3.61383668E-001
    327.06898   3.60215681E-001
    327.28337   3.59054876E-001
    327.49776   3.57901213E-001
    327.71215   3.56754653E-001
    327.92654   3.55615156E-001
    328.14092   3.54482681E-001
    328.35531   3.53357190E-001
    328.56970   3.52238644E-001
    328.78409   3.51127002E-001
    328.99847   3.50022225E-001
    329.21286   3.48924274E-001
    329.42725   3.47833109E-001
    329.64164   3.46748692E-001
    329.85602   3.45670984E-001
    330.07041   3.44599945E-001
    330.28480   3.43535536E-001
    330.49919   3.42477720E-001
    330.71357   3.41426455E-001
    330.92796   3.40381705E-001
    331.14235   3.39343431E-001
    331.35674   3.38311593E-001
    331.57113   3.37286154E-001
    331.78551   3.36267075E-001
    331.99990   3.35254317E-001
    332.21429   3.34247844E-001
    332.42868   3.33247615E-001
    332.64306   3.32253594E-001
    332.85745   3.31265742E-001
    333.07184   3.30284022E-001
    333.28623   3.29308395E-001
    333.50061   3.28338824E-001
    333.71500   3.27375272E-001
    333.92939   3.26417700E-001
    334.14378   3.25466072E-001
    334.35816   3.24520349E-001
    334.57255   3.23580496E-001
    334.78694   3.22646474E-001
    335.00133   3.21718246E-001
    335.21571   3.20795776E-001
    335.43010   3.19879027E-001
    335.64449   3.18967962E-001
    335.85888   3.18062543E-001
    336.07327   3.17162736E-001
    336.28765   3.16268502E-001
    336.50204   3.15379806E-001
    336.71643   3.14496612E-001
    336.93082   3.13618883E-001
    337.14520   3.12746583E-001
    337.35959   3.11879676E-001
    337.57398   3.11018126E-001
    337.78837   3.10161899E-001
    338.00275   3.09310957E-001
    338.21714   3.08465265E-001
    338.43153   3.07624788E-001
    338.64592   3.06789491E-001
    338.86030   3.05959339E-001
    339.07469   3.05134295E-001
    339.28908   3.04314326E-001
    339.50347   3.03499396E-001
    339.71785   3.02689471E-001
    339.93224   3.01884516E-001
    340.14663   3.01084496E-001
    340.36102   3.00289377E-001
    340.57541   2.99499125E-001
    340.78979   2.98713705E-001
    341.00418   2.97933083E-001
    341.21857   2.97157226E-001
    341.43296   2.96386099E-001
    341.64734   2.95619669E-001
    341.86173   2.94857903E-001
    342.07612   2.94100766E-001
    342.29051   2.93348225E-001
    342.50489   2.92600247E-001
    342.71928   2.91856800E-001
    342.93367   2.91117849E-001
    343.14806   2.90383362E-001
    343.36244   2.89653307E-001
    343.57683   2.88927651E-001
    343.79122   2.88206360E-001
    344.00561   2.87489404E-001
    344.21999   2.86776749E-001
    344.43438   2.86068364E-001
    344.64877   2.85364216E-001
    344.86316   2.84664274E-001
    345.07755   2.83968505E-001
    345.29193   2.83276879E-001
    345.50632   2.82589364E-001
    345.72071   2.81905928E-001
    345.93510   2.81226541E-001
    346.14948   2.80551171E-001
    346.36387   2.79879787E-001
    346.57826   2.79212358E-001
    346.79265   2.78548854E-001
    347.00703   2.77889245E-001
    347.22142   2.77233499E-001
    347.43581   2.76581587E-001
    347.65020   2.75933478E-001
    347.86458   2.75289142E-001
    348.07897   2.74648550E-001
    348.29336   2.74011672E-001
    348.50775   2.73378478E-001
    348.72213   2.72748939E-001
    348.93652   2.72123025E-001
    349.15091   2.71500707E-001
    349.36530   2.70881956E-001
    349.57969   2.70266744E-001
    349.79407   2.69655041E-001
    350.00846   2.69046818E-001
    350.22285   2.68442048E-001
    350.43724   2.67840702E-001
    350.65162   2.67242752E-001
    350.86601   2.66648169E-001
    351.08040   2.66056926E-001
    351.29479   2.65468995E-001
    351.50917   2.64884348E-001
    351.72356   2.64302958E-001
    351.93795   2.63724797E-001
    352.15234   2.63149838E-001
    352.36672   2.62578054E-001
    352.58111   2.62009419E-001
    352.79550   2.61443904E-001
    353.00989   2.60881484E-001
    353.22428   2.60322132E-001
    353.43866   2.59765822E-001
    353.65305   2.59212527E-001
    353.86744   2.58662221E-001
    354.08183   2.58114879E-001
    354.29621   2.57570474E-001
    354.51060   2.57028981E-001
    354.72499   2.56490374E-001
    354.93938   2.55954628E-001
    355.15376   2.55421718E-001
    355.36815   2.54891618E-001
    355.58254   2.54364304E-001
    355.79693   2.53839750E-001
    356.01131   2.53317933E-001
    356.22570   2.52798827E-001
    356.44009   2.52282408E-001
    356.65448   2.51768652E-001
    356.86886   2.51257535E-001
    357.08325   2.50749032E-001
    357.29764   2.50243120E-001
    357.51203   2.49739776E-001
    357.72642   2.49238975E-001
    357.94080   2.48740695E-001
    358.15519   2.48244912E-001
    358.36958   2.47751603E-001
    358.58397   2.47260744E-001
    358.79835   2.46772314E-001
    359.01274   2.46286289E-001
    359.22713   2.45802648E-001
    359.44152   2.45321366E-001
    359.65590   2.44842423E-001
    359.87029   2.44365796E-001
    360.08468   2.43891463E-001
    360.29907   2.43419403E-001
    360.51345   2.42949593E-001
    360.72784   2.42482012E-001
    360.94223   2.42016639E-001
    361.15662   2.41553452E-001
    361.37100   2.41092430E-001
    361.58539   2.40633552E-001
    361.79978   2.40176798E-001
    362.01417   2.39722146E-001
    362.22856   2.39269577E-001
    362.44294   2.38819069E-001
    362.65733   2.38370602E-001
    362.87172   2.37924157E-001
    363.08611   2.37479712E-001
    363.30049   2.37037249E-001
    363.51488   2.36596748E-001
    363.72927   2.36158188E-001
    363.94366   2.35721551E-001
    364.15804   2.35286816E-001
    364.37243   2.34853966E-001
    364.58682   2.34422980E-001
    364.80121   2.33993841E-001
    365.01559   2.33566528E-001
    365.22998   2.33141024E-001
    365.44437   2.32717310E-001
    365.65876   2.32295367E-001
    365.87314   2.31875178E-001
    366.08753   2.31456724E-001
    366.30192   2.31039987E-001
    366.51631   2.30624949E-001
    366.73070   2.30211593E-001
    366.94508   2.29799901E-001
    367.15947   2.29389856E-001
    367.37386   2.28981440E-001
    367.58825   2.28574636E-001
    367.80263   2.28169427E-001
    368.01702   2.27765797E-001
    368.23141   2.27363728E-001
    368.44580   2.26963203E-001
    368.66018   2.26564207E-001
    368.87457   2.26166722E-001
    369.08896   2.25770733E-001
    369.30335   2.25376223E-001
    369.51773   2.24983177E-001
    369.73212   2.24591578E-001
    369.94651   2.24201411E-001
    370.16090   2.23812660E-001
    370.37528   2.23425309E-001
    370.58967   2.23039344E-001
    370.80406   2.22654748E-001
    371.01845   2.22271508E-001
    371.23284   2.21889607E-001
    371.44722   2.21509031E-001
    371.66161   2.21129766E-001
    371.87600   2.20751796E-001
    372.09039   2.20375107E-001
    372.30477   2.19999684E-001
    372.51916   2.19625514E-001
    372.73355   2.19252583E-001
    372.94794   2.18880875E-001
    373.16232   2.18510379E-001
    373.37671   2.18141078E-001
    373.59110   2.17772961E-001
    373.80549   2.17406013E-001
    374.01987   2.17040221E-001
    374.23426   2.16675572E-001
    374.44865   2.16312052E-001
    374.66304   2.15949648E-001
    374.87743   2.15588349E-001
    375.09181   2.15228139E-001
    375.30620   2.14869008E-001
    375.52059   2.14510942E-001
    375.73498   2.14153929E-001
    375.94936   2.13797957E-001
    376.16375   2.13443013E-001
    376.37814   2.13089085E-001
    376.59253   2.12736161E-001
    376.80691   2.12384229E-001
    377.02130   2.12033278E-001
    377.23569   2.11683295E-001
    377.45008   2.11334270E-001
    377.66446   2.10986190E-001
    377.87885   2.10639044E-001
    378.09324   2.10292822E-001
    378.30763   2.09947511E-001
    378.52201   2.09603101E-001
    378.73640   2.09259581E-001
    378.95079   2.08916940E-001
    379.16518   2.08575168E-001
    379.37957   2.08234254E-001
    379.59395   2.07894186E-001
    379.80834   2.07554956E-001
    380.02273   2.07216552E-001
    380.23712   2.06878965E-001
    380.45150   2.06542184E-001
    380.66589   2.06206199E-001
    380.88028   2.05871001E-001
    381.09467   2.05536580E-001
    381.30905   2.05202926E-001
    381.52344   2.04870029E-001
    381.73783   2.04537880E-001
    381.95222   2.04206470E-001
    382.16660   2.03875789E-001
    382.38099   2.03545828E-001
    382.59538   2.03216579E-001
    382.80977   2.02888031E-001
    383.02415   2.02560177E-001
    383.23854   2.02233008E-001
    383.45293   2.01906514E-001
    383.66732   2.01580687E-001
    383.88171   2.01255519E-001
    384.09609   2.00931001E-001
    384.31048   2.00607125E-001
    384.52487   2.00283883E-001
    384.73926   1.99961267E-001
    384.95364   1.99639268E-001
    385.16803   1.99317879E-001
    385.38242   1.98997091E-001
    385.59681   1.98676898E-001
    385.81119   1.98357291E-001
    386.02558   1.98038262E-001
    386.23997   1.97719805E-001
    386.45436   1.97401912E-001
    386.66874   1.97084575E-001
    386.88313   1.96767788E-001
    387.09752   1.96451543E-001
    387.31191   1.96135833E-001
    387.52629   1.95820651E-001
    387.74068   1.95505990E-001
    387.95507   1.95191844E-001
    388.16946   1.94878206E-001
    388.38385   1.94565068E-001
    388.59823   1.94252425E-001
    388.81262   1.93940271E-001
    389.02701   1.93628598E-001
    389.24140   1.93317400E-001
    389.45578   1.93006671E-001
    389.67017   1.92696406E-001
    389.88456   1.92386597E-001
    390.09895   1.92077239E-001
    390.31333   1.91768326E-001
    390.52772   1.91459853E-001
    390.74211   1.91151812E-001
    390.95650   1.90844200E-001
    391.17088   1.90537009E-001
    391.38527   1.90230236E-001
    391.59966   1.89923873E-001
    391.81405   1.89617916E-001
    392.02843   1.89312360E-001
    392.24282   1.89007198E-001
    392.45721   1.88702427E-001
    392.67160   1.88398041E-001
    392.88599   1.88094034E-001
    393.10037   1.87790403E-001
    393.31476   1.87487142E-001
    393.52915   1.87184246E-001
    393.74354   1.86881710E-001
    393.95792   1.86579531E-001
    394.17231   1.86277702E-001
    394.38670   1.85976221E-001
    394.60109   1.85675082E-001
    394.81547   1.85374281E-001
    395.02986   1.85073813E-001
    395.24425   1.84773675E-001
    395.45864   1.84473861E-001
    395.67302   1.84174369E-001
    395.88741   1.83875194E-001
    396.10180   1.83576332E-001
    396.31619   1.83277778E-001
    396.53057   1.82979530E-001
    396.74496   1.82681583E-001
    396.95935   1.82383933E-001
    397.17374   1.82086578E-001
    397.38813   1.81789512E-001
    397.60251   1.81492733E-001
    397.81690   1.81196238E-001
    398.03129   1.80900022E-001
    398.24568   1.80604082E-001
    398.46006   1.80308415E-001
    398.67445   1.80013018E-001
    398.88884   1.79717887E-001
    399.10323   1.79423019E-001
    399.31761   1.79128412E-001
    399.53200   1.78834062E-001
    399.74639   1.78539965E-001
    399.96078   1.78246120E-001
    400.17516   1.77952524E-001
    400.38955   1.77659172E-001
    400.60394   1.77366064E-001
    400.81833   1.77073195E-001
    401.03272   1.76780564E-001
    401.24710   1.76488167E-001
    401.46149   1.76196002E-001
    401.67588   1.75904067E-001
    401.89027   1.75612359E-001
    402.10465   1.75320876E-001
    402.31904   1.75029615E-001
    402.53343   1.74738574E-001
    402.74782   1.74447750E-001
    402.96220   1.74157142E-001
    403.17659   1.73866748E-001
    403.39098   1.73576564E-001
    403.60537   1.73286590E-001
    403.81975   1.72996823E-001
    404.03414   1.72707261E-001
    404.24853   1.72417902E-001
    404.46292   1.72128744E-001
    404.67730   1.71839786E-001
    404.89169   1.71551025E-001
    405.10608   1.71262460E-001
    405.32047   1.70974089E-001
    405.53486   1.70685910E-001
    405.74924   1.70397923E-001
    405.96363   1.70110124E-001
    406.17802   1.69822513E-001
    406.39241   1.69535089E-001
    406.60679   1.69247849E-001
    406.82118   1.68960792E-001
    407.03557   1.68673917E-001
    407.24996   1.68387222E-001
    407.46434   1.68100707E-001
    407.67873   1.67814369E-001
    407.89312   1.67528208E-001
    408.10751   1.67242223E-001
    408.32189   1.66956412E-001
    408.53628   1.66670774E-001
    408.75067   1.66385308E-001
    408.96506   1.66100014E-001
    409.17944   1.65814889E-001
    409.39383   1.65529933E-001
    409.60822   1.65245146E-001
    409.82261   1.64960526E-001
    410.03700   1.64676072E-001
    410.25138   1.64391783E-001
    410.46577   1.64107660E-001
    410.68016   1.63823700E-001
    410.89455   1.63539903E-001
    411.10893   1.63256269E-001
    411.32332   1.62972797E-001
    411.53771   1.62689486E-001
    411.75210   1.62406335E-001
    411.96648   1.62123345E-001
    412.18087   1.61840513E-001
    412.39526   1.61557841E-001
    412.60965   1.61275327E-001
    412.82403   1.60992971E-001
    413.03842   1.60710773E-001
    413.25281   1.60428731E-001
    413.46720   1.60146847E-001
    413.68158   1.59865119E-001
    413.89597   1.59583546E-001
    414.11036   1.59302130E-001
    414.32475   1.59020869E-001
    414.53914   1.58739764E-001
    414.75352   1.58458813E-001
    414.96791   1.58178017E-001
    415.18230   1.57897376E-001
    415.39669   1.57616890E-001
    415.61107   1.57336558E-001
    415.82546   1.57056381E-001
    416.03985   1.56776357E-001
    416.25424   1.56496489E-001
    416.46862   1.56216774E-001
    416.68301   1.55937213E-001
    416.89740   1.55657807E-001
    417.11179   1.55378556E-001
    417.32617   1.55099458E-001
    417.54056   1.54820516E-001
    417.75495   1.54541728E-001
    417.96934   1.54263095E-001
    418.18372   1.53984616E-001
    418.39811   1.53706293E-001
    418.61250   1.53428125E-001
    418.82689   1.53150113E-001
    419.04128   1.52872257E-001
    419.25566   1.52594557E-001
    419.47005   1.52317013E-001
    419.68444   1.52039626E-001
    419.89883   1.51762396E-001
    420.11321   1.51485323E-001
    420.32760   1.51208408E-001
    420.54199   1.50931651E-001
    420.75638   1.50655052E-001
    420.97076   1.50378613E-001
    421.18515   1.50102332E-001
    421.39954   1.49826212E-001
    421.61393   1.49550252E-001
    421.82831   1.49274452E-001
    422.04270   1.48998814E-001
    422.25709   1.48723337E-001
    422.47148   1.48448023E-001
    422.68587   1.48172871E-001
    422.90025   1.47897883E-001
    423.11464   1.47623058E-001
    423.32903   1.47348399E-001
    423.54342   1.47073904E-001
    423.75780   1.46799575E-001
    423.97219   1.46525412E-001
    424.18658   1.46251416E-001
    424.40097   1.45977588E-001
    424.61535   1.45703928E-001
    424.82974   1.45430438E-001
    425.04413   1.45157116E-001
    425.25852   1.44883966E-001
    425.47290   1.44610986E-001
    425.68729   1.44338178E-001
    425.90168   1.44065543E-001
    426.11607   1.43793081E-001
    426.33045   1.43520793E-001
    426.54484   1.43248679E-001
    426.75923   1.42976742E-001
    426.97362   1.42704981E-001
    427.18801   1.42433397E-001
    427.40239   1.42161991E-001
    427.61678   1.41890764E-001
    427.83117   1.41619717E-001
    428.04556   1.41348850E-001
    428.25994   1.41078165E-001
    428.47433   1.40807662E-001
    428.68872   1.40537342E-001
    428.90311   1.40267206E-001
    429.11749   1.39997254E-001
    429.33188   1.39727489E-001
    429.54627   1.39457910E-001
    429.76066   1.39188519E-001
    429.97504   1.38919317E-001
    430.18943   1.38650303E-001
    430.40382   1.38381481E-001
    430.61821   1.38112849E-001
    430.83259   1.37844410E-001
    431.04698   1.37576164E-001
    431.26137   1.37308112E-001
    431.47576   1.37040255E-001
    431.69015   1.36772594E-001
    431.90453   1.36505130E-001
    432.11892   1.36237864E-001
    432.33331   1.35970798E-001
    432.54770   1.35703931E-001
    432.76208   1.35437265E-001
    432.97647   1.35170802E-001
    433.19086   1.34904541E-001
    433.40525   1.34638485E-001
    433.61963   1.34372633E-001
    433.83402   1.34106988E-001
    434.04841   1.33841549E-001
    434.26280   1.33576319E-001
    434.47718   1.33311298E-001
    434.69157   1.33046487E-001
    434.90596   1.32781888E-001
    435.12035   1.32517500E-001
    435.33473   1.32253326E-001
    435.54912   1.31989366E-001
    435.76351   1.31725622E-001
    435.97790   1.31462094E-001
    436.19229   1.31198784E-001
    436.40667   1.30935693E-001
    436.62106   1.30672821E-001
    436.83545   1.30410169E-001
    437.04984   1.30147740E-001
    437.26422   1.29885533E-001
    437.47861   1.29623551E-001
    437.69300   1.29361793E-001
    437.90739   1.29100261E-001
    438.12177   1.28838957E-001
    438.33616   1.28577880E-001
    438.55055   1.28317033E-001
    438.76494   1.28056417E-001
    438.97932   1.27796032E-001
    439.19371   1.27535879E-001
    439.40810   1.27275960E-001
    439.62249   1.27016276E-001
    439.83687   1.26756827E-001
    440.05126   1.26497615E-001
    440.26565   1.26238642E-001
    440.48004   1.25979907E-001
    440.69443   1.25721412E-001
    440.90881   1.25463159E-001
    441.12320   1.25205148E-001
    441.33759   1.24947380E-001
    441.55198   1.24689856E-001
    441.76636   1.24432578E-001
    441.98075   1.24175547E-001
    442.19514   1.23918763E-001
    442.40953   1.23662228E-001
    442.62391   1.23405943E-001
    442.83830   1.23149908E-001
    443.05269   1.22894126E-001
    443.26708   1.22638596E-001
    443.48146   1.22383321E-001
    443.69585   1.22128301E-001
    443.91024   1.21873537E-001
    444.12463   1.21619030E-001
    444.33902   1.21364782E-001
    444.55340   1.21110793E-001
    444.76779   1.20857064E-001
    444.98218   1.20603597E-001
    445.19657   1.20350393E-001
    445.41095   1.20097452E-001
    445.62534   1.19844776E-001
    445.83973   1.19592365E-001
    446.05412   1.19340222E-001
    446.26850   1.19088346E-001
    446.48289   1.18836739E-001
    446.69728   1.18585402E-001
    446.91167   1.18334336E-001
    447.12605   1.18083542E-001
    447.34044   1.17833020E-001
    447.55483   1.17582773E-001
    447.76922   1.17332801E-001
    447.98360   1.17083105E-001
    448.19799   1.16833685E-001
    448.41238   1.16584544E-001
    448.62677   1.16335682E-001
    448.84116   1.16087100E-001
    449.05554   1.15838799E-001
    449.26993   1.15590781E-001
    449.48432   1.15343045E-001
    449.69871   1.15095593E-001
    449.91309   1.14848427E-001
    450.12748   1.14601546E-001
    450.34187   1.14354952E-001
    450.55626   1.14108647E-001
    450.77064   1.13862630E-001
    450.98503   1.13616903E-001
    451.19942   1.13371468E-001
    451.41381   1.13126323E-001
    451.62819   1.12881472E-001
    451.84258   1.12636915E-001
    452.05697   1.12392652E-001
    452.27136   1.12148684E-001
    452.48574   1.11905014E-001
    452.70013   1.11661641E-001
    452.91452   1.11418566E-001
    453.12891   1.11175790E-001
    453.34330   1.10933315E-001
    453.55768   1.10691141E-001
    453.77207   1.10449269E-001
    453.98646   1.10207700E-001
    454.20085   1.09966435E-001
    454.41523   1.09725474E-001
    454.62962   1.09484820E-001
    454.84401   1.09244471E-001
    455.05840   1.09004430E-001
    455.27278   1.08764698E-001
    455.48717   1.08525274E-001
    455.70156   1.08286161E-001
    455.91595   1.08047359E-001
    456.13033   1.07808868E-001
    456.34472   1.07570689E-001
    456.55911   1.07332825E-001
    456.77350   1.07095274E-001
    456.98788   1.06858038E-001
    457.20227   1.06621119E-001
    457.41666   1.06384516E-001
    457.63105   1.06148230E-001
    457.84544   1.05912263E-001
    458.05982   1.05676615E-001
    458.27421   1.05441287E-001
    458.48860   1.05206280E-001
    458.70299   1.04971594E-001
    458.91737   1.04737231E-001
    459.13176   1.04503190E-001
    459.34615   1.04269474E-001
    459.56054   1.04036082E-001
    459.77492   1.03803015E-001
    459.98931   1.03570275E-001
    460.20370   1.03337861E-001
    460.41809   1.03105775E-001
    460.63247   1.02874018E-001
    460.84686   1.02642589E-001
    461.06125   1.02411490E-001
    461.27564   1.02180722E-001
    461.49002   1.01950285E-001
    461.70441   1.01720180E-001
    461.91880   1.01490407E-001
    462.13319   1.01260968E-001
    462.34758   1.01031863E-001
    462.56196   1.00803092E-001
    462.77635   1.00574657E-001
    462.99074   1.00346558E-001
    463.20513   1.00118796E-001
    463.41951   9.98913707E-002
    463.63390   9.96642836E-002
    463.84829   9.94375352E-002
    464.06268   9.92111261E-002
    464.27706   9.89850569E-002
    464.49145   9.87593282E-002
    464.70584   9.85339408E-002
    464.92023   9.83088951E-002
    465.13461   9.80841918E-002
    465.34900   9.78598315E-002
    465.56339   9.76358148E-002
    465.77778   9.74121423E-002
    465.99217   9.71888146E-002
    466.20655   9.69658323E-002
    466.42094   9.67431958E-002
    466.63533   9.65209059E-002
    466.84972   9.62989630E-002
    467.06410   9.60773677E-002
    467.27849   9.58561205E-002
    467.49288   9.56352220E-002
    467.70727   9.54146728E-002
    467.92165   9.51944734E-002
    468.13604   9.49746242E-002
    468.35043   9.47551258E-002
    468.56482   9.45359787E-002
    468.77920   9.43171834E-002
    468.99359   9.40987405E-002
    469.20798   9.38806504E-002
    469.42237   9.36629135E-002
    469.63675   9.34455304E-002
    469.85114   9.32285016E-002
    470.06553   9.30118275E-002
    470.27992   9.27955085E-002
    470.49431   9.25795452E-002
    470.70869   9.23639379E-002
    470.92308   9.21486872E-002
    471.13747   9.19337935E-002
    471.35186   9.17192571E-002
    471.56624   9.15050785E-002
    471.78063   9.12912582E-002
    471.99502   9.10777965E-002
    472.20941   9.08646939E-002
    472.42379   9.06519507E-002
    472.63818   9.04395674E-002
    472.85257   9.02275443E-002
    473.06696   9.00158818E-002
    473.28134   8.98045803E-002
    473.49573   8.95936402E-002
    473.71012   8.93830617E-002
    473.92451   8.91728454E-002
    474.13889   8.89629915E-002
    474.35328   8.87535004E-002
    474.56767   8.85443724E-002
    474.78206   8.83356079E-002
    474.99645   8.81272071E-002
    475.21083   8.79191705E-002
    475.42522   8.77114982E-002
    475.63961   8.75041907E-002
    475.85400   8.72972482E-002
    476.06838   8.70906711E-002
    476.28277   8.68844596E-002
    476.49716   8.66786139E-002
    476.71155   8.64731345E-002
    476.92593   8.62680215E-002
    477.14032   8.60632753E-002
    477.35471   8.58588960E-002
    477.56910   8.56548840E-002
    477.78348   8.54512395E-002
    477.99787   8.52479627E-002
    478.21226   8.50450540E-002
    478.42665   8.48425134E-002
    478.64103   8.46403413E-002
    478.85542   8.44385378E-002
    479.06981   8.42371032E-002
    479.28420   8.40360377E-002
    479.49859   8.38353415E-002
    479.71297   8.36350148E-002
    479.92736   8.34350578E-002
    480.14175   8.32354707E-002
    480.35614   8.30362536E-002
    480.57052   8.28374067E-002
    480.78491   8.26389303E-002
    480.99930   8.24408244E-002
    481.21369   8.22430893E-002
    481.42807   8.20457250E-002
    481.64246   8.18487318E-002
    481.85685   8.16521097E-002
    482.07124   8.14558589E-002
    482.28562   8.12599796E-002
    482.50001   8.10644719E-002
    482.71440   8.08693358E-002
    482.92879   8.06745715E-002
    483.14317   8.04801792E-002
    483.35756   8.02861588E-002
    483.57195   8.00925106E-002
    483.78634   7.98992346E-002
    484.00073   7.97063309E-002
    484.21511   7.95137996E-002
    484.42950   7.93216407E-002
    484.64389   7.91298544E-002
    484.85828   7.89384407E-002
    485.07266   7.87473996E-002
    485.28705   7.85567312E-002
    485.50144   7.83664356E-002
    485.71583   7.81765129E-002
    485.93021   7.79869630E-002
    486.14460   7.77977859E-002
    486.35899   7.76089819E-002
    486.57338   7.74205507E-002
    486.78776   7.72324925E-002
    487.00215   7.70448073E-002
    487.21654   7.68574951E-002
    487.43093   7.66705560E-002
    487.64531   7.64839898E-002
    487.85970   7.62977966E-002
    488.07409   7.61119764E-002
    488.28848   7.59265292E-002
    488.50287   7.57414549E-002
    488.71725   7.55567536E-002
    488.93164   7.53724251E-002
    489.14603   7.51884696E-002
    489.36042   7.50048869E-002
    489.57480   7.48216769E-002
    489.78919   7.46388397E-002
    490.00358   7.44563752E-002
    490.21797   7.42742833E-002
    490.43235   7.40925640E-002
    490.64674   7.39112172E-002
    490.86113   7.37302428E-002
    491.07552   7.35496408E-002
    491.28990   7.33694110E-002
    491.50429   7.31895535E-002
    491.71868   7.30100680E-002
    491.93307   7.28309545E-002
    492.14746   7.26522129E-002
    492.36184   7.24738432E-002
    492.57623   7.22958451E-002
    492.79062   7.21182186E-002
    493.00501   7.19409635E-002
    493.21939   7.17640799E-002
    493.43378   7.15875674E-002
    493.64817   7.14114260E-002
    493.86256   7.12356555E-002
    494.07694   7.10602559E-002
    494.29133   7.08852269E-002
    494.50572   7.07105685E-002
    494.72011   7.05362804E-002
    494.93449   7.03623626E-002
    495.14888   7.01888148E-002
    495.36327   7.00156369E-002
    495.57766   6.98428287E-002
    495.79204   6.96703900E-002
    496.00643   6.94983208E-002
    496.22082   6.93266207E-002
    496.43521   6.91552896E-002
    496.64960   6.89843274E-002
    496.86398   6.88137338E-002
    497.07837   6.86435086E-002
    497.29276   6.84736517E-002
    497.50715   6.83041627E-002
    497.72153   6.81350416E-002
    497.93592   6.79662881E-002
    498.15031   6.77979020E-002
    498.36470   6.76298831E-002
    498.57908   6.74622311E-002
    498.79347   6.72949458E-002
    499.00786   6.71280270E-002
    499.22225   6.69614745E-002
    499.43663   6.67952879E-002
    499.65102   6.66294672E-002
    499.86541   6.64640119E-002
    500.07980   6.62989220E-002
    500.29418   6.61341970E-002
    500.50857   6.59698369E-002
    500.72296   6.58058412E-002
    500.93735   6.56422098E-002
    501.15174   6.54789423E-002
    501.36612   6.53160385E-002
    501.58051   6.51534982E-002
    501.79490   6.49913210E-002
    502.00929   6.48295067E-002
    502.22367   6.46680549E-002
    502.43806   6.45069655E-002
    502.65245   6.43462380E-002
    502.86684   6.41858723E-002
    503.08122   6.40258680E-002
    503.29561   6.38662247E-002
    503.51000   6.37069423E-002
    503.72439   6.35480203E-002
    503.93877   6.33894586E-002
    504.15316   6.32312567E-002
    504.36755   6.30734143E-002
    504.58194   6.29159312E-002
    504.79632   6.27588070E-002
    505.01071   6.26020414E-002
    505.22510   6.24456340E-002
    505.43949   6.22895845E-002
    505.65388   6.21338926E-002
    505.86826   6.19785579E-002
    506.08265   6.18235801E-002
    506.29704   6.16689589E-002
    506.51143   6.15146938E-002
    506.72581   6.13607846E-002
    506.94020   6.12072309E-002
    507.15459   6.10540324E-002
    507.36898   6.09011886E-002
    507.58336   6.07486992E-002
    507.79775   6.05965639E-002
    508.01214   6.04447823E-002
    508.22653   6.02933539E-002
    508.44091   6.01422786E-002
    508.65530   5.99915557E-002
    508.86969   5.98411851E-002
    509.08408   5.96911662E-002
    509.29846   5.95414987E-002
    509.51285   5.93921823E-002
    509.72724   5.92432165E-002
    509.94163   5.90946010E-002
    510.15602   5.89463353E-002
    510.37040   5.87984190E-002
    510.58479   5.86508518E-002
    510.79918   5.85036333E-002
    511.01357   5.83567629E-002
    511.22795   5.82102405E-002
    511.44234   5.80640654E-002
    511.65673   5.79182374E-002
    511.87112   5.77727559E-002
    512.08550   5.76276206E-002
    512.29989   5.74828311E-002
    512.51428   5.73383870E-002
    512.72867   5.71942877E-002
    512.94305   5.70505329E-002
    513.15744   5.69071222E-002
    513.37183   5.67640551E-002
    513.58622   5.66213312E-002
    513.80061   5.64789501E-002
    514.01499   5.63369112E-002
    514.22938   5.61952143E-002
    514.44377   5.60538588E-002
    514.65816   5.59128443E-002
    514.87254   5.57721703E-002
    515.08693   5.56318365E-002
    515.30132   5.54918423E-002
    515.51571   5.53521873E-002
    515.73009   5.52128710E-002
    515.94448   5.50738930E-002
    516.15887   5.49352529E-002
    516.37326   5.47969501E-002
    516.58764   5.46589842E-002
    516.80203   5.45213547E-002
    517.01642   5.43840613E-002
    517.23081   5.42471033E-002
    517.44519   5.41104804E-002
    517.65958   5.39741920E-002
    517.87397   5.38382377E-002
    518.08836   5.37026171E-002
    518.30275   5.35673296E-002
    518.51713   5.34323747E-002
    518.73152   5.32977520E-002
    518.94591   5.31634611E-002
    519.16030   5.30295013E-002
    519.37468   5.28958722E-002
    519.58907   5.27625734E-002
    519.80346   5.26296044E-002
    520.01785   5.24969646E-002
    520.23223   5.23646536E-002
    520.44662   5.22326708E-002
    520.66101   5.21010159E-002
    520.87540   5.19696882E-002
    521.08978   5.18386872E-002
    521.30417   5.17080126E-002
    521.51856   5.15776638E-002
    521.73295   5.14476402E-002
    521.94733   5.13179414E-002
    522.16172   5.11885669E-002
    522.37611   5.10595161E-002
    522.59050   5.09307886E-002
    522.80489   5.08023838E-002
    523.01927   5.06743012E-002
    523.23366   5.05465404E-002
    523.44805   5.04191008E-002
    523.66244   5.02919818E-002
    523.87682   5.01651830E-002
    524.09121   5.00387039E-002
    524.30560   4.99125439E-002
    524.51999   4.97867025E-002
    524.73437   4.96611792E-002
    524.94876   4.95359734E-002
    525.16315   4.94110847E-002
    525.37754   4.92865126E-002
    525.59192   4.91622564E-002
    525.80631   4.90383156E-002
    526.02070   4.89146898E-002
    526.23509   4.87913784E-002
    526.44947   4.86683808E-002
    526.66386   4.85456966E-002
    526.87825   4.84233252E-002
    527.09264   4.83012661E-002
    527.30703   4.81795187E-002
    527.52141   4.80580825E-002
    527.73580   4.79369569E-002
    527.95019   4.78161415E-002
    528.16458   4.76956357E-002
    528.37896   4.75754389E-002
    528.59335   4.74555506E-002
    528.80774   4.73359702E-002
    529.02213   4.72166973E-002
    529.23651   4.70977312E-002
    529.45090   4.69790714E-002
    529.66529   4.68607175E-002
    529.87968   4.67426687E-002
    530.09406   4.66249247E-002
    530.30845   4.65074847E-002
    530.52284   4.63903484E-002
    530.73723   4.62735151E-002
    530.95161   4.61569843E-002
    531.16600   4.60407554E-002
    531.38039   4.59248279E-002
    531.59478   4.58092012E-002
    531.80917   4.56938748E-002
    532.02355   4.55788481E-002
    532.23794   4.54641205E-002
    532.45233   4.53496916E-002
    532.66672   4.52355608E-002
    532.88110   4.51217274E-002
    533.09549   4.50081909E-002
    533.30988   4.48949509E-002
    533.52427   4.47820066E-002
    533.73865   4.46693576E-002
    533.95304   4.45570033E-002
    534.16743   4.44449432E-002
    534.38182   4.43331766E-002
    534.59620   4.42217030E-002
    534.81059   4.41105219E-002
    535.02498   4.39996327E-002
    535.23937   4.38890348E-002
    535.45376   4.37787277E-002
    535.66814   4.36687107E-002
    535.88253   4.35589834E-002
    536.09692   4.34495452E-002
    536.31131   4.33403954E-002
    536.52569   4.32315336E-002
    536.74008   4.31229592E-002
    536.95447   4.30146715E-002
    537.16886   4.29066701E-002
    537.38324   4.27989544E-002
    537.59763   4.26915237E-002
    537.81202   4.25843776E-002
    538.02641   4.24775155E-002
    538.24079   4.23709367E-002
    538.45518   4.22646408E-002
    538.66957   4.21586271E-002
    538.88396   4.20528951E-002
    539.09834   4.19474442E-002
    539.31273   4.18422739E-002
    539.52712   4.17373835E-002
    539.74151   4.16327725E-002
    539.95590   4.15284403E-002
    540.17028   4.14243865E-002
    540.38467   4.13206102E-002
    540.59906   4.12171112E-002
    540.81345   4.11138886E-002
    541.02783   4.10109420E-002
    541.24222   4.09082708E-002
    541.45661   4.08058745E-002
    541.67100   4.07037524E-002
    541.88538   4.06019039E-002
    542.09977   4.05003286E-002
    542.31416   4.03990258E-002
    542.52855   4.02979950E-002
    542.74293   4.01972356E-002
    542.95732   4.00967469E-002
    543.17171   3.99965285E-002
    543.38610   3.98965798E-002
    543.60048   3.97969002E-002
    543.81487   3.96974891E-002
    544.02926   3.95983459E-002
    544.24365   3.94994701E-002
    544.45804   3.94008612E-002
    544.67242   3.93025184E-002
    544.88681   3.92044413E-002
    545.10120   3.91066293E-002
    545.31559   3.90090817E-002
    545.52997   3.89117981E-002
    545.74436   3.88147779E-002
    545.95875   3.87180205E-002
    546.17314   3.86215252E-002
    546.38752   3.85252916E-002
    546.60191   3.84293191E-002
    546.81630   3.83336071E-002
    547.03069   3.82381550E-002
    547.24507   3.81429622E-002
    547.45946   3.80480282E-002
    547.67385   3.79533524E-002
    547.88824   3.78589343E-002
    548.10262   3.77647732E-002
    548.31701   3.76708686E-002
    548.53140   3.75772199E-002
    548.74579   3.74838265E-002
    548.96018   3.73906880E-002
    549.17456   3.72978036E-002
    549.38895   3.72051728E-002
    549.60334   3.71127952E-002
    549.81773   3.70206700E-002
    550.03211   3.69287967E-002
    550.24650   3.68371748E-002
    550.46089   3.67458036E-002
    550.67528   3.66546827E-002
    550.88966   3.65638114E-002
    551.10405   3.64731892E-002
    551.31844   3.63828154E-002
    551.53283   3.62926897E-002
    551.74721   3.62028112E-002
    551.96160   3.61131796E-002
    552.17599   3.60237942E-002
    552.39038   3.59346545E-002
    552.60476   3.58457599E-002
    552.81915   3.57571098E-002
    553.03354   3.56687036E-002
    553.24793   3.55805409E-002
    553.46232   3.54926210E-002
    553.67670   3.54049433E-002
    553.89109   3.53175074E-002
    554.10548   3.52303126E-002
    554.31987   3.51433584E-002
    554.53425   3.50566442E-002
    554.74864   3.49701694E-002
    554.96303   3.48839335E-002
    555.17742   3.47979360E-002
    555.39180   3.47121762E-002
    555.60619   3.46266536E-002
    555.82058   3.45413676E-002
    556.03497   3.44563178E-002
    556.24935   3.43715034E-002
    556.46374   3.42869240E-002
    556.67813   3.42025790E-002
    556.89252   3.41184678E-002
    557.10690   3.40345900E-002
    557.32129   3.39509448E-002
    557.53568   3.38675318E-002
    557.75007   3.37843504E-002
    557.96446   3.37014001E-002
    558.17884   3.36186803E-002
    558.39323   3.35361904E-002
    558.60762   3.34539299E-002
    558.82201   3.33718982E-002
    559.03639   3.32900948E-002
    559.25078   3.32085192E-002
    559.46517   3.31271707E-002
    559.67956   3.30460488E-002
    559.89394   3.29651530E-002
    560.10833   3.28844827E-002
    560.32272   3.28040374E-002
    560.53711   3.27238165E-002
    560.75149   3.26438195E-002
    560.96588   3.25640457E-002
    561.18027   3.24844948E-002
    561.39466   3.24051661E-002
    561.60905   3.23260590E-002
    561.82343   3.22471731E-002
    562.03782   3.21685078E-002
    562.25221   3.20900625E-002
    562.46660   3.20118367E-002
    562.68098   3.19338299E-002
    562.89537   3.18560414E-002
    563.10976   3.17784709E-002
    563.32415   3.17011176E-002
    563.53853   3.16239811E-002
    563.75292   3.15470609E-002
    563.96731   3.14703564E-002
    564.18170   3.13938670E-002
    564.39608   3.13175923E-002
    564.61047   3.12415316E-002
    564.82486   3.11656845E-002
    565.03925   3.10900504E-002
    565.25363   3.10146287E-002
    565.46802   3.09394190E-002
    565.68241   3.08644207E-002
    565.89680   3.07896333E-002
    566.11119   3.07150562E-002
    566.32557   3.06406889E-002
    566.53996   3.05665308E-002
    566.75435   3.04925815E-002
    566.96874   3.04188404E-002
    567.18312   3.03453070E-002
    567.39751   3.02719808E-002
    567.61190   3.01988611E-002
    567.82629   3.01259476E-002
    568.04067   3.00532396E-002
    568.25506   2.99807366E-002
    568.46945   2.99084382E-002
    568.68384   2.98363437E-002
    568.89822   2.97644528E-002
    569.11261   2.96927647E-002
    569.32700   2.96212791E-002
    569.54139   2.95499953E-002
    569.75577   2.94789130E-002
    569.97016   2.94080315E-002
    570.18455   2.93373503E-002
    570.39894   2.92668689E-002
    570.61333   2.91965869E-002
    570.82771   2.91265036E-002
    571.04210   2.90566186E-002
    571.25649   2.89869313E-002
    571.47088   2.89174412E-002
    571.68526   2.88481479E-002
    571.89965   2.87790508E-002
    572.11404   2.87101494E-002
    572.32843   2.86414431E-002
    572.54281   2.85729315E-002
    572.75720   2.85046141E-002
    572.97159   2.84364903E-002
    573.18598   2.83685597E-002
    573.40036   2.83008217E-002
    573.61475   2.82332758E-002
    573.82914   2.81659216E-002
    574.04353   2.80987584E-002
    574.25791   2.80317859E-002
    574.47230   2.79650034E-002
    574.68669   2.78984106E-002
    574.90108   2.78320069E-002
    575.11547   2.77657918E-002
    575.32985   2.76997647E-002
    575.54424   2.76339253E-002
    575.75863   2.75682730E-002
    575.97302   2.75028072E-002
    576.18740   2.74375276E-002
    576.40179   2.73724336E-002
    576.61618   2.73075247E-002
    576.83057   2.72428004E-002
    577.04495   2.71782603E-002
    577.25934   2.71139037E-002
    577.47373   2.70497303E-002
    577.68812   2.69857396E-002
    577.90250   2.69219310E-002
    578.11689   2.68583041E-002
    578.33128   2.67948584E-002
    578.54567   2.67315933E-002
    578.76005   2.66685085E-002
    578.97444   2.66056034E-002
    579.18883   2.65428775E-002
    579.40322   2.64803304E-002
    579.61761   2.64179615E-002
    579.83199   2.63557704E-002
    580.04638   2.62937567E-002
    580.26077   2.62319197E-002
    580.47516   2.61702591E-002
    580.68954   2.61087743E-002
    580.90393   2.60474650E-002
    581.11832   2.59863305E-002
    581.33271   2.59253705E-002
    581.54709   2.58645844E-002
    581.76148   2.58039718E-002
    581.97587   2.57435322E-002
    582.19026   2.56832652E-002
    582.40464   2.56231702E-002
    582.61903   2.55632468E-002
    582.83342   2.55034945E-002
    583.04781   2.54439129E-002
    583.26220   2.53845014E-002
    583.47658   2.53252597E-002
    583.69097   2.52661872E-002
    583.90536   2.52072835E-002
    584.11975   2.51485481E-002
    584.33413   2.50899806E-002
    584.54852   2.50315805E-002
    584.76291   2.49733473E-002
    584.97730   2.49152805E-002
    585.19168   2.48573798E-002
    585.40607   2.47996446E-002
    585.62046   2.47420746E-002
    585.83485   2.46846691E-002
    586.04923   2.46274278E-002
    586.26362   2.45703503E-002
    586.47801   2.45134360E-002
    586.69240   2.44566845E-002
    586.90678   2.44000954E-002
    587.12117   2.43436682E-002
    587.33556   2.42874025E-002
    587.54995   2.42312977E-002
    587.76434   2.41753536E-002
    587.97872   2.41195695E-002
    588.19311   2.40639451E-002
    588.40750   2.40084799E-002
    588.62189   2.39531734E-002
    588.83627   2.38980253E-002
    589.05066   2.38430351E-002
    589.26505   2.37882023E-002
    589.47944   2.37335265E-002
    589.69382   2.36790073E-002
    589.90821   2.36246442E-002
    590.12260   2.35704368E-002
    590.33699   2.35163846E-002
    590.55137   2.34624872E-002
    590.76576   2.34087441E-002
    590.98015   2.33551550E-002
    591.19454   2.33017194E-002
    591.40892   2.32484368E-002
    591.62331   2.31953069E-002
    591.83770   2.31423292E-002
    592.05209   2.30895032E-002
    592.26648   2.30368286E-002
    592.48086   2.29843049E-002
    592.69525   2.29319317E-002
    592.90964   2.28797085E-002
    593.12403   2.28276349E-002
    593.33841   2.27757106E-002
    593.55280   2.27239350E-002
    593.76719   2.26723078E-002
    593.98158   2.26208285E-002
    594.19596   2.25694967E-002
    594.41035   2.25183120E-002
    594.62474   2.24672740E-002
    594.83913   2.24163822E-002
    595.05351   2.23656362E-002
    595.26790   2.23150357E-002
    595.48229   2.22645802E-002
    595.69668   2.22142693E-002
    595.91106   2.21641025E-002
    596.12545   2.21140795E-002
    596.33984   2.20641998E-002
    596.55423   2.20144631E-002
    596.76862   2.19648689E-002
    596.98300   2.19154168E-002
    597.19739   2.18661064E-002
    597.41178   2.18169373E-002
    597.62617   2.17679092E-002
    597.84055   2.17190215E-002
    598.05494   2.16702738E-002
    598.26933   2.16216659E-002
    598.48372   2.15731973E-002
    598.69810   2.15248675E-002
    598.91249   2.14766762E-002
    599.12688   2.14286229E-002
    599.34127   2.13807073E-002
    599.55565   2.13329291E-002
    599.77004   2.12852876E-002
    599.98443   2.12377827E-002
    600.19882   2.11904139E-002
    600.41320   2.11431807E-002
    600.62759   2.10960829E-002
    600.84198   2.10491199E-002
    601.05637   2.10022915E-002
    601.27076   2.09555972E-002
    601.48514   2.09090366E-002
    601.69953   2.08626094E-002
    601.91392   2.08163151E-002
    602.12831   2.07701534E-002
    602.34269   2.07241239E-002
    602.55708   2.06782262E-002
    602.77147   2.06324599E-002
    602.98586   2.05868246E-002
    603.20024   2.05413200E-002
    603.41463   2.04959456E-002
    603.62902   2.04507011E-002
    603.84341   2.04055862E-002
    604.05779   2.03606003E-002
    604.27218   2.03157432E-002
    604.48657   2.02710145E-002
    604.70096   2.02264138E-002
    604.91535   2.01819407E-002
    605.12973   2.01375948E-002
    605.34412   2.00933758E-002
    605.55851   2.00492833E-002
    605.77290   2.00053170E-002
    605.98728   1.99614764E-002
    606.20167   1.99177612E-002
    606.41606   1.98741710E-002
    606.63045   1.98307055E-002
    606.84483   1.97873642E-002
    607.05922   1.97441469E-002
    607.27361   1.97010531E-002
    607.48800   1.96580825E-002
    607.70238   1.96152348E-002
    607.91677   1.95725095E-002
    608.13116   1.95299063E-002
    608.34555   1.94874249E-002
    608.55993   1.94450648E-002
    608.77432   1.94028258E-002
    608.98871   1.93607074E-002
    609.20310   1.93187093E-002
    609.41749   1.92768312E-002
    609.63187   1.92350727E-002
    609.84626   1.91934334E-002
    610.06065   1.91519130E-002
    610.27504   1.91105112E-002
    610.48942   1.90692275E-002
    610.70381   1.90280617E-002
    610.91820   1.89870133E-002
    611.13259   1.89460821E-002
    611.34697   1.89052677E-002
    611.56136   1.88645697E-002
    611.77575   1.88239879E-002
    611.99014   1.87835217E-002
    612.20452   1.87431710E-002
    612.41891   1.87029353E-002
    612.63330   1.86628144E-002
    612.84769   1.86228078E-002
    613.06207   1.85829152E-002
    613.27646   1.85431364E-002
    613.49085   1.85034709E-002
    613.70524   1.84639184E-002
    613.91963   1.84244786E-002
    614.13401   1.83851512E-002
    614.34840   1.83459357E-002
    614.56279   1.83068319E-002
    614.77718   1.82678395E-002
    614.99156   1.82289581E-002
    615.20595   1.81901873E-002
    615.42034   1.81515269E-002
    615.63473   1.81129765E-002
    615.84911   1.80745358E-002
    616.06350   1.80362044E-002
    616.27789   1.79979820E-002
    616.49228   1.79598684E-002
    616.70666   1.79218631E-002
    616.92105   1.78839659E-002
    617.13544   1.78461764E-002
    617.34983   1.78084942E-002
    617.56421   1.77709192E-002
    617.77860   1.77334509E-002
    617.99299   1.76960891E-002
    618.20738   1.76588333E-002
    618.42177   1.76216834E-002
    618.63615   1.75846389E-002
    618.85054   1.75476996E-002
    619.06493   1.75108651E-002
    619.27932   1.74741351E-002
    619.49370   1.74375094E-002
    619.70809   1.74009875E-002
    619.92248   1.73645692E-002
    620.13687   1.73282542E-002
    620.35125   1.72920422E-002
    620.56564   1.72559328E-002
    620.78003   1.72199257E-002
    620.99442   1.71840206E-002
    621.20880   1.71482173E-002
    621.42319   1.71125154E-002
    621.63758   1.70769146E-002
    621.85197   1.70414146E-002
    622.06635   1.70060150E-002
    622.28074   1.69707157E-002
    622.49513   1.69355162E-002
    622.70952   1.69004164E-002
    622.92391   1.68654158E-002
    623.13829   1.68305142E-002
    623.35268   1.67957112E-002
    623.56707   1.67610067E-002
    623.78146   1.67264002E-002
    623.99584   1.66918915E-002
    624.21023   1.66574803E-002
    624.42462   1.66231663E-002
    624.63901   1.65889492E-002
    624.85339   1.65548287E-002
    625.06778   1.65208045E-002
    625.28217   1.64868763E-002
    625.49656   1.64530438E-002
    625.71094   1.64193068E-002
    625.92533   1.63856649E-002
    626.13972   1.63521178E-002
    626.35411   1.63186654E-002
    626.56850   1.62853072E-002
    626.78288   1.62520429E-002
    626.99727   1.62188724E-002
    627.21166   1.61857953E-002
    627.42605   1.61528113E-002
    627.64043   1.61199202E-002
    627.85482   1.60871217E-002
    628.06921   1.60544154E-002
    628.28360   1.60218011E-002
    628.49798   1.59892785E-002
    628.71237   1.59568474E-002
    628.92676   1.59245075E-002
    629.14115   1.58922584E-002
    629.35553   1.58600999E-002
    629.56992   1.58280317E-002
    629.78431   1.57960536E-002
    629.99870   1.57641653E-002
    630.21308   1.57323665E-002
    630.42747   1.57006569E-002
    630.64186   1.56690363E-002
    630.85625   1.56375043E-002
    631.07064   1.56060607E-002
    631.28502   1.55747053E-002
    631.49941   1.55434378E-002
    631.71380   1.55122578E-002
    631.92819   1.54811652E-002
    632.14257   1.54501597E-002
    632.35696   1.54192409E-002
    632.57135   1.53884087E-002
    632.78574   1.53576627E-002
    633.00012   1.53270028E-002
    633.21451   1.52964285E-002
    633.42890   1.52659398E-002
    633.64329   1.52355363E-002
    633.85767   1.52052177E-002
    634.07206   1.51749838E-002
    634.28645   1.51448343E-002
    634.50084   1.51147690E-002
    634.71522   1.50847876E-002
    634.92961   1.50548899E-002
    635.14400   1.50250755E-002
    635.35839   1.49953443E-002
    635.57278   1.49656960E-002
    635.78716   1.49361303E-002
    636.00155   1.49066470E-002
    636.21594   1.48772458E-002
    636.43033   1.48479265E-002
    636.64471   1.48186888E-002
    636.85910   1.47895324E-002
    637.07349   1.47604572E-002
    637.28788   1.47314628E-002
    637.50226   1.47025491E-002
    637.71665   1.46737157E-002
    637.93104   1.46449624E-002
    638.14543   1.46162890E-002
    638.35981   1.45876953E-002
    638.57420   1.45591809E-002
    638.78859   1.45307456E-002
    639.00298   1.45023892E-002
    639.21736   1.44741115E-002
    639.43175   1.44459122E-002
    639.64614   1.44177911E-002
    639.86053   1.43897479E-002
    640.07492   1.43617823E-002
    640.28930   1.43338942E-002
    640.50369   1.43060833E-002
    640.71808   1.42783494E-002
    640.93247   1.42506922E-002
    641.14685   1.42231115E-002
    641.36124   1.41956070E-002
    641.57563   1.41681786E-002
    641.79002   1.41408259E-002
    642.00440   1.41135488E-002
    642.21879   1.40863470E-002
    642.43318   1.40592203E-002
    642.64757   1.40321684E-002
    642.86195   1.40051911E-002
    643.07634   1.39782883E-002
    643.29073   1.39514596E-002
    643.50512   1.39247048E-002
    643.71950   1.38980237E-002
    643.93389   1.38714161E-002
    644.14828   1.38448817E-002
    644.36267   1.38184204E-002
    644.57706   1.37920318E-002
    644.79144   1.37657158E-002
    645.00583   1.37394722E-002
    645.22022   1.37133006E-002
    645.43461   1.36872010E-002
    645.64899   1.36611730E-002
    645.86338   1.36352165E-002
    646.07777   1.36093312E-002
    646.29216   1.35835169E-002
    646.50654   1.35577734E-002
    646.72093   1.35321004E-002
    646.93532   1.35064978E-002
    647.14971   1.34809654E-002
    647.36409   1.34555028E-002
    647.57848   1.34301099E-002
    647.79287   1.34047866E-002
    648.00726   1.33795324E-002
    648.22164   1.33543474E-002
    648.43603   1.33292311E-002
    648.65042   1.33041835E-002
    648.86481   1.32792043E-002
    649.07920   1.32542933E-002
    649.29358   1.32294503E-002
    649.50797   1.32046750E-002
    649.72236   1.31799673E-002
    649.93675   1.31553270E-002
    650.15113   1.31307537E-002
    650.36552   1.31062475E-002
    650.57991   1.30818079E-002
    650.79430   1.30574349E-002
    651.00868   1.30331282E-002
    651.22307   1.30088876E-002
    651.43746   1.29847129E-002
    651.65185   1.29606039E-002
    651.86623   1.29365604E-002
    652.08062   1.29125821E-002
    652.29501   1.28886690E-002
    652.50940   1.28648207E-002
    652.72379   1.28410372E-002
    652.93817   1.28173181E-002
    653.15256   1.27936633E-002
    653.36695   1.27700725E-002
    653.58134   1.27465457E-002
    653.79572   1.27230825E-002
    654.01011   1.26996828E-002
    654.22450   1.26763464E-002
    654.43889   1.26530731E-002
    654.65327   1.26298627E-002
    654.86766   1.26067150E-002
    655.08205   1.25836298E-002
    655.29644   1.25606069E-002
    655.51082   1.25376461E-002
    655.72521   1.25147472E-002
    655.93960   1.24919101E-002
    656.15399   1.24691345E-002
    656.36837   1.24464202E-002
    656.58276   1.24237671E-002
    656.79715   1.24011750E-002
    657.01154   1.23786436E-002
    657.22593   1.23561728E-002
    657.44031   1.23337624E-002
    657.65470   1.23114123E-002
    657.86909   1.22891221E-002
    658.08348   1.22668918E-002
    658.29786   1.22447211E-002
    658.51225   1.22226099E-002
    658.72664   1.22005580E-002
    658.94103   1.21785652E-002
    659.15541   1.21566312E-002
    659.36980   1.21347560E-002
    659.58419   1.21129394E-002
    659.79858   1.20911811E-002
    660.01296   1.20694810E-002
    660.22735   1.20478388E-002
    660.44174   1.20262545E-002
    660.65613   1.20047279E-002
    660.87051   1.19832587E-002
    661.08490   1.19618467E-002
    661.29929   1.19404919E-002
    661.51368   1.19191940E-002
    661.72807   1.18979528E-002
    661.94245   1.18767682E-002
    662.15684   1.18556400E-002
    662.37123   1.18345681E-002
    662.58562   1.18135521E-002
    662.80000   1.17925920E-002
    663.01439   1.17716877E-002
    663.22878   1.17508388E-002
    663.44317   1.17300453E-002
    663.65755   1.17093069E-002
    663.87194   1.16886236E-002
    664.08633   1.16679951E-002
    664.30072   1.16474212E-002
    664.51510   1.16269019E-002
    664.72949   1.16064368E-002
    664.94388   1.15860259E-002
    665.15827   1.15656690E-002
    665.37265   1.15453660E-002
    665.58704   1.15251165E-002
    665.80143   1.15049205E-002
    666.01582   1.14847779E-002
    666.23021   1.14646884E-002
    666.44459   1.14446519E-002
    666.65898   1.14246682E-002
    666.87337   1.14047371E-002
    667.08776   1.13848585E-002
    667.30214   1.13650323E-002
    667.51653   1.13452582E-002
    667.73092   1.13255361E-002
    667.94531   1.13058659E-002
    668.15969   1.12862473E-002
    668.37408   1.12666803E-002
    668.58847   1.12471646E-002
    668.80286   1.12277001E-002
    669.01724   1.12082866E-002
    669.23163   1.11889240E-002
    669.44602   1.11696121E-002
    669.66041   1.11503508E-002
    669.87479   1.11311399E-002
    670.08918   1.11119793E-002
    670.30357   1.10928687E-002
    670.51796   1.10738080E-002
    670.73235   1.10547972E-002
    670.94673   1.10358359E-002
    671.16112   1.10169242E-002
    671.37551   1.09980617E-002
    671.58990   1.09792484E-002
    671.80428   1.09604841E-002
    672.01867   1.09417687E-002
    672.23306   1.09231020E-002
    672.44745   1.09044838E-002
    672.66183   1.08859140E-002
    672.87622   1.08673925E-002
    673.09061   1.08489191E-002
    673.30500   1.08304936E-002
    673.51938   1.08121159E-002
    673.73377   1.07937859E-002
    673.94816   1.07755034E-002
    674.16255   1.07572682E-002
    674.37694   1.07390803E-002
    674.59132   1.07209394E-002
    674.80571   1.07028454E-002
    675.02010   1.06847982E-002
    675.23449   1.06667976E-002
    675.44887   1.06488435E-002
    675.66326   1.06309358E-002
    675.87765   1.06130742E-002
    676.09204   1.05952587E-002
    676.30642   1.05774891E-002
    676.52081   1.05597652E-002
    676.73520   1.05420870E-002
    676.94959   1.05244542E-002
    677.16397   1.05068668E-002
    677.37836   1.04893246E-002
    677.59275   1.04718274E-002
    677.80714   1.04543752E-002
    678.02152   1.04369677E-002
    678.23591   1.04196049E-002
    678.45030   1.04022865E-002
    678.66469   1.03850125E-002
    678.87908   1.03677828E-002
    679.09346   1.03505971E-002
    679.30785   1.03334554E-002
    679.52224   1.03163575E-002
    679.73663   1.02993032E-002
    679.95101   1.02822925E-002
    680.16540   1.02653252E-002
    680.37979   1.02484012E-002
    680.59418   1.02315203E-002
    680.80856   1.02146824E-002
    681.02295   1.01978874E-002
    681.23734   1.01811351E-002
    681.45173   1.01644255E-002
    681.66611   1.01477583E-002
    681.88050   1.01311334E-002
    682.09489   1.01145507E-002
    682.30928   1.00980101E-002
    682.52366   1.00815115E-002
    682.73805   1.00650547E-002
    682.95244   1.00486396E-002
    683.16683   1.00322660E-002
    683.38122   1.00159338E-002
    683.59560   9.99964298E-003
    683.80999   9.98339331E-003
    684.02438   9.96718468E-003
    684.23877   9.95101697E-003
    684.45315   9.93489005E-003
    684.66754   9.91880379E-003
    684.88193   9.90275807E-003
    685.09632   9.88675277E-003
    685.31070   9.87078775E-003
    685.52509   9.85486290E-003
    685.73948   9.83897808E-003
    685.95387   9.82313319E-003
    686.16825   9.80732808E-003
    686.38264   9.79156264E-003
    686.59703   9.77583675E-003
    686.81142   9.76015028E-003
    687.02580   9.74450311E-003
    687.24019   9.72889512E-003
    687.45458   9.71332619E-003
    687.66897   9.69779620E-003
    687.88336   9.68230503E-003
    688.09774   9.66685255E-003
    688.31213   9.65143865E-003
    688.52652   9.63606321E-003
    688.74091   9.62072611E-003
    688.95529   9.60542724E-003
    689.16968   9.59016646E-003
    689.38407   9.57494367E-003
    689.59846   9.55975875E-003
    689.81284   9.54461159E-003
    690.02723   9.52950205E-003
    690.24162   9.51443004E-003
    690.45601   9.49939543E-003
    690.67039   9.48439810E-003
    690.88478   9.46943795E-003
    691.09917   9.45451486E-003
    691.31356   9.43962871E-003
    691.52794   9.42477939E-003
    691.74233   9.40996679E-003
    691.95672   9.39519079E-003
    692.17111   9.38045128E-003
    692.38550   9.36574815E-003
    692.59988   9.35108128E-003
    692.81427   9.33645057E-003
    693.02866   9.32185590E-003
    693.24305   9.30729716E-003
    693.45743   9.29277425E-003
    693.67182   9.27828704E-003
    693.88621   9.26383544E-003
    694.10060   9.24941932E-003
    694.31498   9.23503859E-003
    694.52937   9.22069313E-003
    694.74376   9.20638283E-003
    694.95815   9.19210759E-003
    695.17253   9.17786730E-003
    695.38692   9.16366185E-003
    695.60131   9.14949114E-003
    695.81570   9.13535505E-003
    696.03009   9.12125348E-003
    696.24447   9.10718633E-003
    696.45886   9.09315348E-003
    696.67325   9.07915484E-003
    696.88764   9.06519030E-003
    697.10202   9.05125975E-003
    697.31641   9.03736309E-003
    697.53080   9.02350022E-003
    697.74519   9.00967103E-003
    697.95957   8.99587541E-003
    698.17396   8.98211328E-003
    698.38835   8.96838451E-003
    698.60274   8.95468902E-003
    698.81712   8.94102669E-003
    699.03151   8.92739743E-003
    699.24590   8.91380114E-003
    699.46029   8.90023771E-003
    699.67467   8.88670704E-003
    699.88906   8.87320904E-003
    700.10345   8.85974360E-003
    700.31784   8.84631062E-003
    700.53223   8.83291001E-003
    700.74661   8.81954166E-003
    700.96100   8.80620548E-003
    701.17539   8.79290137E-003
    701.38978   8.77962923E-003
    701.60416   8.76638896E-003
    701.81855   8.75318047E-003
    702.03294   8.74000365E-003
    702.24733   8.72685841E-003
    702.46171   8.71374466E-003
    702.67610   8.70066230E-003
    702.89049   8.68761123E-003
    703.10488   8.67459135E-003
    703.31926   8.66160258E-003
    703.53365   8.64864481E-003
    703.74804   8.63571796E-003
    703.96243   8.62282192E-003
    704.17681   8.60995660E-003
    704.39120   8.59712192E-003
    704.60559   8.58431777E-003
    704.81998   8.57154407E-003
    705.03437   8.55880072E-003
    705.24875   8.54608762E-003
    705.46314   8.53340469E-003
    705.67753   8.52075184E-003
    705.89192   8.50812897E-003
    706.10630   8.49553599E-003
    706.32069   8.48297280E-003
    706.53508   8.47043933E-003
    706.74947   8.45793548E-003
    706.96385   8.44546116E-003
    707.17824   8.43301628E-003
