     62.88744   5.74916397E-051
     63.02649   2.08046253E-050
     63.16554   7.43237704E-050
     63.30459   2.62159592E-049
     63.44364   9.13126247E-049
     63.58269   3.14108107E-048
     63.72173   1.06725018E-047
     63.86078   3.58217641E-047
     63.99983   1.18788819E-046
     64.13888   3.89229376E-046
     64.27793   1.26034677E-045
     64.41697   4.03349227E-045
     64.55602   1.27594177E-044
     64.69507   3.99015752E-044
     64.83412   1.23369927E-043
     64.97317   3.77171251E-043
     65.11222   1.14032124E-042
     65.25126   3.40976127E-042
     65.39031   1.00850272E-041
     65.52936   2.95076193E-041
     65.66841   8.54166163E-041
     65.80746   2.44651686E-040
     65.94650   6.93422202E-040
     66.08555   1.94507545E-039
     66.22460   5.40019341E-039
     66.36365   1.48409190E-038
     66.50270   4.03770739E-038
     66.64175   1.08761431E-037
     66.78079   2.90084128E-037
     66.91984   7.66168823E-037
     67.05889   2.00409557E-036
     67.19794   5.19215134E-036
     67.33699   1.33245412E-035
     67.47604   3.38745690E-035
     67.61508   8.53202294E-035
     67.75413   2.12924997E-034
     67.89318   5.26546726E-034
     68.03223   1.29039185E-033
     68.17128   3.13414507E-033
     68.31032   7.54513998E-033
     68.44937   1.80054401E-032
     68.58842   4.25956758E-032
     68.72747   9.99054769E-032
     68.86652   2.32333254E-031
     69.00557   5.35756713E-031
     69.14461   1.22516201E-030
     69.28366   2.77858805E-030
     69.42271   6.25020493E-030
     69.56176   1.39456296E-029
     69.70081   3.08666657E-029
     69.83986   6.77770426E-029
     69.97890   1.47655636E-028
     70.11795   3.19172016E-028
     70.25700   6.84604021E-028
     70.39605   1.45722323E-027
     70.53510   3.07833954E-027
     70.67414   6.45419673E-027
     70.81319   1.34318004E-026
     70.95224   2.77474699E-026
     71.09129   5.69036491E-026
     71.23034   1.15854934E-025
     71.36939   2.34194360E-025
     71.50843   4.70062152E-025
     71.64748   9.36871988E-025
     71.78653   1.85430081E-024
     71.92558   3.64488331E-024
     72.06463   7.11571943E-024
     72.20367   1.37979221E-023
     72.34272   2.65763838E-023
     72.48177   5.08502119E-023
     72.62082   9.66565719E-023
     72.75987   1.82531796E-022
     72.89892   3.42484312E-022
     73.03796   6.38504659E-022
     73.17701   1.18286351E-021
     73.31606   2.17759968E-021
     73.45511   3.98400342E-021
     73.59416   7.24410524E-021
     73.73321   1.30917609E-020
     73.87225   2.35171268E-020
     74.01130   4.19921107E-020
     74.15035   7.45371022E-020
     74.28940   1.31529305E-019
     74.42845   2.30749823E-019
     74.56749   4.02487536E-019
     74.70654   6.98037625E-019
     74.84559   1.20376985E-018
     74.98464   2.06428178E-018
     75.12369   3.52028494E-018
     75.26274   5.97024528E-018
     75.40178   1.00701055E-017
     75.54083   1.68937127E-017
     75.67988   2.81894730E-017
     75.81893   4.67886897E-017
     75.95798   7.72516885E-017
     76.09703   1.26884662E-016
     76.23607   2.07331359E-016
     76.37512   3.37051329E-016
     76.51417   5.45158176E-016
     76.65322   8.77333082E-016
     76.79227   1.40488839E-015
     76.93131   2.23858782E-015
     77.07036   3.54961214E-015
     77.20941   5.60120387E-015
     77.34846   8.79619089E-015
     77.48751   1.37480017E-014
     77.62656   2.13862616E-014
     77.76560   3.31130391E-014
     77.90465   5.10329188E-014
     78.04370   7.82901491E-014
     78.18275   1.19560341E-013
     78.32180   1.81764167E-013
     78.46084   2.75098434E-013
     78.59989   4.14518700E-013
     78.73894   6.21861363E-013
     78.87799   9.28867061E-013
     79.01704   1.38146864E-012
     79.15609   2.04584511E-012
     79.29513   3.01693071E-012
     79.43418   4.43032141E-012
     79.57323   6.47886213E-012
     79.71228   9.43565340E-012
     79.85133   1.36858236E-011
     79.99038   1.97702170E-011
     80.12942   2.84452104E-011
     80.26847   4.07642634E-011
     80.40752   5.81886336E-011
     80.54657   8.27370548E-011
     80.68562   1.17187253E-010
     80.82466   1.65346137E-010
     80.96371   2.32410576E-010
     81.10276   3.25447196E-010
     81.24181   4.54027871E-010
     81.38086   6.31068069E-010
     81.51991   8.73928412E-010
     81.65895   1.20585637E-009
     81.79800   1.65786575E-009
     81.93705   2.27117729E-009
     82.07610   3.10037577E-009
     82.21515   4.21747817E-009
     82.35420   5.71715583E-009
     82.49324   7.72341254E-009
     82.63229   1.03980923E-008
     82.77134   1.39516777E-008
     82.91039   1.86569437E-008
     83.04944   2.48661599E-008
     83.18848   3.30326818E-008
     83.32753   4.37379532E-008
     83.46658   5.77251527E-008
     83.60563   7.59409677E-008
     83.74468   9.95872733E-008
     83.88373   1.30184836E-007
     84.02277   1.69651558E-007
     84.16182   2.20398254E-007
     84.30087   2.85445450E-007
     84.43992   3.68565355E-007
     84.57897   4.74453798E-007
     84.71801   6.08937752E-007
     84.85706   7.79224938E-007
     84.99611   9.94203010E-007
     85.13516   1.26479694E-006
     85.27421   1.60439445E-006
     85.41326   2.02935082E-006
     85.55230   2.55958561E-006
     85.69135   3.21928599E-006
     85.83040   4.03773264E-006
     85.96945   5.05026641E-006
     86.10850   6.29941599E-006
     86.24755   7.83620892E-006
     86.38659   9.72169062E-006
     86.52564   1.20286787E-005
     86.66469   1.48437821E-005
     86.80374   1.82697169E-005
     86.94279   2.24279548E-005
     87.08183   2.74617398E-005
     87.22088   3.35395146E-005
     87.35993   4.08587989E-005
     87.49898   4.96505632E-005
     87.63803   6.01841461E-005
     87.77708   7.27727633E-005
     87.91612   8.77796586E-005
     88.05517   1.05624948E-004
     88.19422   1.26793206E-004
     88.33327   1.51841855E-004
     88.47232   1.81410394E-004
     88.61137   2.16230529E-004
     88.75041   2.57137244E-004
     88.88946   3.05080868E-004
     89.02851   3.61140157E-004
     89.16756   4.26536447E-004
     89.30661   5.02648894E-004
     89.44565   5.91030817E-004
     89.58470   6.93427171E-004
     89.72375   8.11793130E-004
     89.86280   9.48313778E-004
     90.00185   1.10542489E-003
     90.14090   1.28583475E-003
     90.27994   1.49254695E-003
     90.41899   1.72888414E-003
     90.55804   1.99851254E-003
     90.69709   2.30546724E-003
     90.83614   2.65417806E-003
     90.97519   3.04949580E-003
     91.11423   3.49671886E-003
     91.25328   4.00161985E-003
     91.39233   4.57047211E-003
     91.53138   5.21007582E-003
     91.67043   5.92778357E-003
     91.80947   6.73152493E-003
     91.94852   7.62982989E-003
     92.08757   8.63185085E-003
     92.22662   9.74738265E-003
     92.36567   1.09868806E-002
     92.50472   1.23614761E-002
     92.64376   1.38829889E-002
     92.78281   1.55639370E-002
     92.92186   1.74175422E-002
     93.06091   1.94577321E-002
     93.19996   2.16991383E-002
     93.33900   2.41570889E-002
     93.47805   2.68475973E-002
     93.61710   2.97873451E-002
     93.75615   3.29936600E-002
     93.89520   3.64844875E-002
     94.03425   4.02783574E-002
     94.17329   4.43943434E-002
     94.31234   4.88520177E-002
     94.45139   5.36713983E-002
     94.59044   5.88728905E-002
     94.72949   6.44772222E-002
     94.86854   7.05053731E-002
     95.00758   7.69784974E-002
     95.14663   8.39178417E-002
     95.28568   9.13446563E-002
     95.42473   9.92801019E-002
     95.56378   1.07745151E-001
     95.70282   1.16760487E-001
     95.84187   1.26346393E-001
     95.98092   1.36522648E-001
     96.11997   1.47308410E-001
     96.25902   1.58722101E-001
     96.39807   1.70781293E-001
     96.53711   1.83502589E-001
     96.67616   1.96901509E-001
     96.81521   2.10992370E-001
     96.95426   2.25788174E-001
     97.09331   2.41300495E-001
     97.23236   2.57539370E-001
     97.37140   2.74513198E-001
     97.51045   2.92228635E-001
     97.64950   3.10690502E-001
     97.78855   3.29901701E-001
     97.92760   3.49863128E-001
     98.06664   3.70573608E-001
     98.20569   3.92029825E-001
     98.34474   4.14226272E-001
     98.48379   4.37155203E-001
     98.62284   4.60806601E-001
     98.76189   4.85168152E-001
     98.90093   5.10225232E-001
     99.03998   5.35960908E-001
     99.17903   5.62355943E-001
     99.31808   5.89388822E-001
     99.45713   6.17035779E-001
     99.59617   6.45270848E-001
     99.73522   6.74065911E-001
     99.87427   7.03390771E-001
    100.01332   7.33213225E-001
    100.15237   7.63499152E-001
    100.29142   7.94212614E-001
    100.43046   8.25315959E-001
    100.56951   8.56769937E-001
    100.70856   8.88533827E-001
    100.84761   9.20565566E-001
    100.98666   9.52821886E-001
    101.12571   9.85258460E-001
    101.26475   1.01783005E+000
    101.40380   1.05049066E+000
    101.54285   1.08319370E+000
    101.68190   1.11589211E+000
    101.82095   1.14853859E+000
    101.95999   1.18108568E+000
    102.09904   1.21348598E+000
    102.23809   1.24569228E+000
    102.37714   1.27765773E+000
    102.51619   1.30933597E+000
    102.65524   1.34068134E+000
    102.79428   1.37164894E+000
    102.93333   1.40219485E+000
    103.07238   1.43227622E+000
    103.21143   1.46185141E+000
    103.35048   1.49088011E+000
    103.48953   1.51932347E+000
    103.62857   1.54714419E+000
    103.76762   1.57430661E+000
    103.90667   1.60077682E+000
    104.04572   1.62652273E+000
    104.18477   1.65151415E+000
    104.32381   1.67572282E+000
    104.46286   1.69912254E+000
    104.60191   1.72168910E+000
    104.74096   1.74340041E+000
    104.88001   1.76423650E+000
    105.01906   1.78417951E+000
    105.15810   1.80321372E+000
    105.29715   1.82132555E+000
    105.43620   1.83850355E+000
    105.57525   1.85473835E+000
    105.71430   1.87002270E+000
    105.85334   1.88435140E+000
    105.99239   1.89772123E+000
    106.13144   1.91013099E+000
    106.27049   1.92158135E+000
    106.40954   1.93207488E+000
    106.54859   1.94161595E+000
    106.68763   1.95021064E+000
    106.82668   1.95786673E+000
    106.96573   1.96459358E+000
    107.10478   1.97040209E+000
    107.24383   1.97530459E+000
    107.38288   1.97931478E+000
    107.52192   1.98244764E+000
    107.66097   1.98471937E+000
    107.80002   1.98614726E+000
    107.93907   1.98674967E+000
    108.07812   1.98654590E+000
    108.21716   1.98555612E+000
    108.35621   1.98380130E+000
    108.49526   1.98130311E+000
    108.63431   1.97808385E+000
    108.77336   1.97416641E+000
    108.91241   1.96957411E+000
    109.05145   1.96433071E+000
    109.19050   1.95846030E+000
    109.32955   1.95198723E+000
    109.46860   1.94493607E+000
    109.60765   1.93733150E+000
    109.74670   1.92919832E+000
    109.88574   1.92056132E+000
    110.02479   1.91144527E+000
    110.16384   1.90187486E+000
    110.30289   1.89187463E+000
    110.44194   1.88146898E+000
    110.58098   1.87068205E+000
    110.72003   1.85953775E+000
    110.85908   1.84805969E+000
    110.99813   1.83627114E+000
    111.13718   1.82419501E+000
    111.27623   1.81185384E+000
    111.41527   1.79926974E+000
    111.55432   1.78646439E+000
    111.69337   1.77345901E+000
    111.83242   1.76027434E+000
    111.97147   1.74693064E+000
    112.11051   1.73344764E+000
    112.24956   1.71984457E+000
    112.38861   1.70614014E+000
    112.52766   1.69235251E+000
    112.66671   1.67849928E+000
    112.80576   1.66459753E+000
    112.94480   1.65066378E+000
    113.08385   1.63671398E+000
    113.22290   1.62276355E+000
    113.36195   1.60882733E+000
    113.50100   1.59491962E+000
    113.64005   1.58105417E+000
    113.77909   1.56724419E+000
    113.91814   1.55350232E+000
    114.05719   1.53984069E+000
    114.19624   1.52627088E+000
    114.33529   1.51280396E+000
    114.47433   1.49945047E+000
    114.61338   1.48622044E+000
    114.75243   1.47312341E+000
    114.89148   1.46016840E+000
    115.03053   1.44736398E+000
    115.16958   1.43471821E+000
    115.30862   1.42223870E+000
    115.44767   1.40993261E+000
    115.58672   1.39780664E+000
    115.72577   1.38586707E+000
    115.86482   1.37411972E+000
    116.00387   1.36257003E+000
    116.14291   1.35122301E+000
    116.28196   1.34008330E+000
    116.42101   1.32915513E+000
    116.56006   1.31844236E+000
    116.69911   1.30794850E+000
    116.83815   1.29767670E+000
    116.97720   1.28762975E+000
    117.11625   1.27781013E+000
    117.25530   1.26821999E+000
    117.39435   1.25886116E+000
    117.53340   1.24973517E+000
    117.67244   1.24084327E+000
    117.81149   1.23218640E+000
    117.95054   1.22376526E+000
    118.08959   1.21558026E+000
    118.22864   1.20763156E+000
    118.36768   1.19991909E+000
    118.50673   1.19244251E+000
    118.64578   1.18520129E+000
    118.78483   1.17819466E+000
    118.92388   1.17142164E+000
    119.06293   1.16488104E+000
    119.20197   1.15857150E+000
    119.34102   1.15249146E+000
    119.48007   1.14663916E+000
    119.61912   1.14101271E+000
    119.75817   1.13561002E+000
    119.89722   1.13042886E+000
    120.03626   1.12546686E+000
    120.17531   1.12072148E+000
    120.31436   1.11619007E+000
    120.45341   1.11186984E+000
    120.59246   1.10775788E+000
    120.73150   1.10385116E+000
    120.87055   1.10014655E+000
    121.00960   1.09664079E+000
    121.14865   1.09333056E+000
    121.28770   1.09021241E+000
    121.42675   1.08728283E+000
    121.56579   1.08453822E+000
    121.70484   1.08197490E+000
    121.84389   1.07958913E+000
    121.98294   1.07737708E+000
    122.12199   1.07533490E+000
    122.26104   1.07345865E+000
    122.40008   1.07174434E+000
    122.53913   1.07018797E+000
    122.67818   1.06878546E+000
    122.81723   1.06753272E+000
    122.95628   1.06642560E+000
    123.09532   1.06545996E+000
    123.23437   1.06463161E+000
    123.37342   1.06393636E+000
    123.51247   1.06336998E+000
    123.65152   1.06292827E+000
    123.79057   1.06260698E+000
    123.92961   1.06240190E+000
    124.06866   1.06230880E+000
    124.20771   1.06232346E+000
    124.34676   1.06244168E+000
    124.48581   1.06265927E+000
    124.62486   1.06297206E+000
    124.76390   1.06337590E+000
    124.90295   1.06386667E+000
    125.04200   1.06444029E+000
    125.18105   1.06509270E+000
    125.32010   1.06581988E+000
    125.45914   1.06661787E+000
    125.59819   1.06748273E+000
    125.73724   1.06841059E+000
    125.87629   1.06939761E+000
    126.01534   1.07044003E+000
    126.15439   1.07153415E+000
    126.29343   1.07267630E+000
    126.43248   1.07386290E+000
    126.57153   1.07509044E+000
    126.71058   1.07635548E+000
    126.84963   1.07765464E+000
    126.98867   1.07898463E+000
    127.12772   1.08034224E+000
    127.26677   1.08172433E+000
    127.40582   1.08312786E+000
    127.54487   1.08454986E+000
    127.68392   1.08598746E+000
    127.82296   1.08743789E+000
    127.96201   1.08889845E+000
    128.10106   1.09036655E+000
    128.24011   1.09183969E+000
    128.37916   1.09331547E+000
    128.51821   1.09479160E+000
    128.65725   1.09626588E+000
    128.79630   1.09773620E+000
    128.93535   1.09920058E+000
    129.07440   1.10065713E+000
    129.21345   1.10210407E+000
    129.35249   1.10353971E+000
    129.49154   1.10496249E+000
    129.63059   1.10637094E+000
    129.76964   1.10776370E+000
    129.90869   1.10913953E+000
    130.04774   1.11049729E+000
    130.18678   1.11183593E+000
    130.32583   1.11315453E+000
    130.46488   1.11445228E+000
    130.60393   1.11572846E+000
    130.74298   1.11698246E+000
    130.88203   1.11821378E+000
    131.02107   1.11942203E+000
    131.16012   1.12060691E+000
    131.29917   1.12176824E+000
    131.43822   1.12290594E+000
    131.57727   1.12402001E+000
    131.71631   1.12511058E+000
    131.85536   1.12617786E+000
    131.99441   1.12722216E+000
    132.13346   1.12824389E+000
    132.27251   1.12924356E+000
    132.41156   1.13022176E+000
    132.55060   1.13117918E+000
    132.68965   1.13211661E+000
    132.82870   1.13303492E+000
    132.96775   1.13393505E+000
    133.10680   1.13481805E+000
    133.24584   1.13568504E+000
    133.38489   1.13653723E+000
    133.52394   1.13737590E+000
    133.66299   1.13820242E+000
    133.80204   1.13901822E+000
    133.94109   1.13982481E+000
    134.08013   1.14062379E+000
    134.21918   1.14141680E+000
    134.35823   1.14220557E+000
    134.49728   1.14299189E+000
    134.63633   1.14377760E+000
    134.77538   1.14456463E+000
    134.91442   1.14535494E+000
    135.05347   1.14615058E+000
    135.19252   1.14695363E+000
    135.33157   1.14776623E+000
    135.47062   1.14859058E+000
    135.60966   1.14942893E+000
    135.74871   1.15028356E+000
    135.88776   1.15115683E+000
    136.02681   1.15205112E+000
    136.16586   1.15296884E+000
    136.30491   1.15391249E+000
    136.44395   1.15488455E+000
    136.58300   1.15588758E+000
    136.72205   1.15692415E+000
    136.86110   1.15799689E+000
    137.00015   1.15910843E+000
    137.13920   1.16026146E+000
    137.27824   1.16145867E+000
    137.41729   1.16270279E+000
    137.55634   1.16399659E+000
    137.69539   1.16534283E+000
    137.83444   1.16674432E+000
    137.97348   1.16820387E+000
    138.11253   1.16972433E+000
    138.25158   1.17130854E+000
    138.39063   1.17295938E+000
    138.52968   1.17467971E+000
    138.66873   1.17647245E+000
    138.80777   1.17834048E+000
    138.94682   1.18028672E+000
    139.08587   1.18231408E+000
    139.22492   1.18442549E+000
    139.36397   1.18662387E+000
    139.50301   1.18891214E+000
    139.64206   1.19129324E+000
    139.78111   1.19377010E+000
    139.92016   1.19634562E+000
    140.05921   1.19902273E+000
    140.19826   1.20180435E+000
    140.33730   1.20469337E+000
    140.47635   1.20769270E+000
    140.61540   1.21080520E+000
    140.75445   1.21403377E+000
    140.89350   1.21738124E+000
    141.03255   1.22085047E+000
    141.17159   1.22444427E+000
    141.31064   1.22816546E+000
    141.44969   1.23201681E+000
    141.58874   1.23600108E+000
    141.72779   1.24012102E+000
    141.86683   1.24437933E+000
    142.00588   1.24877870E+000
    142.14493   1.25332178E+000
    142.28398   1.25801119E+000
    142.42303   1.26284954E+000
    142.56208   1.26783937E+000
    142.70112   1.27298320E+000
    142.84017   1.27828353E+000
    142.97922   1.28374280E+000
    143.11827   1.28936340E+000
    143.25732   1.29514770E+000
    143.39637   1.30109802E+000
    143.53541   1.30721663E+000
    143.67446   1.31350575E+000
    143.81351   1.31996756E+000
    143.95256   1.32660417E+000
    144.09161   1.33341765E+000
    144.23065   1.34041003E+000
    144.36970   1.34758326E+000
    144.50875   1.35493923E+000
    144.64780   1.36247980E+000
    144.78685   1.37020673E+000
    144.92590   1.37812176E+000
    145.06494   1.38622652E+000
    145.20399   1.39452262E+000
    145.34304   1.40301156E+000
    145.48209   1.41169480E+000
    145.62114   1.42057372E+000
    145.76018   1.42964962E+000
    145.89923   1.43892375E+000
    146.03828   1.44839725E+000
    146.17733   1.45807123E+000
    146.31638   1.46794667E+000
    146.45543   1.47802452E+000
    146.59447   1.48830561E+000
    146.73352   1.49879071E+000
    146.87257   1.50948051E+000
    147.01162   1.52037561E+000
    147.15067   1.53147653E+000
    147.28972   1.54278368E+000
    147.42876   1.55429743E+000
    147.56781   1.56601801E+000
    147.70686   1.57794561E+000
    147.84591   1.59008030E+000
    147.98496   1.60242207E+000
    148.12400   1.61497081E+000
    148.26305   1.62772633E+000
    148.40210   1.64068834E+000
    148.54115   1.65385648E+000
    148.68020   1.66723026E+000
    148.81925   1.68080913E+000
    148.95829   1.69459242E+000
    149.09734   1.70857938E+000
    149.23639   1.72276917E+000
    149.37544   1.73716084E+000
    149.51449   1.75175337E+000
    149.65354   1.76654563E+000
    149.79258   1.78153638E+000
    149.93163   1.79672432E+000
    150.07068   1.81210803E+000
    150.20973   1.82768601E+000
    150.34878   1.84345666E+000
    150.48782   1.85941829E+000
    150.62687   1.87556911E+000
    150.76592   1.89190727E+000
    150.90497   1.90843077E+000
    151.04402   1.92513758E+000
    151.18307   1.94202554E+000
    151.32211   1.95909242E+000
    151.46116   1.97633590E+000
    151.60021   1.99375356E+000
    151.73926   2.01134291E+000
    151.87831   2.02910137E+000
    152.01735   2.04702627E+000
    152.15640   2.06511487E+000
    152.29545   2.08336433E+000
    152.43450   2.10177174E+000
    152.57355   2.12033412E+000
    152.71260   2.13904839E+000
    152.85164   2.15791143E+000
    152.99069   2.17692000E+000
    153.12974   2.19607083E+000
    153.26879   2.21536055E+000
    153.40784   2.23478573E+000
    153.54689   2.25434287E+000
    153.68593   2.27402841E+000
    153.82498   2.29383871E+000
    153.96403   2.31377010E+000
    154.10308   2.33381882E+000
    154.24213   2.35398106E+000
    154.38117   2.37425295E+000
    154.52022   2.39463056E+000
    154.65927   2.41510994E+000
    154.79832   2.43568704E+000
    154.93737   2.45635780E+000
    155.07642   2.47711810E+000
    155.21546   2.49796377E+000
    155.35451   2.51889061E+000
    155.49356   2.53989436E+000
    155.63261   2.56097075E+000
    155.77166   2.58211545E+000
    155.91071   2.60332411E+000
    156.04975   2.62459234E+000
    156.18880   2.64591572E+000
    156.32785   2.66728982E+000
    156.46690   2.68871016E+000
    156.60595   2.71017225E+000
    156.74499   2.73167159E+000
    156.88404   2.75320365E+000
    157.02309   2.77476387E+000
    157.16214   2.79634771E+000
    157.30119   2.81795059E+000
    157.44024   2.83956792E+000
    157.57928   2.86119513E+000
    157.71833   2.88282762E+000
    157.85738   2.90446080E+000
    157.99643   2.92609006E+000
    158.13548   2.94771081E+000
    158.27453   2.96931846E+000
    158.41357   2.99090843E+000
    158.55262   3.01247613E+000
    158.69167   3.03401699E+000
    158.83072   3.05552646E+000
    158.96977   3.07699998E+000
    159.10881   3.09843303E+000
    159.24786   3.11982110E+000
    159.38691   3.14115968E+000
    159.52596   3.16244432E+000
    159.66501   3.18367055E+000
    159.80406   3.20483395E+000
    159.94310   3.22593012E+000
    160.08215   3.24695469E+000
    160.22120   3.26790331E+000
    160.36025   3.28877168E+000
    160.49930   3.30955551E+000
    160.63834   3.33025057E+000
    160.77739   3.35085264E+000
    160.91644   3.37135755E+000
    161.05549   3.39176117E+000
    161.19454   3.41205941E+000
    161.33359   3.43224821E+000
    161.47263   3.45232358E+000
    161.61168   3.47228154E+000
    161.75073   3.49211818E+000
    161.88978   3.51182963E+000
    162.02883   3.53141207E+000
    162.16788   3.55086171E+000
    162.30692   3.57017484E+000
    162.44597   3.58934778E+000
    162.58502   3.60837691E+000
    162.72407   3.62725866E+000
    162.86312   3.64598951E+000
    163.00216   3.66456601E+000
    163.14121   3.68298474E+000
    163.28026   3.70124237E+000
    163.41931   3.71933559E+000
    163.55836   3.73726118E+000
    163.69741   3.75501596E+000
    163.83645   3.77259680E+000
    163.97550   3.79000066E+000
    164.11455   3.80722453E+000
    164.25360   3.82426548E+000
    164.39265   3.84112063E+000
    164.53170   3.85778717E+000
    164.67074   3.87426234E+000
    164.80979   3.89054345E+000
    164.94884   3.90662788E+000
    165.08789   3.92251305E+000
    165.22694   3.93819647E+000
    165.36598   3.95367569E+000
    165.50503   3.96894834E+000
    165.64408   3.98401210E+000
    165.78313   3.99886473E+000
    165.92218   4.01350403E+000
    166.06123   4.02792789E+000
    166.20027   4.04213424E+000
    166.33932   4.05612109E+000
    166.47837   4.06988652E+000
    166.61742   4.08342864E+000
    166.75647   4.09674565E+000
    166.89551   4.10983581E+000
    167.03456   4.12269745E+000
    167.17361   4.13532894E+000
    167.31266   4.14772873E+000
    167.45171   4.15989533E+000
    167.59076   4.17182732E+000
    167.72980   4.18352331E+000
    167.86885   4.19498201E+000
    168.00790   4.20620218E+000
    168.14695   4.21718262E+000
    168.28600   4.22792222E+000
    168.42505   4.23841990E+000
    168.56409   4.24867468E+000
    168.70314   4.25868559E+000
    168.84219   4.26845176E+000
    168.98124   4.27797236E+000
    169.12029   4.28724662E+000
    169.25933   4.29627382E+000
    169.39838   4.30505332E+000
    169.53743   4.31358451E+000
    169.67648   4.32186684E+000
    169.81553   4.32989984E+000
    169.95458   4.33768306E+000
    170.09362   4.34521614E+000
    170.23267   4.35249873E+000
    170.37172   4.35953058E+000
    170.51077   4.36631146E+000
    170.64982   4.37284120E+000
    170.78887   4.37911969E+000
    170.92791   4.38514686E+000
    171.06696   4.39092269E+000
    171.20601   4.39644722E+000
    171.34506   4.40172053E+000
    171.48411   4.40674274E+000
    171.62315   4.41151405E+000
    171.76220   4.41603466E+000
    171.90125   4.42030485E+000
    172.04030   4.42432495E+000
    172.17935   4.42809530E+000
    172.31840   4.43161631E+000
    172.45744   4.43488843E+000
    172.59649   4.43791216E+000
    172.73554   4.44068802E+000
    172.87459   4.44321660E+000
    173.01364   4.44549850E+000
    173.15268   4.44753438E+000
    173.29173   4.44932495E+000
    173.43078   4.45087092E+000
    173.56983   4.45217309E+000
    173.70888   4.45323225E+000
    173.84793   4.45404925E+000
    173.98697   4.45462498E+000
    174.12602   4.45496035E+000
    174.26507   4.45505633E+000
    174.40412   4.45491389E+000
    174.54317   4.45453406E+000
    174.68222   4.45391789E+000
    174.82126   4.45306647E+000
    174.96031   4.45198092E+000
    175.09936   4.45066239E+000
    175.23841   4.44911205E+000
    175.37746   4.44733112E+000
    175.51650   4.44532083E+000
    175.65555   4.44308245E+000
    175.79460   4.44061728E+000
    175.93365   4.43792664E+000
    176.07270   4.43501187E+000
    176.21175   4.43187435E+000
    176.35079   4.42851548E+000
    176.48984   4.42493668E+000
    176.62889   4.42113941E+000
    176.76794   4.41712514E+000
    176.90699   4.41289535E+000
    177.04604   4.40845157E+000
    177.18508   4.40379534E+000
    177.32413   4.39892822E+000
    177.46318   4.39385179E+000
    177.60223   4.38856765E+000
    177.74128   4.38307743E+000
    177.88032   4.37738276E+000
    178.01937   4.37148530E+000
    178.15842   4.36538673E+000
    178.29747   4.35908874E+000
    178.43652   4.35259305E+000
    178.57557   4.34590138E+000
    178.71461   4.33901548E+000
    178.85366   4.33193710E+000
    178.99271   4.32466802E+000
    179.13176   4.31721003E+000
    179.27081   4.30956492E+000
    179.40985   4.30173452E+000
    179.54890   4.29372064E+000
    179.68795   4.28552514E+000
    179.82700   4.27714986E+000
    179.96605   4.26859667E+000
    180.10510   4.25986744E+000
    180.24414   4.25096406E+000
    180.38319   4.24188842E+000
    180.52224   4.23264243E+000
    180.66129   4.22322801E+000
    180.80034   4.21364706E+000
    180.93939   4.20390154E+000
    181.07843   4.19399337E+000
    181.21748   4.18392450E+000
    181.35653   4.17369688E+000
    181.49558   4.16331249E+000
    181.63463   4.15277327E+000
    181.77367   4.14208122E+000
    181.91272   4.13123829E+000
    182.05177   4.12024648E+000
    182.19082   4.10910778E+000
    182.32987   4.09782417E+000
    182.46892   4.08639766E+000
    182.60796   4.07483023E+000
    182.74701   4.06312391E+000
    182.88606   4.05128068E+000
    183.02511   4.03930255E+000
    183.16416   4.02719155E+000
    183.30321   4.01494967E+000
    183.44225   4.00257894E+000
    183.58130   3.99008136E+000
    183.72035   3.97745896E+000
    183.85940   3.96471374E+000
    183.99845   3.95184773E+000
    184.13749   3.93886293E+000
    184.27654   3.92576137E+000
    184.41559   3.91254505E+000
    184.55464   3.89921600E+000
    184.69369   3.88577621E+000
    184.83274   3.87222771E+000
    184.97178   3.85857249E+000
    185.11083   3.84481256E+000
    185.24988   3.83094993E+000
    185.38893   3.81698660E+000
    185.52798   3.80292456E+000
    185.66702   3.78876580E+000
    185.80607   3.77451231E+000
    185.94512   3.76016608E+000
    186.08417   3.74572909E+000
    186.22322   3.73120332E+000
    186.36227   3.71659073E+000
    186.50131   3.70189330E+000
    186.64036   3.68711298E+000
    186.77941   3.67225173E+000
    186.91846   3.65731150E+000
    187.05751   3.64229423E+000
    187.19656   3.62720186E+000
    187.33560   3.61203633E+000
    187.47465   3.59679955E+000
    187.61370   3.58149345E+000
    187.75275   3.56611993E+000
    187.89180   3.55068089E+000
    188.03084   3.53517824E+000
    188.16989   3.51961386E+000
    188.30894   3.50398963E+000
    188.44799   3.48830742E+000
    188.58704   3.47256909E+000
    188.72609   3.45677650E+000
    188.86513   3.44093150E+000
    189.00418   3.42503591E+000
    189.14323   3.40909158E+000
    189.28228   3.39310031E+000
    189.42133   3.37706392E+000
    189.56038   3.36098421E+000
    189.69942   3.34486296E+000
    189.83847   3.32870195E+000
    189.97752   3.31250296E+000
    190.11657   3.29626774E+000
    190.25562   3.27999804E+000
    190.39466   3.26369560E+000
    190.53371   3.24736215E+000
    190.67276   3.23099940E+000
    190.81181   3.21460906E+000
    190.95086   3.19819282E+000
    191.08991   3.18175236E+000
    191.22895   3.16528936E+000
    191.36800   3.14880547E+000
    191.50705   3.13230235E+000
    191.64610   3.11578163E+000
    191.78515   3.09924493E+000
    191.92420   3.08269386E+000
    192.06324   3.06613004E+000
    192.20229   3.04955503E+000
    192.34134   3.03297042E+000
    192.48039   3.01637778E+000
    192.61944   2.99977864E+000
    192.75848   2.98317455E+000
    192.89753   2.96656704E+000
    193.03658   2.94995761E+000
    193.17563   2.93334776E+000
    193.31468   2.91673898E+000
    193.45373   2.90013274E+000
    193.59277   2.88353051E+000
    193.73182   2.86693371E+000
    193.87087   2.85034380E+000
    194.00992   2.83376218E+000
    194.14897   2.81719027E+000
    194.28801   2.80062945E+000
    194.42706   2.78408111E+000
    194.56611   2.76754660E+000
    194.70516   2.75102728E+000
    194.84421   2.73452448E+000
    194.98326   2.71803954E+000
    195.12230   2.70157375E+000
    195.26135   2.68512841E+000
    195.40040   2.66870481E+000
    195.53945   2.65230421E+000
    195.67850   2.63592786E+000
    195.81755   2.61957701E+000
    195.95659   2.60325287E+000
    196.09564   2.58695666E+000
    196.23469   2.57068957E+000
    196.37374   2.55445279E+000
    196.51279   2.53824749E+000
    196.65183   2.52207481E+000
    196.79088   2.50593590E+000
    196.92993   2.48983188E+000
    197.06898   2.47376386E+000
    197.20803   2.45773294E+000
    197.34708   2.44174020E+000
    197.48612   2.42578671E+000
    197.62517   2.40987352E+000
    197.76422   2.39400167E+000
    197.90327   2.37817218E+000
    198.04232   2.36238607E+000
    198.18137   2.34664433E+000
    198.32041   2.33094794E+000
    198.45946   2.31529787E+000
    198.59851   2.29969508E+000
    198.73756   2.28414049E+000
    198.87661   2.26863504E+000
    199.01565   2.25317964E+000
    199.15470   2.23777518E+000
    199.29375   2.22242254E+000
    199.43280   2.20712260E+000
    199.57185   2.19187620E+000
    199.71090   2.17668418E+000
    199.84994   2.16154737E+000
    199.98899   2.14646659E+000
    200.12804   2.13144262E+000
    200.26709   2.11647626E+000
    200.40614   2.10156827E+000
    200.54518   2.08671941E+000
    200.68423   2.07193041E+000
    200.82328   2.05720202E+000
    200.96233   2.04253493E+000
    201.10138   2.02792986E+000
    201.24043   2.01338749E+000
    201.37947   1.99890849E+000
    201.51852   1.98449353E+000
    201.65757   1.97014325E+000
    201.79662   1.95585828E+000
    201.93567   1.94163924E+000
    202.07472   1.92748675E+000
    202.21376   1.91340138E+000
    202.35281   1.89938374E+000
    202.49186   1.88543437E+000
    202.63091   1.87155384E+000
    202.76996   1.85774269E+000
    202.90900   1.84400144E+000
    203.04805   1.83033062E+000
    203.18710   1.81673072E+000
    203.32615   1.80320223E+000
    203.46520   1.78974564E+000
    203.60425   1.77636140E+000
    203.74329   1.76304998E+000
    203.88234   1.74981180E+000
    204.02139   1.73664731E+000
    204.16044   1.72355691E+000
    204.29949   1.71054102E+000
    204.43854   1.69760001E+000
    204.57758   1.68473428E+000
    204.71663   1.67194419E+000
    204.85568   1.65923010E+000
    204.99473   1.64659235E+000
    205.13378   1.63403128E+000
    205.27282   1.62154720E+000
    205.41187   1.60914044E+000
    205.55092   1.59681128E+000
    205.68997   1.58456002E+000
    205.82902   1.57238694E+000
    205.96807   1.56029229E+000
    206.10711   1.54827634E+000
    206.24616   1.53633933E+000
    206.38521   1.52448150E+000
    206.52426   1.51270306E+000
    206.66331   1.50100422E+000
    206.80235   1.48938520E+000
    206.94140   1.47784619E+000
    207.08045   1.46638735E+000
    207.21950   1.45500887E+000
    207.35855   1.44371091E+000
    207.49760   1.43249362E+000
    207.63664   1.42135714E+000
    207.77569   1.41030160E+000
    207.91474   1.39932713E+000
    208.05379   1.38843383E+000
    208.19284   1.37762181E+000
    208.33189   1.36689117E+000
    208.47093   1.35624199E+000
    208.60998   1.34567434E+000
    208.74903   1.33518829E+000
    208.88808   1.32478390E+000
    209.02713   1.31446123E+000
    209.16617   1.30422030E+000
    209.30522   1.29406115E+000
    209.44427   1.28398380E+000
    209.58332   1.27398827E+000
    209.72237   1.26407457E+000
    209.86142   1.25424269E+000
    210.00046   1.24449262E+000
    210.13951   1.23482435E+000
    210.27856   1.22523785E+000
    210.41761   1.21573308E+000
    210.55666   1.20631001E+000
    210.69571   1.19696858E+000
    210.83475   1.18770874E+000
    210.97380   1.17853043E+000
    211.11285   1.16943357E+000
    211.25190   1.16041810E+000
    211.39095   1.15148391E+000
    211.52999   1.14263092E+000
    211.66904   1.13385904E+000
    211.80809   1.12516815E+000
    211.94714   1.11655814E+000
    212.08619   1.10802890E+000
    212.22524   1.09958030E+000
    212.36428   1.09121220E+000
    212.50333   1.08292447E+000
    212.64238   1.07471697E+000
    212.78143   1.06658954E+000
    212.92048   1.05854203E+000
    213.05952   1.05057428E+000
    213.19857   1.04268611E+000
    213.33762   1.03487736E+000
    213.47667   1.02714785E+000
    213.61572   1.01949739E+000
    213.75477   1.01192578E+000
    213.89381   1.00443285E+000
    214.03286   9.97018379E-001
    214.17191   9.89682169E-001
    214.31096   9.82424008E-001
    214.45001   9.75243680E-001
    214.58906   9.68140966E-001
    214.72810   9.61115639E-001
    214.86715   9.54167472E-001
    215.00620   9.47296227E-001
    215.14525   9.40501668E-001
    215.28430   9.33783551E-001
    215.42334   9.27141628E-001
    215.56239   9.20575648E-001
    215.70144   9.14085354E-001
    215.84049   9.07670487E-001
    215.97954   9.01330783E-001
    216.11859   8.95065975E-001
    216.25763   8.88875789E-001
    216.39668   8.82759953E-001
    216.53573   8.76718186E-001
    216.67478   8.70750206E-001
    216.81383   8.64855727E-001
    216.95288   8.59034460E-001
    217.09192   8.53286114E-001
    217.23097   8.47610390E-001
    217.37002   8.42006992E-001
    217.50907   8.36475617E-001
    217.64812   8.31015960E-001
    217.78716   8.25627713E-001
    217.92621   8.20310565E-001
    218.06526   8.15064203E-001
    218.20431   8.09888311E-001
    218.34336   8.04782571E-001
    218.48241   7.99746659E-001
    218.62145   7.94780254E-001
    218.76050   7.89883029E-001
    218.89955   7.85054654E-001
    219.03860   7.80294800E-001
    219.17765   7.75603133E-001
    219.31669   7.70979318E-001
    219.45574   7.66423019E-001
    219.59479   7.61933894E-001
    219.73384   7.57511605E-001
    219.87289   7.53155807E-001
    220.01194   7.48866156E-001
    220.15098   7.44642304E-001
    220.29003   7.40483905E-001
    220.42908   7.36390608E-001
    220.56813   7.32362061E-001
    220.70718   7.28397911E-001
    220.84623   7.24497805E-001
    220.98527   7.20661386E-001
    221.12432   7.16888298E-001
    221.26337   7.13178181E-001
    221.40242   7.09530676E-001
    221.54147   7.05945423E-001
    221.68051   7.02422059E-001
    221.81956   6.98960222E-001
    221.95861   6.95559548E-001
    222.09766   6.92219671E-001
    222.23671   6.88940226E-001
    222.37576   6.85720846E-001
    222.51480   6.82561164E-001
    222.65385   6.79460811E-001
    222.79290   6.76419419E-001
    222.93195   6.73436618E-001
    223.07100   6.70512038E-001
    223.21005   6.67645308E-001
    223.34909   6.64836056E-001
    223.48814   6.62083911E-001
    223.62719   6.59388501E-001
    223.76624   6.56749453E-001
    223.90529   6.54166394E-001
    224.04433   6.51638951E-001
    224.18338   6.49166750E-001
    224.32243   6.46749417E-001
    224.46148   6.44386579E-001
    224.60053   6.42077861E-001
    224.73958   6.39822890E-001
    224.87862   6.37621290E-001
    225.01767   6.35472688E-001
    225.15672   6.33376709E-001
    225.29577   6.31332979E-001
    225.43482   6.29341123E-001
    225.57387   6.27400768E-001
    225.71291   6.25511539E-001
    225.85196   6.23673062E-001
    225.99101   6.21884965E-001
    226.13006   6.20146872E-001
    226.26911   6.18458412E-001
    226.40815   6.16819212E-001
    226.54720   6.15228898E-001
    226.68625   6.13687099E-001
    226.82530   6.12193442E-001
    226.96435   6.10747557E-001
    227.10340   6.09349071E-001
    227.24244   6.07997616E-001
    227.38149   6.06692820E-001
    227.52054   6.05434314E-001
    227.65959   6.04221729E-001
    227.79864   6.03054697E-001
    227.93768   6.01932850E-001
    228.07673   6.00855819E-001
    228.21578   5.99823240E-001
    228.35483   5.98834745E-001
    228.49388   5.97889970E-001
    228.63293   5.96988549E-001
    228.77197   5.96130120E-001
    228.91102   5.95314317E-001
    229.05007   5.94540781E-001
    229.18912   5.93809147E-001
    229.32817   5.93119056E-001
    229.46722   5.92470148E-001
    229.60626   5.91862064E-001
    229.74531   5.91294444E-001
    229.88436   5.90766932E-001
    230.02341   5.90279171E-001
    230.16246   5.89830804E-001
    230.30150   5.89421478E-001
    230.44055   5.89050839E-001
    230.57960   5.88718533E-001
    230.71865   5.88424208E-001
    230.85770   5.88167514E-001
    230.99675   5.87948099E-001
    231.13579   5.87765617E-001
    231.27484   5.87619717E-001
    231.41389   5.87510053E-001
    231.55294   5.87436280E-001
    231.69199   5.87398052E-001
    231.83104   5.87395025E-001
    231.97008   5.87426857E-001
    232.10913   5.87493206E-001
    232.24818   5.87593731E-001
    232.38723   5.87728092E-001
    232.52628   5.87895951E-001
    232.66532   5.88096972E-001
    232.80437   5.88330817E-001
    232.94342   5.88597151E-001
    233.08247   5.88895642E-001
    233.22152   5.89225955E-001
    233.36057   5.89587760E-001
    233.49961   5.89980725E-001
    233.63866   5.90404522E-001
    233.77771   5.90858823E-001
    233.91676   5.91343301E-001
    234.05581   5.91857630E-001
    234.19485   5.92401485E-001
    234.33390   5.92974544E-001
    234.47295   5.93576483E-001
    234.61200   5.94206984E-001
    234.75105   5.94865725E-001
    234.89010   5.95552389E-001
    235.02914   5.96266658E-001
    235.16819   5.97008217E-001
    235.30724   5.97776751E-001
    235.44629   5.98571946E-001
    235.58534   5.99393490E-001
    235.72439   6.00241073E-001
    235.86343   6.01114384E-001
    236.00248   6.02013116E-001
    236.14153   6.02936962E-001
    236.28058   6.03885615E-001
    236.41963   6.04858771E-001
    236.55867   6.05856127E-001
    236.69772   6.06877380E-001
    236.83677   6.07922231E-001
    236.97582   6.08990379E-001
    237.11487   6.10081526E-001
    237.25392   6.11195377E-001
    237.39296   6.12331634E-001
    237.53201   6.13490004E-001
    237.67106   6.14670194E-001
    237.81011   6.15871912E-001
    237.94916   6.17094868E-001
    238.08821   6.18338773E-001
    238.22725   6.19603338E-001
    238.36630   6.20888278E-001
    238.50535   6.22193307E-001
    238.64440   6.23518141E-001
    238.78345   6.24862498E-001
    238.92249   6.26226097E-001
    239.06154   6.27608656E-001
    239.20059   6.29009899E-001
    239.33964   6.30429547E-001
    239.47869   6.31867324E-001
    239.61774   6.33322955E-001
    239.75678   6.34796168E-001
    239.89583   6.36286689E-001
    240.03488   6.37794248E-001
    240.17393   6.39318576E-001
    240.31298   6.40859404E-001
    240.45202   6.42416464E-001
    240.59107   6.43989492E-001
    240.73012   6.45578223E-001
    240.86917   6.47182394E-001
    241.00822   6.48801743E-001
    241.14727   6.50436010E-001
    241.28631   6.52084935E-001
    241.42536   6.53748261E-001
    241.56441   6.55425730E-001
    241.70346   6.57117089E-001
    241.84251   6.58822081E-001
    241.98156   6.60540456E-001
    242.12060   6.62271961E-001
    242.25965   6.64016346E-001
    242.39870   6.65773363E-001
    242.53775   6.67542763E-001
    242.67680   6.69324301E-001
    242.81584   6.71117732E-001
    242.95489   6.72922811E-001
    243.09394   6.74739296E-001
    243.23299   6.76566947E-001
    243.37204   6.78405522E-001
    243.51109   6.80254785E-001
    243.65013   6.82114496E-001
    243.78918   6.83984421E-001
    243.92823   6.85864324E-001
    244.06728   6.87753971E-001
    244.20633   6.89653132E-001
    244.34538   6.91561573E-001
    244.48442   6.93479067E-001
    244.62347   6.95405384E-001
    244.76252   6.97340297E-001
    244.90157   6.99283580E-001
    245.04062   7.01235009E-001
    245.17966   7.03194359E-001
    245.31871   7.05161410E-001
    245.45776   7.07135939E-001
    245.59681   7.09117728E-001
    245.73586   7.11106557E-001
    245.87491   7.13102210E-001
    246.01395   7.15104471E-001
    246.15300   7.17113124E-001
    246.29205   7.19127957E-001
    246.43110   7.21148758E-001
    246.57015   7.23175315E-001
    246.70919   7.25207418E-001
    246.84824   7.27244860E-001
    246.98729   7.29287432E-001
    247.12634   7.31334929E-001
    247.26539   7.33387147E-001
    247.40444   7.35443881E-001
    247.54348   7.37504929E-001
    247.68253   7.39570090E-001
    247.82158   7.41639164E-001
    247.96063   7.43711953E-001
    248.09968   7.45788259E-001
    248.23873   7.47867885E-001
    248.37777   7.49950638E-001
    248.51682   7.52036322E-001
    248.65587   7.54124746E-001
    248.79492   7.56215718E-001
    248.93397   7.58309048E-001
    249.07301   7.60404547E-001
    249.21206   7.62502027E-001
    249.35111   7.64601302E-001
    249.49016   7.66702187E-001
    249.62921   7.68804497E-001
    249.76826   7.70908049E-001
    249.90730   7.73012661E-001
    250.04635   7.75118154E-001
    250.18540   7.77224348E-001
    250.32445   7.79331064E-001
    250.46350   7.81438126E-001
    250.60255   7.83545358E-001
    250.74159   7.85652585E-001
    250.88064   7.87759634E-001
    251.01969   7.89866333E-001
    251.15874   7.91972511E-001
    251.29779   7.94077998E-001
    251.43683   7.96182626E-001
    251.57588   7.98286226E-001
    251.71493   8.00388634E-001
    251.85398   8.02489682E-001
    251.99303   8.04589209E-001
    252.13208   8.06687050E-001
    252.27112   8.08783045E-001
    252.41017   8.10877032E-001
    252.54922   8.12968854E-001
    252.68827   8.15058351E-001
    252.82732   8.17145366E-001
    252.96636   8.19229745E-001
    253.10541   8.21311333E-001
    253.24446   8.23389975E-001
    253.38351   8.25465520E-001
    253.52256   8.27537817E-001
    253.66161   8.29606716E-001
    253.80065   8.31672068E-001
    253.93970   8.33733726E-001
    254.07875   8.35791542E-001
    254.21780   8.37845372E-001
    254.35685   8.39895072E-001
    254.49590   8.41940498E-001
    254.63494   8.43981509E-001
    254.77399   8.46017964E-001
    254.91304   8.48049723E-001
    255.05209   8.50076648E-001
    255.19114   8.52098602E-001
    255.33018   8.54115449E-001
    255.46923   8.56127053E-001
    255.60828   8.58133281E-001
    255.74733   8.60133999E-001
    255.88638   8.62129077E-001
    256.02543   8.64118384E-001
    256.16447   8.66101791E-001
    256.30352   8.68079169E-001
    256.44257   8.70050391E-001
    256.58162   8.72015331E-001
    256.72067   8.73973865E-001
    256.85972   8.75925869E-001
    256.99876   8.77871220E-001
    257.13781   8.79809797E-001
    257.27686   8.81741479E-001
    257.41591   8.83666148E-001
    257.55496   8.85583684E-001
    257.69400   8.87493972E-001
    257.83305   8.89396894E-001
    257.97210   8.91292337E-001
    258.11115   8.93180187E-001
    258.25020   8.95060331E-001
    258.38925   8.96932658E-001
    258.52829   8.98797057E-001
    258.66734   9.00653420E-001
    258.80639   9.02501637E-001
    258.94544   9.04341602E-001
    259.08449   9.06173209E-001
    259.22354   9.07996353E-001
    259.36258   9.09810931E-001
    259.50163   9.11616839E-001
    259.64068   9.13413976E-001
    259.77973   9.15202242E-001
    259.91878   9.16981537E-001
    260.05782   9.18751763E-001
    260.19687   9.20512822E-001
    260.33592   9.22264619E-001
    260.47497   9.24007058E-001
    260.61402   9.25740045E-001
    260.75307   9.27463487E-001
    260.89211   9.29177293E-001
    261.03116   9.30881372E-001
    261.17021   9.32575633E-001
    261.30926   9.34259988E-001
    261.44831   9.35934351E-001
    261.58735   9.37598633E-001
    261.72640   9.39252750E-001
    261.86545   9.40896616E-001
    262.00450   9.42530150E-001
    262.14355   9.44153268E-001
    262.28260   9.45765889E-001
    262.42164   9.47367933E-001
    262.56069   9.48959321E-001
    262.69974   9.50539974E-001
    262.83879   9.52109816E-001
    262.97784   9.53668770E-001
    263.11689   9.55216762E-001
    263.25593   9.56753717E-001
    263.39498   9.58279563E-001
    263.53403   9.59794227E-001
    263.67308   9.61297639E-001
    263.81213   9.62789728E-001
    263.95117   9.64270427E-001
    264.09022   9.65739666E-001
    264.22927   9.67197380E-001
    264.36832   9.68643502E-001
    264.50737   9.70077968E-001
    264.64642   9.71500713E-001
    264.78546   9.72911676E-001
    264.92451   9.74310794E-001
    265.06356   9.75698007E-001
    265.20261   9.77073255E-001
    265.34166   9.78436478E-001
    265.48071   9.79787620E-001
    265.61975   9.81126623E-001
    265.75880   9.82453431E-001
    265.89785   9.83767991E-001
    266.03690   9.85070247E-001
    266.17595   9.86360148E-001
    266.31499   9.87637640E-001
    266.45404   9.88902674E-001
    266.59309   9.90155199E-001
    266.73214   9.91395167E-001
    266.87119   9.92622528E-001
    267.01024   9.93837237E-001
    267.14928   9.95039247E-001
    267.28833   9.96228513E-001
    267.42738   9.97404991E-001
    267.56643   9.98568638E-001
    267.70548   9.99719410E-001
    267.84452   1.00085727E+000
    267.98357   1.00198217E+000
    268.12262   1.00309408E+000
    268.26167   1.00419295E+000
    268.40072   1.00527875E+000
    268.53977   1.00635144E+000
    268.67881   1.00741099E+000
    268.81786   1.00845737E+000
    268.95691   1.00949052E+000
    269.09596   1.01051044E+000
    269.23501   1.01151707E+000
    269.37406   1.01251040E+000
    269.51310   1.01349038E+000
    269.65215   1.01445700E+000
    269.79120   1.01541022E+000
    269.93025   1.01635002E+000
    270.06930   1.01727636E+000
    270.20834   1.01818922E+000
    270.34739   1.01908859E+000
    270.48644   1.01997442E+000
    270.62549   1.02084671E+000
    270.76454   1.02170542E+000
    270.90359   1.02255054E+000
    271.04263   1.02338204E+000
    271.18168   1.02419991E+000
    271.32073   1.02500412E+000
    271.45978   1.02579467E+000
    271.59883   1.02657152E+000
    271.73788   1.02733467E+000
    271.87692   1.02808409E+000
    272.01597   1.02881979E+000
    272.15502   1.02954173E+000
    272.29407   1.03024990E+000
    272.43312   1.03094430E+000
    272.57216   1.03162492E+000
    272.71121   1.03229174E+000
    272.85026   1.03294475E+000
    272.98931   1.03358394E+000
    273.12836   1.03420931E+000
    273.26741   1.03482084E+000
    273.40645   1.03541854E+000
    273.54550   1.03600239E+000
    273.68455   1.03657239E+000
    273.82360   1.03712853E+000
    273.96265   1.03767082E+000
    274.10169   1.03819925E+000
    274.24074   1.03871381E+000
    274.37979   1.03921451E+000
    274.51884   1.03970134E+000
    274.65789   1.04017431E+000
    274.79694   1.04063342E+000
    274.93598   1.04107866E+000
    275.07503   1.04151004E+000
    275.21408   1.04192757E+000
    275.35313   1.04233124E+000
    275.49218   1.04272106E+000
    275.63123   1.04309704E+000
    275.77027   1.04345919E+000
    275.90932   1.04380750E+000
    276.04837   1.04414199E+000
    276.18742   1.04446267E+000
    276.32647   1.04476954E+000
    276.46551   1.04506262E+000
    276.60456   1.04534191E+000
    276.74361   1.04560742E+000
    276.88266   1.04585917E+000
    277.02171   1.04609717E+000
    277.16076   1.04632143E+000
    277.29980   1.04653197E+000
    277.43885   1.04672879E+000
    277.57790   1.04691192E+000
    277.71695   1.04708137E+000
    277.85600   1.04723716E+000
    277.99505   1.04737929E+000
    278.13409   1.04750780E+000
    278.27314   1.04762270E+000
    278.41219   1.04772400E+000
    278.55124   1.04781173E+000
    278.69029   1.04788591E+000
    278.82933   1.04794655E+000
    278.96838   1.04799368E+000
    279.10743   1.04802733E+000
    279.24648   1.04804750E+000
    279.38553   1.04805423E+000
    279.52458   1.04804753E+000
    279.66362   1.04802744E+000
    279.80267   1.04799398E+000
    279.94172   1.04794717E+000
    280.08077   1.04788704E+000
    280.21982   1.04781361E+000
    280.35886   1.04772691E+000
    280.49791   1.04762697E+000
    280.63696   1.04751382E+000
    280.77601   1.04738749E+000
    280.91506   1.04724800E+000
    281.05411   1.04709539E+000
    281.19315   1.04692967E+000
    281.33220   1.04675090E+000
    281.47125   1.04655909E+000
    281.61030   1.04635428E+000
    281.74935   1.04613650E+000
    281.88840   1.04590578E+000
    282.02744   1.04566216E+000
    282.16649   1.04540567E+000
    282.30554   1.04513635E+000
    282.44459   1.04485422E+000
    282.58364   1.04455933E+000
    282.72268   1.04425170E+000
    282.86173   1.04393138E+000
    283.00078   1.04359841E+000
    283.13983   1.04325281E+000
    283.27888   1.04289463E+000
    283.41793   1.04252391E+000
    283.55697   1.04214067E+000
    283.69602   1.04174497E+000
    283.83507   1.04133684E+000
    283.97412   1.04091633E+000
    284.11317   1.04048346E+000
    284.25222   1.04003828E+000
    284.39126   1.03958084E+000
    284.53031   1.03911116E+000
    284.66936   1.03862931E+000
    284.80841   1.03813531E+000
    284.94746   1.03762921E+000
    285.08650   1.03711105E+000
    285.22555   1.03658088E+000
    285.36460   1.03603874E+000
    285.50365   1.03548467E+000
    285.64270   1.03491872E+000
    285.78175   1.03434093E+000
    285.92079   1.03375135E+000
    286.05984   1.03315002E+000
    286.19889   1.03253699E+000
    286.33794   1.03191231E+000
    286.47699   1.03127602E+000
    286.61603   1.03062816E+000
    286.75508   1.02996879E+000
    286.89413   1.02929796E+000
    287.03318   1.02861570E+000
    287.17223   1.02792208E+000
    287.31128   1.02721713E+000
    287.45032   1.02650090E+000
    287.58937   1.02577346E+000
    287.72842   1.02503483E+000
    287.86747   1.02428508E+000
    288.00652   1.02352426E+000
    288.14557   1.02275241E+000
    288.28461   1.02196958E+000
    288.42366   1.02117583E+000
    288.56271   1.02037120E+000
    288.70176   1.01955575E+000
    288.84081   1.01872953E+000
    288.97985   1.01789260E+000
    289.11890   1.01704499E+000
    289.25795   1.01618677E+000
    289.39700   1.01531799E+000
    289.53605   1.01443869E+000
    289.67510   1.01354895E+000
    289.81414   1.01264879E+000
    289.95319   1.01173829E+000
    290.09224   1.01081749E+000
    290.23129   1.00988645E+000
    290.37034   1.00894522E+000
    290.50939   1.00799385E+000
    290.64843   1.00703241E+000
    290.78748   1.00606094E+000
    290.92653   1.00507950E+000
    291.06558   1.00408814E+000
    291.20463   1.00308693E+000
    291.34367   1.00207591E+000
    291.48272   1.00105514E+000
    291.62177   1.00002468E+000
    291.76082   9.98984582E-001
    291.89987   9.97934902E-001
    292.03892   9.96875697E-001
    292.17796   9.95807024E-001
    292.31701   9.94728938E-001
    292.45606   9.93641497E-001
    292.59511   9.92544758E-001
    292.73416   9.91438776E-001
    292.87321   9.90323611E-001
    293.01225   9.89199318E-001
    293.15130   9.88065955E-001
    293.29035   9.86923580E-001
    293.42940   9.85772250E-001
    293.56845   9.84612022E-001
    293.70749   9.83442956E-001
    293.84654   9.82265107E-001
    293.98559   9.81078535E-001
    294.12464   9.79883298E-001
    294.26369   9.78679454E-001
    294.40274   9.77467061E-001
    294.54178   9.76246177E-001
    294.68083   9.75016861E-001
    294.81988   9.73779171E-001
    294.95893   9.72533166E-001
    295.09798   9.71278905E-001
    295.23702   9.70016447E-001
    295.37607   9.68745849E-001
    295.51512   9.67467172E-001
    295.65417   9.66180473E-001
    295.79322   9.64885813E-001
    295.93227   9.63583249E-001
    296.07131   9.62272841E-001
    296.21036   9.60954648E-001
    296.34941   9.59628729E-001
    296.48846   9.58295144E-001
    296.62751   9.56953951E-001
    296.76656   9.55605210E-001
    296.90560   9.54248979E-001
    297.04465   9.52885319E-001
    297.18370   9.51514288E-001
    297.32275   9.50135946E-001
    297.46180   9.48750352E-001
    297.60084   9.47357565E-001
    297.73989   9.45957644E-001
    297.87894   9.44550650E-001
    298.01799   9.43136641E-001
    298.15704   9.41715676E-001
    298.29609   9.40287815E-001
    298.43513   9.38853116E-001
    298.57418   9.37411640E-001
    298.71323   9.35963446E-001
    298.85228   9.34508592E-001
    298.99133   9.33047138E-001
    299.13038   9.31579142E-001
    299.26942   9.30104665E-001
    299.40847   9.28623765E-001
    299.54752   9.27136501E-001
    299.68657   9.25642932E-001
    299.82562   9.24143118E-001
    299.96466   9.22637116E-001
    300.10371   9.21124986E-001
    300.24276   9.19606787E-001
    300.38181   9.18082577E-001
    300.52086   9.16552415E-001
    300.65991   9.15016360E-001
    300.79895   9.13474470E-001
    300.93800   9.11926804E-001
    301.07705   9.10373420E-001
    301.21610   9.08814376E-001
    301.35515   9.07249731E-001
    301.49419   9.05679543E-001
    301.63324   9.04103870E-001
    301.77229   9.02522770E-001
    301.91134   9.00936302E-001
    302.05039   8.99344522E-001
    302.18944   8.97747489E-001
    302.32848   8.96145260E-001
    302.46753   8.94537893E-001
    302.60658   8.92925445E-001
    302.74563   8.91307974E-001
    302.88468   8.89685537E-001
    303.02373   8.88058191E-001
    303.16277   8.86425994E-001
    303.30182   8.84789001E-001
    303.44087   8.83147271E-001
    303.57992   8.81500860E-001
    303.71897   8.79849824E-001
    303.85801   8.78194219E-001
    303.99706   8.76534103E-001
    304.13611   8.74869532E-001
    304.27516   8.73200561E-001
    304.41421   8.71527246E-001
    304.55326   8.69849645E-001
    304.69230   8.68167811E-001
    304.83135   8.66481801E-001
    304.97040   8.64791670E-001
    305.10945   8.63097474E-001
    305.24850   8.61399267E-001
    305.38755   8.59697106E-001
    305.52659   8.57991044E-001
    305.66564   8.56281136E-001
    305.80469   8.54567438E-001
    305.94374   8.52850003E-001
    306.08279   8.51128886E-001
    306.22183   8.49404140E-001
    306.36088   8.47675821E-001
    306.49993   8.45943982E-001
    306.63898   8.44208676E-001
    306.77803   8.42469957E-001
    306.91708   8.40727878E-001
    307.05612   8.38982493E-001
    307.19517   8.37233855E-001
    307.33422   8.35482016E-001
    307.47327   8.33727029E-001
    307.61232   8.31968947E-001
    307.75136   8.30207822E-001
    307.89041   8.28443706E-001
    308.02946   8.26676652E-001
    308.16851   8.24906711E-001
    308.30756   8.23133934E-001
    308.44661   8.21358374E-001
    308.58565   8.19580081E-001
    308.72470   8.17799107E-001
    308.86375   8.16015503E-001
    309.00280   8.14229319E-001
    309.14185   8.12440606E-001
    309.28090   8.10649414E-001
    309.41994   8.08855794E-001
    309.55899   8.07059796E-001
    309.69804   8.05261468E-001
    309.83709   8.03460862E-001
    309.97614   8.01658027E-001
    310.11518   7.99853011E-001
    310.25423   7.98045863E-001
    310.39328   7.96236633E-001
    310.53233   7.94425370E-001
    310.67138   7.92612121E-001
    310.81043   7.90796935E-001
    310.94947   7.88979860E-001
    311.08852   7.87160944E-001
    311.22757   7.85340235E-001
    311.36662   7.83517780E-001
    311.50567   7.81693625E-001
    311.64472   7.79867819E-001
    311.78376   7.78040408E-001
    311.92281   7.76211439E-001
    312.06186   7.74380958E-001
    312.20091   7.72549011E-001
    312.33996   7.70715645E-001
    312.47900   7.68880905E-001
    312.61805   7.67044837E-001
    312.75710   7.65207485E-001
    312.89615   7.63368896E-001
    313.03520   7.61529114E-001
    313.17425   7.59688185E-001
    313.31329   7.57846151E-001
    313.45234   7.56003059E-001
    313.59139   7.54158951E-001
    313.73044   7.52313872E-001
    313.86949   7.50467865E-001
    314.00853   7.48620974E-001
    314.14758   7.46773243E-001
    314.28663   7.44924713E-001
    314.42568   7.43075428E-001
    314.56473   7.41225430E-001
    314.70378   7.39374763E-001
    314.84282   7.37523467E-001
    314.98187   7.35671584E-001
    315.12092   7.33819158E-001
    315.25997   7.31966228E-001
    315.39902   7.30112836E-001
    315.53807   7.28259023E-001
    315.67711   7.26404830E-001
    315.81616   7.24550297E-001
    315.95521   7.22695466E-001
    316.09426   7.20840375E-001
    316.23331   7.18985065E-001
    316.37235   7.17129575E-001
    316.51140   7.15273946E-001
    316.65045   7.13418215E-001
    316.78950   7.11562422E-001
    316.92855   7.09706607E-001
    317.06760   7.07850806E-001
    317.20664   7.05995060E-001
    317.34569   7.04139405E-001
    317.48474   7.02283879E-001
    317.62379   7.00428521E-001
    317.76284   6.98573367E-001
    317.90189   6.96718456E-001
    318.04093   6.94863823E-001
    318.17998   6.93009505E-001
    318.31903   6.91155539E-001
    318.45808   6.89301962E-001
    318.59713   6.87448808E-001
    318.73617   6.85596115E-001
    318.87522   6.83743917E-001
    319.01427   6.81892251E-001
    319.15332   6.80041150E-001
    319.29237   6.78190650E-001
    319.43142   6.76340786E-001
    319.57046   6.74491592E-001
    319.70951   6.72643102E-001
    319.84856   6.70795351E-001
    319.98761   6.68948371E-001
    320.12666   6.67102197E-001
    320.26570   6.65256862E-001
    320.40475   6.63412399E-001
    320.54380   6.61568840E-001
    320.68285   6.59726219E-001
    320.82190   6.57884568E-001
    320.96095   6.56043918E-001
    321.09999   6.54204302E-001
    321.23904   6.52365752E-001
    321.37809   6.50528299E-001
    321.51714   6.48691974E-001
    321.65619   6.46856808E-001
    321.79524   6.45022833E-001
    321.93428   6.43190078E-001
    322.07333   6.41358574E-001
    322.21238   6.39528352E-001
    322.35143   6.37699440E-001
    322.49048   6.35871869E-001
    322.62952   6.34045669E-001
    322.76857   6.32220868E-001
    322.90762   6.30397495E-001
    323.04667   6.28575580E-001
    323.18572   6.26755151E-001
    323.32477   6.24936235E-001
    323.46381   6.23118862E-001
    323.60286   6.21303059E-001
    323.74191   6.19488854E-001
    323.88096   6.17676275E-001
    324.02001   6.15865348E-001
    324.15906   6.14056100E-001
    324.29810   6.12248559E-001
    324.43715   6.10442751E-001
    324.57620   6.08638702E-001
    324.71525   6.06836438E-001
    324.85430   6.05035986E-001
    324.99334   6.03237371E-001
    325.13239   6.01440619E-001
    325.27144   5.99645754E-001
    325.41049   5.97852802E-001
    325.54954   5.96061788E-001
    325.68859   5.94272737E-001
    325.82763   5.92485672E-001
    325.96668   5.90700618E-001
    326.10573   5.88917599E-001
    326.24478   5.87136639E-001
    326.38383   5.85357761E-001
    326.52288   5.83580988E-001
    326.66192   5.81806345E-001
    326.80097   5.80033853E-001
    326.94002   5.78263536E-001
    327.07907   5.76495415E-001
    327.21812   5.74729514E-001
    327.35716   5.72965854E-001
    327.49621   5.71204457E-001
    327.63526   5.69445345E-001
    327.77431   5.67688540E-001
    327.91336   5.65934062E-001
    328.05241   5.64181933E-001
    328.19145   5.62432173E-001
    328.33050   5.60684803E-001
    328.46955   5.58939844E-001
    328.60860   5.57197316E-001
    328.74765   5.55457238E-001
    328.88669   5.53719632E-001
    329.02574   5.51984516E-001
    329.16479   5.50251909E-001
    329.30384   5.48521832E-001
    329.44289   5.46794302E-001
    329.58194   5.45069340E-001
    329.72098   5.43346963E-001
    329.86003   5.41627190E-001
    329.99908   5.39910039E-001
    330.13813   5.38195529E-001
    330.27718   5.36483677E-001
    330.41623   5.34774501E-001
    330.55527   5.33068018E-001
    330.69432   5.31364245E-001
    330.83337   5.29663201E-001
    330.97242   5.27964901E-001
    331.11147   5.26269362E-001
    331.25051   5.24576601E-001
    331.38956   5.22886634E-001
    331.52861   5.21199478E-001
    331.66766   5.19515148E-001
    331.80671   5.17833660E-001
    331.94576   5.16155029E-001
    332.08480   5.14479272E-001
    332.22385   5.12806402E-001
    332.36290   5.11136436E-001
    332.50195   5.09469389E-001
    332.64100   5.07805273E-001
    332.78005   5.06144106E-001
    332.91909   5.04485899E-001
    333.05814   5.02830669E-001
    333.19719   5.01178428E-001
    333.33624   4.99529190E-001
    333.47529   4.97882970E-001
    333.61433   4.96239780E-001
    333.75338   4.94599634E-001
    333.89243   4.92962544E-001
    334.03148   4.91328524E-001
    334.17053   4.89697587E-001
    334.30958   4.88069744E-001
    334.44862   4.86445008E-001
    334.58767   4.84823393E-001
    334.72672   4.83204908E-001
    334.86577   4.81589567E-001
    335.00482   4.79977381E-001
    335.14386   4.78368362E-001
    335.28291   4.76762520E-001
    335.42196   4.75159868E-001
    335.56101   4.73560416E-001
    335.70006   4.71964175E-001
    335.83911   4.70371156E-001
    335.97815   4.68781369E-001
    336.11720   4.67194825E-001
    336.25625   4.65611534E-001
    336.39530   4.64031506E-001
    336.53435   4.62454750E-001
    336.67340   4.60881278E-001
    336.81244   4.59311097E-001
    336.95149   4.57744218E-001
    337.09054   4.56180650E-001
    337.22959   4.54620402E-001
    337.36864   4.53063483E-001
    337.50768   4.51509902E-001
    337.64673   4.49959668E-001
    337.78578   4.48412788E-001
    337.92483   4.46869271E-001
    338.06388   4.45329126E-001
    338.20293   4.43792361E-001
    338.34197   4.42258983E-001
    338.48102   4.40729001E-001
    338.62007   4.39202421E-001
    338.75912   4.37679251E-001
    338.89817   4.36159499E-001
    339.03722   4.34643172E-001
    339.17626   4.33130277E-001
    339.31531   4.31620821E-001
    339.45436   4.30114810E-001
    339.59341   4.28612251E-001
    339.73246   4.27113151E-001
    339.87150   4.25617515E-001
    340.01055   4.24125351E-001
    340.14960   4.22636664E-001
    340.28865   4.21151460E-001
    340.42770   4.19669744E-001
    340.56675   4.18191524E-001
    340.70579   4.16716803E-001
    340.84484   4.15245587E-001
    340.98389   4.13777883E-001
    341.12294   4.12313694E-001
    341.26199   4.10853025E-001
    341.40103   4.09395883E-001
    341.54008   4.07942270E-001
    341.67913   4.06492193E-001
    341.81818   4.05045655E-001
    341.95723   4.03602660E-001
    342.09628   4.02163214E-001
    342.23532   4.00727319E-001
    342.37437   3.99294981E-001
    342.51342   3.97866202E-001
    342.65247   3.96440987E-001
    342.79152   3.95019339E-001
    342.93057   3.93601262E-001
    343.06961   3.92186759E-001
    343.20866   3.90775833E-001
    343.34771   3.89368488E-001
    343.48676   3.87964725E-001
    343.62581   3.86564550E-001
    343.76485   3.85167963E-001
    343.90390   3.83774968E-001
    344.04295   3.82385567E-001
    344.18200   3.80999762E-001
    344.32105   3.79617557E-001
    344.46010   3.78238953E-001
    344.59914   3.76863952E-001
    344.73819   3.75492557E-001
    344.87724   3.74124768E-001
    345.01629   3.72760589E-001
    345.15534   3.71400020E-001
    345.29439   3.70043063E-001
    345.43343   3.68689720E-001
    345.57248   3.67339992E-001
    345.71153   3.65993880E-001
    345.85058   3.64651385E-001
    345.98963   3.63312508E-001
    346.12867   3.61977251E-001
    346.26772   3.60645613E-001
    346.40677   3.59317597E-001
    346.54582   3.57993201E-001
    346.68487   3.56672428E-001
    346.82392   3.55355277E-001
    346.96296   3.54041749E-001
    347.10201   3.52731843E-001
    347.24106   3.51425561E-001
    347.38011   3.50122901E-001
    347.51916   3.48823865E-001
    347.65820   3.47528451E-001
    347.79725   3.46236660E-001
    347.93630   3.44948491E-001
    348.07535   3.43663945E-001
    348.21440   3.42383019E-001
    348.35345   3.41105714E-001
    348.49249   3.39832029E-001
    348.63154   3.38561964E-001
    348.77059   3.37295516E-001
    348.90964   3.36032686E-001
    349.04869   3.34773473E-001
    349.18774   3.33517874E-001
    349.32678   3.32265890E-001
    349.46583   3.31017518E-001
    349.60488   3.29772757E-001
    349.74393   3.28531607E-001
    349.88298   3.27294064E-001
    350.02202   3.26060128E-001
    350.16107   3.24829797E-001
    350.30012   3.23603069E-001
    350.43917   3.22379943E-001
    350.57822   3.21160416E-001
    350.71727   3.19944485E-001
    350.85631   3.18732151E-001
    350.99536   3.17523409E-001
    351.13441   3.16318257E-001
    351.27346   3.15116694E-001
    351.41251   3.13918717E-001
    351.55156   3.12724324E-001
    351.69060   3.11533511E-001
    351.82965   3.10346277E-001
    351.96870   3.09162618E-001
    352.10775   3.07982532E-001
    352.24680   3.06806016E-001
    352.38584   3.05633067E-001
    352.52489   3.04463682E-001
    352.66394   3.03297858E-001
    352.80299   3.02135592E-001
    352.94204   3.00976881E-001
    353.08109   2.99821721E-001
    353.22013   2.98670110E-001
    353.35918   2.97522043E-001
    353.49823   2.96377517E-001
    353.63728   2.95236530E-001
    353.77633   2.94099076E-001
    353.91537   2.92965153E-001
    354.05442   2.91834757E-001
    354.19347   2.90707884E-001
    354.33252   2.89584531E-001
    354.47157   2.88464693E-001
    354.61062   2.87348366E-001
    354.74966   2.86235547E-001
    354.88871   2.85126232E-001
    355.02776   2.84020415E-001
    355.16681   2.82918094E-001
    355.30586   2.81819264E-001
    355.44491   2.80723921E-001
    355.58395   2.79632060E-001
    355.72300   2.78543676E-001
    355.86205   2.77458767E-001
    356.00110   2.76377326E-001
    356.14015   2.75299350E-001
    356.27919   2.74224833E-001
    356.41824   2.73153772E-001
    356.55729   2.72086161E-001
    356.69634   2.71021996E-001
    356.83539   2.69961272E-001
    356.97444   2.68903984E-001
    357.11348   2.67850127E-001
    357.25253   2.66799696E-001
    357.39158   2.65752687E-001
    357.53063   2.64709093E-001
    357.66968   2.63668911E-001
    357.80873   2.62632134E-001
    357.94777   2.61598759E-001
    358.08682   2.60568778E-001
    358.22587   2.59542188E-001
    358.36492   2.58518983E-001
    358.50397   2.57499158E-001
    358.64301   2.56482706E-001
    358.78206   2.55469624E-001
    358.92111   2.54459904E-001
    359.06016   2.53453542E-001
    359.19921   2.52450533E-001
    359.33826   2.51450870E-001
    359.47730   2.50454547E-001
    359.61635   2.49461560E-001
    359.75540   2.48471902E-001
    359.89445   2.47485568E-001
    360.03350   2.46502552E-001
    360.17255   2.45522848E-001
    360.31159   2.44546450E-001
    360.45064   2.43573352E-001
    360.58969   2.42603549E-001
    360.72874   2.41637034E-001
    360.86779   2.40673801E-001
    361.00683   2.39713845E-001
    361.14588   2.38757158E-001
    361.28493   2.37803736E-001
    361.42398   2.36853572E-001
    361.56303   2.35906659E-001
    361.70208   2.34962992E-001
    361.84112   2.34022564E-001
    361.98017   2.33085369E-001
    362.11922   2.32151401E-001
    362.25827   2.31220653E-001
    362.39732   2.30293119E-001
    362.53636   2.29368793E-001
    362.67541   2.28447668E-001
    362.81446   2.27529737E-001
    362.95351   2.26614995E-001
    363.09256   2.25703435E-001
    363.23161   2.24795050E-001
    363.37065   2.23889833E-001
    363.50970   2.22987779E-001
    363.64875   2.22088880E-001
    363.78780   2.21193129E-001
    363.92685   2.20300521E-001
    364.06590   2.19411049E-001
    364.20494   2.18524705E-001
    364.34399   2.17641484E-001
    364.48304   2.16761377E-001
    364.62209   2.15884379E-001
    364.76114   2.15010483E-001
    364.90018   2.14139682E-001
    365.03923   2.13271969E-001
    365.17828   2.12407337E-001
    365.31733   2.11545779E-001
    365.45638   2.10687289E-001
    365.59543   2.09831859E-001
    365.73447   2.08979483E-001
    365.87352   2.08130154E-001
    366.01257   2.07283864E-001
    366.15162   2.06440606E-001
    366.29067   2.05600375E-001
    366.42972   2.04763162E-001
    366.56876   2.03928960E-001
    366.70781   2.03097763E-001
    366.84686   2.02269563E-001
    366.98591   2.01444354E-001
    367.12496   2.00622128E-001
    367.26400   1.99802878E-001
    367.40305   1.98986596E-001
    367.54210   1.98173277E-001
    367.68115   1.97362912E-001
    367.82020   1.96555494E-001
    367.95925   1.95751017E-001
    368.09829   1.94949472E-001
    368.23734   1.94150854E-001
    368.37639   1.93355154E-001
    368.51544   1.92562365E-001
    368.65449   1.91772480E-001
    368.79353   1.90985492E-001
    368.93258   1.90201393E-001
    369.07163   1.89420176E-001
    369.21068   1.88641835E-001
    369.34973   1.87866360E-001
    369.48878   1.87093746E-001
    369.62782   1.86323985E-001
    369.76687   1.85557070E-001
    369.90592   1.84792992E-001
    370.04497   1.84031745E-001
    370.18402   1.83273322E-001
    370.32307   1.82517715E-001
    370.46211   1.81764916E-001
    370.60116   1.81014919E-001
    370.74021   1.80267715E-001
    370.87926   1.79523298E-001
    371.01831   1.78781660E-001
    371.15735   1.78042794E-001
    371.29640   1.77306692E-001
    371.43545   1.76573346E-001
    371.57450   1.75842750E-001
    371.71355   1.75114896E-001
    371.85260   1.74389776E-001
    371.99164   1.73667383E-001
    372.13069   1.72947709E-001
    372.26974   1.72230748E-001
    372.40879   1.71516491E-001
    372.54784   1.70804931E-001
    372.68689   1.70096061E-001
    372.82593   1.69389873E-001
    372.96498   1.68686360E-001
    373.10403   1.67985514E-001
    373.24308   1.67287327E-001
    373.38213   1.66591793E-001
    373.52117   1.65898903E-001
    373.66022   1.65208651E-001
    373.79927   1.64521028E-001
    373.93832   1.63836028E-001
    374.07737   1.63153642E-001
    374.21642   1.62473864E-001
    374.35546   1.61796685E-001
    374.49451   1.61122098E-001
    374.63356   1.60450097E-001
    374.77261   1.59780672E-001
    374.91166   1.59113818E-001
    375.05070   1.58449525E-001
    375.18975   1.57787788E-001
    375.32880   1.57128597E-001
    375.46785   1.56471947E-001
    375.60690   1.55817828E-001
    375.74595   1.55166235E-001
    375.88499   1.54517159E-001
    376.02404   1.53870592E-001
    376.16309   1.53226528E-001
    376.30214   1.52584959E-001
    376.44119   1.51945878E-001
    376.58024   1.51309276E-001
    376.71928   1.50675147E-001
    376.85833   1.50043482E-001
    376.99738   1.49414275E-001
    377.13643   1.48787519E-001
    377.27548   1.48163205E-001
    377.41452   1.47541326E-001
    377.55357   1.46921874E-001
    377.69262   1.46304843E-001
    377.83167   1.45690225E-001
    377.97072   1.45078012E-001
    378.10977   1.44468197E-001
    378.24881   1.43860773E-001
    378.38786   1.43255732E-001
    378.52691   1.42653066E-001
    378.66596   1.42052769E-001
    378.80501   1.41454833E-001
    378.94406   1.40859250E-001
    379.08310   1.40266013E-001
    379.22215   1.39675115E-001
    379.36120   1.39086549E-001
    379.50025   1.38500306E-001
    379.63930   1.37916380E-001
    379.77834   1.37334763E-001
    379.91739   1.36755449E-001
    380.05644   1.36178428E-001
    380.19549   1.35603695E-001
    380.33454   1.35031242E-001
    380.47359   1.34461062E-001
    380.61263   1.33893147E-001
    380.75168   1.33327489E-001
    380.89073   1.32764083E-001
    381.02978   1.32202920E-001
    381.16883   1.31643993E-001
    381.30787   1.31087295E-001
    381.44692   1.30532818E-001
    381.58597   1.29980556E-001
    381.72502   1.29430501E-001
    381.86407   1.28882645E-001
    382.00312   1.28336983E-001
    382.14216   1.27793506E-001
    382.28121   1.27252207E-001
    382.42026   1.26713079E-001
    382.55931   1.26176115E-001
    382.69836   1.25641308E-001
    382.83741   1.25108650E-001
    382.97645   1.24578134E-001
    383.11550   1.24049754E-001
    383.25455   1.23523502E-001
    383.39360   1.22999370E-001
    383.53265   1.22477353E-001
    383.67169   1.21957442E-001
    383.81074   1.21439631E-001
    383.94979   1.20923913E-001
    384.08884   1.20410280E-001
    384.22789   1.19898725E-001
    384.36694   1.19389242E-001
    384.50598   1.18881823E-001
    384.64503   1.18376461E-001
    384.78408   1.17873150E-001
    384.92313   1.17371882E-001
    385.06218   1.16872650E-001
    385.20123   1.16375448E-001
    385.34027   1.15880268E-001
    385.47932   1.15387104E-001
    385.61837   1.14895947E-001
    385.75742   1.14406793E-001
    385.89647   1.13919633E-001
    386.03551   1.13434461E-001
    386.17456   1.12951269E-001
    386.31361   1.12470052E-001
    386.45266   1.11990802E-001
    386.59171   1.11513512E-001
    386.73076   1.11038175E-001
    386.86980   1.10564785E-001
    387.00885   1.10093334E-001
    387.14790   1.09623817E-001
    387.28695   1.09156225E-001
    387.42600   1.08690553E-001
    387.56505   1.08226794E-001
    387.70409   1.07764940E-001
    387.84314   1.07304986E-001
    387.98219   1.06846924E-001
    388.12124   1.06390747E-001
    388.26029   1.05936450E-001
    388.39933   1.05484025E-001
    388.53838   1.05033465E-001
    388.67743   1.04584765E-001
    388.81648   1.04137917E-001
    388.95553   1.03692914E-001
    389.09458   1.03249751E-001
    389.23362   1.02808420E-001
    389.37267   1.02368915E-001
    389.51172   1.01931229E-001
    389.65077   1.01495357E-001
    389.78982   1.01061290E-001
    389.92886   1.00629023E-001
    390.06791   1.00198550E-001
    390.20696   9.97698626E-002
    390.34601   9.93429559E-002
    390.48506   9.89178229E-002
    390.62411   9.84944572E-002
    390.76315   9.80728524E-002
    390.90220   9.76530020E-002
    391.04125   9.72348996E-002
    391.18030   9.68185389E-002
    391.31935   9.64039134E-002
    391.45840   9.59910168E-002
    391.59744   9.55798427E-002
    391.73649   9.51703848E-002
    391.87554   9.47626368E-002
    392.01459   9.43565923E-002
    392.15364   9.39522451E-002
    392.29268   9.35495889E-002
    392.43173   9.31486174E-002
    392.57078   9.27493245E-002
    392.70983   9.23517038E-002
    392.84888   9.19557491E-002
    392.98793   9.15614543E-002
    393.12697   9.11688131E-002
    393.26602   9.07778195E-002
    393.40507   9.03884671E-002
    393.54412   9.00007500E-002
    393.68317   8.96146620E-002
    393.82222   8.92301969E-002
    393.96126   8.88473488E-002
    394.10031   8.84661114E-002
    394.23936   8.80864788E-002
    394.37841   8.77084449E-002
    394.51746   8.73320037E-002
    394.65650   8.69571491E-002
    394.79555   8.65838753E-002
    394.93460   8.62121761E-002
    395.07365   8.58420456E-002
    395.21270   8.54734779E-002
    395.35175   8.51064670E-002
    395.49079   8.47410071E-002
    395.62984   8.43770921E-002
    395.76889   8.40147164E-002
    395.90794   8.36538738E-002
    396.04699   8.32945587E-002
    396.18603   8.29367652E-002
    396.32508   8.25804874E-002
    396.46413   8.22257195E-002
    396.60318   8.18724558E-002
    396.74223   8.15206905E-002
    396.88128   8.11704178E-002
    397.02032   8.08216319E-002
    397.15937   8.04743272E-002
    397.29842   8.01284980E-002
    397.43747   7.97841385E-002
    397.57652   7.94412431E-002
    397.71557   7.90998060E-002
    397.85461   7.87598217E-002
    397.99366   7.84212846E-002
    398.13271   7.80841890E-002
    398.27176   7.77485293E-002
    398.41081   7.74142999E-002
    398.54985   7.70814953E-002
    398.68890   7.67501099E-002
    398.82795   7.64201382E-002
    398.96700   7.60915746E-002
    399.10605   7.57644138E-002
    399.24510   7.54386501E-002
    399.38414   7.51142781E-002
    399.52319   7.47912924E-002
    399.66224   7.44696875E-002
    399.80129   7.41494581E-002
    399.94034   7.38305986E-002
    400.07939   7.35131037E-002
    400.21843   7.31969681E-002
    400.35748   7.28821864E-002
    400.49653   7.25687532E-002
    400.63558   7.22566632E-002
    400.77463   7.19459112E-002
    400.91367   7.16364917E-002
    401.05272   7.13283997E-002
    401.19177   7.10216297E-002
    401.33082   7.07161765E-002
    401.46987   7.04120350E-002
    401.60892   7.01091999E-002
    401.74796   6.98076660E-002
    401.88701   6.95074281E-002
    402.02606   6.92084811E-002
    402.16511   6.89108199E-002
    402.30416   6.86144392E-002
    402.44320   6.83193340E-002
    402.58225   6.80254992E-002
    402.72130   6.77329298E-002
    402.86035   6.74416205E-002
    402.99940   6.71515664E-002
    403.13845   6.68627625E-002
    403.27749   6.65752037E-002
    403.41654   6.62888851E-002
    403.55559   6.60038016E-002
    403.69464   6.57199483E-002
    403.83369   6.54373202E-002
    403.97274   6.51559124E-002
    404.11178   6.48757199E-002
    404.25083   6.45967379E-002
    404.38988   6.43189615E-002
    404.52893   6.40423857E-002
    404.66798   6.37670058E-002
    404.80702   6.34928169E-002
    404.94607   6.32198142E-002
    405.08512   6.29479928E-002
    405.22417   6.26773479E-002
    405.36322   6.24078749E-002
    405.50227   6.21395688E-002
    405.64131   6.18724250E-002
    405.78036   6.16064387E-002
    405.91941   6.13416053E-002
    406.05846   6.10779200E-002
    406.19751   6.08153781E-002
    406.33656   6.05539749E-002
    406.47560   6.02937059E-002
    406.61465   6.00345663E-002
    406.75370   5.97765516E-002
    406.89275   5.95196571E-002
    407.03180   5.92638782E-002
    407.17084   5.90092104E-002
    407.30989   5.87556492E-002
    407.44894   5.85031899E-002
    407.58799   5.82518280E-002
    407.72704   5.80015590E-002
    407.86609   5.77523785E-002
    408.00513   5.75042819E-002
    408.14418   5.72572648E-002
    408.28323   5.70113227E-002
    408.42228   5.67664511E-002
    408.56133   5.65226458E-002
    408.70037   5.62799021E-002
    408.83942   5.60382159E-002
    408.97847   5.57975826E-002
    409.11752   5.55579979E-002
    409.25657   5.53194575E-002
    409.39562   5.50819571E-002
    409.53466   5.48454923E-002
    409.67371   5.46100588E-002
    409.81276   5.43756523E-002
    409.95181   5.41422687E-002
    410.09086   5.39099035E-002
    410.22991   5.36785526E-002
    410.36895   5.34482118E-002
    410.50800   5.32188768E-002
    410.64705   5.29905435E-002
    410.78610   5.27632076E-002
    410.92515   5.25368650E-002
    411.06419   5.23115116E-002
    411.20324   5.20871432E-002
    411.34229   5.18637556E-002
    411.48134   5.16413449E-002
    411.62039   5.14199068E-002
    411.75944   5.11994374E-002
    411.89848   5.09799325E-002
    412.03753   5.07613881E-002
    412.17658   5.05438002E-002
    412.31563   5.03271648E-002
    412.45468   5.01114778E-002
    412.59373   4.98967352E-002
    412.73277   4.96829331E-002
    412.87182   4.94700676E-002
    413.01087   4.92581346E-002
    413.14992   4.90471303E-002
    413.28897   4.88370507E-002
    413.42801   4.86278919E-002
    413.56706   4.84196501E-002
    413.70611   4.82123213E-002
    413.84516   4.80059017E-002
    413.98421   4.78003875E-002
    414.12326   4.75957748E-002
    414.26230   4.73920598E-002
    414.40135   4.71892387E-002
    414.54040   4.69873077E-002
    414.67945   4.67862630E-002
    414.81850   4.65861009E-002
    414.95754   4.63868177E-002
    415.09659   4.61884095E-002
    415.23564   4.59908727E-002
    415.37469   4.57942036E-002
    415.51374   4.55983984E-002
    415.65279   4.54034535E-002
    415.79183   4.52093653E-002
    415.93088   4.50161301E-002
    416.06993   4.48237441E-002
    416.20898   4.46322040E-002
    416.34803   4.44415059E-002
    416.48708   4.42516463E-002
    416.62612   4.40626217E-002
    416.76517   4.38744284E-002
    416.90422   4.36870629E-002
    417.04327   4.35005217E-002
    417.18232   4.33148012E-002
    417.32136   4.31298980E-002
    417.46041   4.29458085E-002
    417.59946   4.27625292E-002
    417.73851   4.25800566E-002
    417.87756   4.23983874E-002
    418.01661   4.22175180E-002
    418.15565   4.20374450E-002
    418.29470   4.18581650E-002
    418.43375   4.16796746E-002
    418.57280   4.15019704E-002
    418.71185   4.13250490E-002
    418.85090   4.11489070E-002
    418.98994   4.09735410E-002
    419.12899   4.07989479E-002
    419.26804   4.06251241E-002
    419.40709   4.04520664E-002
    419.54614   4.02797714E-002
    419.68518   4.01082360E-002
    419.82423   3.99374567E-002
    419.96328   3.97674304E-002
    420.10233   3.95981538E-002
    420.24138   3.94296236E-002
    420.38043   3.92618367E-002
    420.51947   3.90947897E-002
    420.65852   3.89284796E-002
    420.79757   3.87629030E-002
    420.93662   3.85980569E-002
    421.07567   3.84339380E-002
    421.21472   3.82705432E-002
    421.35376   3.81078694E-002
    421.49281   3.79459135E-002
    421.63186   3.77846722E-002
    421.77091   3.76241426E-002
    421.90996   3.74643215E-002
    422.04900   3.73052058E-002
    422.18805   3.71467926E-002
    422.32710   3.69890786E-002
    422.46615   3.68320609E-002
    422.60520   3.66757365E-002
    422.74425   3.65201023E-002
    422.88329   3.63651553E-002
    423.02234   3.62108925E-002
    423.16139   3.60573110E-002
    423.30044   3.59044078E-002
    423.43949   3.57521799E-002
    423.57853   3.56006243E-002
    423.71758   3.54497382E-002
    423.85663   3.52995185E-002
    423.99568   3.51499625E-002
    424.13473   3.50010672E-002
    424.27378   3.48528296E-002
    424.41282   3.47052470E-002
    424.55187   3.45583165E-002
    424.69092   3.44120351E-002
    424.82997   3.42664001E-002
    424.96902   3.41214087E-002
    425.10807   3.39770580E-002
    425.24711   3.38333451E-002
    425.38616   3.36902674E-002
    425.52521   3.35478220E-002
    425.66426   3.34060061E-002
    425.80331   3.32648171E-002
    425.94235   3.31242520E-002
    426.08140   3.29843083E-002
    426.22045   3.28449831E-002
    426.35950   3.27062738E-002
    426.49855   3.25681776E-002
    426.63760   3.24306918E-002
    426.77664   3.22938138E-002
    426.91569   3.21575408E-002
    427.05474   3.20218703E-002
    427.19379   3.18867996E-002
    427.33284   3.17523259E-002
    427.47189   3.16184468E-002
    427.61093   3.14851595E-002
    427.74998   3.13524615E-002
    427.88903   3.12203502E-002
    428.02808   3.10888229E-002
    428.16713   3.09578772E-002
    428.30617   3.08275103E-002
    428.44522   3.06977199E-002
    428.58427   3.05685033E-002
    428.72332   3.04398579E-002
    428.86237   3.03117814E-002
    429.00142   3.01842711E-002
    429.14046   3.00573245E-002
    429.27951   2.99309392E-002
    429.41856   2.98051127E-002
    429.55761   2.96798425E-002
    429.69666   2.95551261E-002
    429.83570   2.94309611E-002
    429.97475   2.93073451E-002
    430.11380   2.91842756E-002
    430.25285   2.90617502E-002
    430.39190   2.89397665E-002
    430.53095   2.88183220E-002
    430.66999   2.86974144E-002
    430.80904   2.85770414E-002
    430.94809   2.84572005E-002
    431.08714   2.83378893E-002
    431.22619   2.82191056E-002
    431.36524   2.81008470E-002
    431.50428   2.79831111E-002
    431.64333   2.78658957E-002
    431.78238   2.77491983E-002
    431.92143   2.76330168E-002
    432.06048   2.75173488E-002
    432.19952   2.74021920E-002
    432.33857   2.72875442E-002
    432.47762   2.71734031E-002
    432.61667   2.70597664E-002
    432.75572   2.69466320E-002
    432.89477   2.68339975E-002
    433.03381   2.67218607E-002
    433.17286   2.66102194E-002
    433.31191   2.64990715E-002
    433.45096   2.63884147E-002
    433.59001   2.62782468E-002
    433.72906   2.61685656E-002
    433.86810   2.60593690E-002
    434.00715   2.59506549E-002
    434.14620   2.58424210E-002
    434.28525   2.57346652E-002
    434.42430   2.56273854E-002
    434.56334   2.55205794E-002
    434.70239   2.54142452E-002
    434.84144   2.53083807E-002
    434.98049   2.52029837E-002
    435.11954   2.50980521E-002
    435.25859   2.49935839E-002
    435.39763   2.48895770E-002
    435.53668   2.47860294E-002
    435.67573   2.46829389E-002
    435.81478   2.45803036E-002
    435.95383   2.44781214E-002
    436.09287   2.43763903E-002
    436.23192   2.42751082E-002
    436.37097   2.41742732E-002
    436.51002   2.40738832E-002
    436.64907   2.39739363E-002
    436.78812   2.38744305E-002
    436.92716   2.37753637E-002
    437.06621   2.36767341E-002
    437.20526   2.35785397E-002
    437.34431   2.34807785E-002
    437.48336   2.33834486E-002
    437.62241   2.32865480E-002
    437.76145   2.31900749E-002
    437.90050   2.30940272E-002
    438.03955   2.29984032E-002
    438.17860   2.29032009E-002
    438.31765   2.28084183E-002
    438.45669   2.27140537E-002
    438.59574   2.26201052E-002
    438.73479   2.25265708E-002
    438.87384   2.24334488E-002
    439.01289   2.23407372E-002
    439.15194   2.22484343E-002
    439.29098   2.21565381E-002
    439.43003   2.20650469E-002
    439.56908   2.19739589E-002
    439.70813   2.18832722E-002
    439.84718   2.17929851E-002
    439.98623   2.17030956E-002
    440.12527   2.16136022E-002
    440.26432   2.15245028E-002
    440.40337   2.14357959E-002
    440.54242   2.13474797E-002
    440.68147   2.12595523E-002
    440.82051   2.11720120E-002
    440.95956   2.10848571E-002
    441.09861   2.09980859E-002
    441.23766   2.09116965E-002
    441.37671   2.08256874E-002
    441.51576   2.07400568E-002
    441.65480   2.06548030E-002
    441.79385   2.05699243E-002
    441.93290   2.04854190E-002
    442.07195   2.04012854E-002
    442.21100   2.03175218E-002
    442.35004   2.02341266E-002
    442.48909   2.01510982E-002
    442.62814   2.00684348E-002
    442.76719   1.99861349E-002
    442.90624   1.99041967E-002
    443.04529   1.98226187E-002
    443.18433   1.97413993E-002
    443.32338   1.96605367E-002
    443.46243   1.95800295E-002
    443.60148   1.94998760E-002
    443.74053   1.94200746E-002
    443.87958   1.93406237E-002
    444.01862   1.92615217E-002
    444.15767   1.91827671E-002
    444.29672   1.91043584E-002
    444.43577   1.90262938E-002
    444.57482   1.89485720E-002
    444.71386   1.88711913E-002
    444.85291   1.87941502E-002
    444.99196   1.87174471E-002
    445.13101   1.86410807E-002
    445.27006   1.85650492E-002
    445.40911   1.84893512E-002
    445.54815   1.84139853E-002
    445.68720   1.83389499E-002
    445.82625   1.82642434E-002
    445.96530   1.81898646E-002
    446.10435   1.81158117E-002
    446.24340   1.80420834E-002
    446.38244   1.79686783E-002
    446.52149   1.78955948E-002
    446.66054   1.78228315E-002
    446.79959   1.77503869E-002
    446.93864   1.76782597E-002
    447.07768   1.76064483E-002
    447.21673   1.75349514E-002
    447.35578   1.74637675E-002
    447.49483   1.73928953E-002
    447.63388   1.73223332E-002
    447.77293   1.72520799E-002
    447.91197   1.71821341E-002
    448.05102   1.71124942E-002
    448.19007   1.70431590E-002
    448.32912   1.69741271E-002
    448.46817   1.69053970E-002
    448.60721   1.68369675E-002
    448.74626   1.67688371E-002
    448.88531   1.67010045E-002
    449.02436   1.66334684E-002
    449.16341   1.65662274E-002
    449.30246   1.64992802E-002
    449.44150   1.64326255E-002
    449.58055   1.63662618E-002
    449.71960   1.63001880E-002
    449.85865   1.62344027E-002
    449.99770   1.61689046E-002
    450.13675   1.61036924E-002
    450.27579   1.60387649E-002
    450.41484   1.59741206E-002
    450.55389   1.59097583E-002
    450.69294   1.58456769E-002
    450.83199   1.57818749E-002
    450.97103   1.57183511E-002
    451.11008   1.56551043E-002
    451.24913   1.55921333E-002
    451.38818   1.55294366E-002
    451.52723   1.54670132E-002
    451.66628   1.54048618E-002
    451.80532   1.53429812E-002
    451.94437   1.52813700E-002
    452.08342   1.52200272E-002
    452.22247   1.51589515E-002
    452.36152   1.50981417E-002
    452.50057   1.50375965E-002
    452.63961   1.49773148E-002
    452.77866   1.49172955E-002
    452.91771   1.48575372E-002
    453.05676   1.47980388E-002
    453.19581   1.47387992E-002
    453.33485   1.46798172E-002
    453.47390   1.46210915E-002
    453.61295   1.45626211E-002
    453.75200   1.45044048E-002
    453.89105   1.44464415E-002
    454.03010   1.43887299E-002
    454.16914   1.43312690E-002
    454.30819   1.42740576E-002
    454.44724   1.42170946E-002
    454.58629   1.41603788E-002
    454.72534   1.41039092E-002
    454.86439   1.40476847E-002
    455.00343   1.39917040E-002
    455.14248   1.39359662E-002
    455.28153   1.38804701E-002
    455.42058   1.38252146E-002
    455.55963   1.37701986E-002
    455.69867   1.37154211E-002
    455.83772   1.36608810E-002
    455.97677   1.36065771E-002
    456.11582   1.35525085E-002
    456.25487   1.34986740E-002
    456.39392   1.34450727E-002
    456.53296   1.33917034E-002
    456.67201   1.33385650E-002
    456.81106   1.32856566E-002
    456.95011   1.32329772E-002
    457.08916   1.31805256E-002
    457.22820   1.31283008E-002
    457.36725   1.30763018E-002
    457.50630   1.30245277E-002
    457.64535   1.29729773E-002
    457.78440   1.29216496E-002
    457.92345   1.28705437E-002
    458.06249   1.28196586E-002
    458.20154   1.27689932E-002
    458.34059   1.27185465E-002
    458.47964   1.26683177E-002
    458.61869   1.26183056E-002
    458.75774   1.25685092E-002
    458.89678   1.25189277E-002
    459.03583   1.24695601E-002
    459.17488   1.24204053E-002
    459.31393   1.23714625E-002
    459.45298   1.23227306E-002
    459.59202   1.22742087E-002
    459.73107   1.22258958E-002
    459.87012   1.21777911E-002
    460.00917   1.21298935E-002
    460.14822   1.20822021E-002
    460.28727   1.20347161E-002
    460.42631   1.19874344E-002
    460.56536   1.19403561E-002
    460.70441   1.18934804E-002
    460.84346   1.18468062E-002
    460.98251   1.18003328E-002
    461.12156   1.17540591E-002
    461.26060   1.17079843E-002
    461.39965   1.16621075E-002
    461.53870   1.16164278E-002
    461.67775   1.15709443E-002
    461.81680   1.15256561E-002
    461.95584   1.14805623E-002
    462.09489   1.14356620E-002
    462.23394   1.13909544E-002
    462.37299   1.13464386E-002
    462.51204   1.13021138E-002
    462.65109   1.12579790E-002
    462.79013   1.12140334E-002
    462.92918   1.11702762E-002
    463.06823   1.11267064E-002
    463.20728   1.10833234E-002
    463.34633   1.10401261E-002
    463.48537   1.09971138E-002
    463.62442   1.09542856E-002
    463.76347   1.09116408E-002
    463.90252   1.08691784E-002
    464.04157   1.08268977E-002
    464.18062   1.07847978E-002
    464.31966   1.07428779E-002
    464.45871   1.07011372E-002
    464.59776   1.06595749E-002
    464.73681   1.06181902E-002
    464.87586   1.05769823E-002
    465.01491   1.05359503E-002
    465.15395   1.04950936E-002
    465.29300   1.04544112E-002
    465.43205   1.04139025E-002
    465.57110   1.03735666E-002
    465.71015   1.03334027E-002
    465.84919   1.02934101E-002
    465.98824   1.02535880E-002
    466.12729   1.02139357E-002
    466.26634   1.01744523E-002
    466.40539   1.01351371E-002
    466.54444   1.00959893E-002
    466.68348   1.00570082E-002
    466.82253   1.00181931E-002
    466.96158   9.97954315E-003
    467.10063   9.94105765E-003
    467.23968   9.90273584E-003
    467.37873   9.86457699E-003
    467.51777   9.82658037E-003
    467.65682   9.78874524E-003
    467.79587   9.75107088E-003
    467.93492   9.71355657E-003
    468.07397   9.67620157E-003
    468.21301   9.63900518E-003
    468.35206   9.60196668E-003
    468.49111   9.56508536E-003
    468.63016   9.52836050E-003
    468.76921   9.49179141E-003
    468.90826   9.45537739E-003
    469.04730   9.41911772E-003
    469.18635   9.38301173E-003
    469.32540   9.34705871E-003
    469.46445   9.31125798E-003
    469.60350   9.27560886E-003
    469.74254   9.24011065E-003
    469.88159   9.20476269E-003
    470.02064   9.16956429E-003
    470.15969   9.13451478E-003
    470.29874   9.09961350E-003
    470.43779   9.06485977E-003
    470.57683   9.03025293E-003
    470.71588   8.99579232E-003
    470.85493   8.96147728E-003
    470.99398   8.92730716E-003
    471.13303   8.89328131E-003
    471.27208   8.85939907E-003
    471.41112   8.82565981E-003
    471.55017   8.79206288E-003
    471.68922   8.75860763E-003
    471.82827   8.72529344E-003
    471.96732   8.69211967E-003
    472.10636   8.65908569E-003
    472.24541   8.62619087E-003
    472.38446   8.59343458E-003
    472.52351   8.56081621E-003
    472.66256   8.52833512E-003
    472.80161   8.49599072E-003
    472.94065   8.46378238E-003
    473.07970   8.43170949E-003
    473.21875   8.39977145E-003
    473.35780   8.36796765E-003
    473.49685   8.33629748E-003
    473.63590   8.30476035E-003
    473.77494   8.27335567E-003
    473.91399   8.24208283E-003
    474.05304   8.21094124E-003
    474.19209   8.17993032E-003
    474.33114   8.14904949E-003
    474.47018   8.11829815E-003
    474.60923   8.08767573E-003
    474.74828   8.05718164E-003
    474.88733   8.02681533E-003
    475.02638   7.99657620E-003
    475.16543   7.96646370E-003
    475.30447   7.93647725E-003
    475.44352   7.90661629E-003
    475.58257   7.87688026E-003
    475.72162   7.84726860E-003
    475.86067   7.81778075E-003
    475.99971   7.78841616E-003
    476.13876   7.75917428E-003
    476.27781   7.73005455E-003
    476.41686   7.70105644E-003
    476.55591   7.67217939E-003
    476.69496   7.64342286E-003
    476.83400   7.61478633E-003
    476.97305   7.58626924E-003
    477.11210   7.55787107E-003
    477.25115   7.52959128E-003
    477.39020   7.50142935E-003
    477.52925   7.47338474E-003
    477.66829   7.44545694E-003
    477.80734   7.41764542E-003
    477.94639   7.38994967E-003
    478.08544   7.36236915E-003
    478.22449   7.33490338E-003
    478.36353   7.30755182E-003
    478.50258   7.28031397E-003
    478.64163   7.25318932E-003
    478.78068   7.22617736E-003
    478.91973   7.19927760E-003
    479.05878   7.17248954E-003
    479.19782   7.14581266E-003
    479.33687   7.11924649E-003
    479.47592   7.09279052E-003
    479.61497   7.06644427E-003
    479.75402   7.04020724E-003
    479.89307   7.01407895E-003
