     64.56752   4.27857750E-047
     64.78625   2.68376568E-046
     65.00498   1.63641914E-045
     65.22371   9.70382485E-045
     65.44244   5.59860669E-044
     65.66117   3.14407074E-043
     65.87990   1.71934630E-042
     66.09863   9.15952960E-042
     66.31737   4.75552626E-041
     66.53610   2.40720609E-040
     66.75483   1.18846890E-039
     66.97356   5.72518831E-039
     67.19229   2.69205372E-038
     67.41102   1.23603661E-037
     67.62975   5.54359429E-037
     67.84848   2.42951776E-036
     68.06721   1.04080785E-035
     68.28594   4.36007050E-035
     68.50467   1.78663956E-034
     68.72340   7.16384701E-034
     68.94213   2.81167102E-033
     69.16086   1.08051801E-032
     69.37959   4.06711879E-032
     69.59832   1.49990834E-031
     69.81706   5.42124395E-031
     70.03579   1.92097018E-030
     70.25452   6.67511240E-030
     70.47325   2.27530433E-029
     70.69198   7.61005636E-029
     70.91071   2.49819388E-028
     71.12944   8.05146029E-028
     71.34817   2.54830707E-027
     71.56690   7.92271100E-027
     71.78563   2.42022221E-026
     72.00436   7.26622035E-026
     72.22309   2.14459077E-025
     72.44182   6.22402989E-025
     72.66055   1.77663129E-024
     72.87928   4.98915062E-024
     73.09801   1.37867892E-023
     73.31675   3.74980531E-023
     73.53548   1.00406900E-022
     73.75421   2.64744051E-022
     73.97294   6.87533143E-022
     74.19167   1.75898137E-021
     74.41040   4.43427750E-021
     74.62913   1.10171909E-020
     74.84786   2.69833658E-020
     75.06659   6.51610425E-020
     75.28532   1.55179580E-019
     75.50405   3.64520831E-019
     75.72278   8.44766298E-019
     75.94151   1.93179538E-018
     76.16024   4.35992006E-018
     76.37897   9.71337237E-018
     76.59770   2.13656264E-017
     76.81644   4.64081250E-017
     77.03517   9.95595006E-017
     77.25390   2.10988109E-016
     77.47263   4.41768696E-016
     77.69136   9.14044893E-016
     77.91009   1.86916890E-015
     78.12882   3.77841521E-015
     78.34755   7.55129627E-015
     78.56628   1.49229106E-014
     78.78501   2.91658206E-014
     79.00374   5.63833532E-014
     79.22247   1.07832584E-013
     79.44120   2.04050146E-013
     79.65993   3.82099065E-013
     79.87866   7.08158744E-013
     80.09740   1.29916201E-012
     80.31613   2.35958474E-012
     80.53486   4.24334187E-012
     80.75359   7.55684216E-012
     80.97232   1.33288102E-011
     81.19105   2.32872960E-011
     81.40978   4.03070008E-011
     81.62851   6.91244821E-011
     81.84724   1.17470470E-010
     82.06597   1.97845210E-010
     82.28470   3.30275380E-010
     82.50343   5.46554804E-010
     82.72216   8.96706539E-010
     82.94089   1.45873889E-009
     83.15962   2.35323954E-009
     83.37835   3.76500955E-009
     83.59709   5.97484572E-009
     83.81582   9.40581788E-009
     84.03455   1.46900605E-008
     84.25328   2.27643348E-008
     84.47201   3.50055769E-008
     84.69074   5.34215253E-008
     84.90947   8.09165434E-008
     85.12820   1.21659195E-007
     85.34693   1.81586305E-007
     85.56566   2.69088486E-007
     85.78439   3.95934858E-007
     86.00312   5.78510300E-007
     86.22185   8.39457527E-007
     86.44058   1.20983905E-006
     86.65931   1.73196099E-006
     86.87804   2.46303217E-006
     87.09678   3.47986840E-006
     87.31551   4.88489305E-006
     87.53424   6.81373148E-006
     87.75297   9.44474799E-006
     87.97170   1.30109292E-005
     88.19043   1.78145765E-005
     88.40916   2.42453306E-005
     88.62789   3.28021130E-005
     88.84662   4.41196268E-005
     89.06535   5.90001163E-005
     89.28408   7.84511283E-005
     89.50281   1.03730056E-004
     89.72154   1.36396266E-004
     89.94027   1.78371600E-004
     90.15900   2.32010035E-004
     90.37773   3.00177212E-004
     90.59647   3.86340456E-004
     90.81520   4.94669794E-004
     91.03393   6.30150298E-004
     91.25266   7.98705852E-004
     91.47139   1.00733420E-003
     91.69012   1.26425279E-003
     91.90885   1.57905465E-003
     92.12758   1.96287298E-003
     92.34631   2.42855286E-003
     92.56504   2.99082794E-003
     92.78377   3.66649953E-003
     93.00250   4.47461488E-003
     93.22123   5.43664118E-003
     93.43996   6.57663114E-003
     93.65869   7.92137569E-003
     93.87743   9.50053895E-003
     94.09616   1.13467704E-002
     94.31489   1.34957887E-002
     94.53362   1.59864321E-002
     94.75235   1.88606696E-002
     94.97108   2.21635682E-002
     95.18981   2.59432110E-002
     95.40854   3.02505618E-002
     95.62727   3.51392730E-002
     95.84600   4.06654327E-002
     96.06473   4.68872510E-002
     96.28346   5.38646824E-002
     96.50219   6.16589866E-002
     96.72092   7.03322276E-002
     96.93965   7.99467161E-002
     97.15838   9.05643972E-002
     97.37712   1.02246191E-001
     97.59585   1.15051295E-001
     97.81458   1.29036447E-001
     98.03331   1.44255175E-001
     98.25204   1.60757030E-001
     98.47077   1.78586818E-001
     98.68950   1.97783844E-001
     98.90823   2.18381181E-001
     99.12696   2.40404977E-001
     99.34569   2.63873805E-001
     99.56442   2.88798083E-001
     99.78315   3.15179561E-001
    100.00188   3.43010889E-001
    100.22061   3.72275286E-001
    100.43934   4.02946300E-001
    100.65807   4.34987686E-001
    100.87681   4.68353380E-001
    101.09554   5.02987606E-001
    101.31427   5.38825081E-001
    101.53300   5.75791351E-001
    101.75173   6.13803221E-001
    101.97046   6.52769307E-001
    102.18919   6.92590675E-001
    102.40792   7.33161580E-001
    102.62665   7.74370282E-001
    102.84538   8.16099930E-001
    103.06411   8.58229508E-001
    103.28284   9.00634820E-001
    103.50157   9.43189513E-001
    103.72030   9.85766104E-001
    103.93903   1.02823702E+000
    104.15776   1.07047563E+000
    104.37650   1.11235723E+000
    104.59523   1.15376002E+000
    104.81396   1.19456598E+000
    105.03269   1.23466178E+000
    105.25142   1.27393951E+000
    105.47015   1.31229740E+000
    105.68888   1.34964046E+000
    105.90761   1.38588095E+000
    106.12634   1.42093888E+000
    106.34507   1.45474231E+000
    106.56380   1.48722762E+000
    106.78253   1.51833962E+000
    107.00126   1.54803167E+000
    107.21999   1.57626558E+000
    107.43872   1.60301155E+000
    107.65746   1.62824796E+000
    107.87619   1.65196111E+000
    108.09492   1.67414488E+000
    108.31365   1.69480037E+000
    108.53238   1.71393545E+000
    108.75111   1.73156431E+000
    108.96984   1.74770694E+000
    109.18857   1.76238865E+000
    109.40730   1.77563945E+000
    109.62603   1.78749360E+000
    109.84476   1.79798899E+000
    110.06349   1.80716666E+000
    110.28222   1.81507023E+000
    110.50095   1.82174541E+000
    110.71968   1.82723952E+000
    110.93841   1.83160104E+000
    111.15715   1.83487916E+000
    111.37588   1.83712341E+000
    111.59461   1.83838329E+000
    111.81334   1.83870794E+000
    112.03207   1.83814586E+000
    112.25080   1.83674468E+000
    112.46953   1.83455092E+000
    112.68826   1.83160981E+000
    112.90699   1.82796517E+000
    113.12572   1.82365927E+000
    113.34445   1.81873276E+000
    113.56318   1.81322463E+000
    113.78191   1.80717214E+000
    114.00064   1.80061084E+000
    114.21937   1.79357460E+000
    114.43810   1.78609559E+000
    114.65684   1.77820437E+000
    114.87557   1.76992991E+000
    115.09430   1.76129971E+000
    115.31303   1.75233981E+000
    115.53176   1.74307492E+000
    115.75049   1.73352846E+000
    115.96922   1.72372268E+000
    116.18795   1.71367874E+000
    116.40668   1.70341677E+000
    116.62541   1.69295597E+000
    116.84414   1.68231468E+000
    117.06287   1.67151044E+000
    117.28160   1.66056007E+000
    117.50033   1.64947973E+000
    117.71906   1.63828497E+000
    117.93779   1.62699075E+000
    118.15653   1.61561154E+000
    118.37526   1.60416129E+000
    118.59399   1.59265349E+000
    118.81272   1.58110121E+000
    119.03145   1.56951705E+000
    119.25018   1.55791322E+000
    119.46891   1.54630152E+000
    119.68764   1.53469330E+000
    119.90637   1.52309954E+000
    120.12510   1.51153077E+000
    120.34383   1.49999710E+000
    120.56256   1.48850817E+000
    120.78129   1.47707320E+000
    121.00002   1.46570092E+000
    121.21875   1.45439957E+000
    121.43749   1.44317692E+000
    121.65622   1.43204018E+000
    121.87495   1.42099608E+000
    122.09368   1.41005077E+000
    122.31241   1.39920988E+000
    122.53114   1.38847848E+000
    122.74987   1.37786105E+000
    122.96860   1.36736152E+000
    123.18733   1.35698326E+000
    123.40606   1.34672904E+000
    123.62479   1.33660108E+000
    123.84352   1.32660105E+000
    124.06225   1.31673004E+000
    124.28098   1.30698864E+000
    124.49971   1.29737687E+000
    124.71844   1.28789429E+000
    124.93718   1.27853993E+000
    125.15591   1.26931238E+000
    125.37464   1.26020979E+000
    125.59337   1.25122989E+000
    125.81210   1.24237002E+000
    126.03083   1.23362716E+000
    126.24956   1.22499798E+000
    126.46829   1.21647887E+000
    126.68702   1.20806593E+000
    126.90575   1.19975505E+000
    127.12448   1.19154195E+000
    127.34321   1.18342218E+000
    127.56194   1.17539118E+000
    127.78067   1.16744430E+000
    127.99940   1.15957685E+000
    128.21813   1.15178413E+000
    128.43687   1.14406146E+000
    128.65560   1.13640420E+000
    128.87433   1.12880782E+000
    129.09306   1.12126789E+000
    129.31179   1.11378011E+000
    129.53052   1.10634037E+000
    129.74925   1.09894475E+000
    129.96798   1.09158955E+000
    130.18671   1.08427130E+000
    130.40544   1.07698680E+000
    130.62417   1.06973312E+000
    130.84290   1.06250763E+000
    131.06163   1.05530800E+000
    131.28036   1.04813220E+000
    131.49909   1.04097857E+000
    131.71782   1.03384573E+000
    131.93656   1.02673269E+000
    132.15529   1.01963875E+000
    132.37402   1.01256360E+000
    132.59275   1.00550723E+000
    132.81148   9.98470019E-001
    133.03021   9.91452639E-001
    133.24894   9.84456117E-001
    133.46767   9.77481799E-001
    133.68640   9.70531349E-001
    133.90513   9.63606739E-001
    134.12386   9.56710240E-001
    134.34259   9.49844408E-001
    134.56132   9.43012076E-001
    134.78005   9.36216338E-001
    134.99878   9.29460536E-001
    135.21752   9.22748248E-001
    135.43625   9.16083273E-001
    135.65498   9.09469614E-001
    135.87371   9.02911466E-001
    136.09244   8.96413202E-001
    136.31117   8.89979355E-001
    136.52990   8.83614603E-001
    136.74863   8.77323760E-001
    136.96736   8.71111753E-001
    137.18609   8.64983616E-001
    137.40482   8.58944471E-001
    137.62355   8.52999516E-001
    137.84228   8.47154011E-001
    138.06101   8.41413269E-001
    138.27974   8.35782639E-001
    138.49847   8.30267499E-001
    138.71721   8.24873242E-001
    138.93594   8.19605266E-001
    139.15467   8.14468966E-001
    139.37340   8.09469722E-001
    139.59213   8.04612892E-001
    139.81086   7.99903803E-001
    140.02959   7.95347745E-001
    140.24832   7.90949961E-001
    140.46705   7.86715642E-001
    140.68578   7.82649921E-001
    140.90451   7.78757865E-001
    141.12324   7.75044473E-001
    141.34197   7.71514668E-001
    141.56070   7.68173294E-001
    141.77943   7.65025111E-001
    141.99816   7.62074790E-001
    142.21690   7.59326911E-001
    142.43563   7.56785959E-001
    142.65436   7.54456319E-001
    142.87309   7.52342274E-001
    143.09182   7.50448002E-001
    143.31055   7.48777571E-001
    143.52928   7.47334941E-001
    143.74801   7.46123953E-001
    143.96674   7.45148334E-001
    144.18547   7.44411690E-001
    144.40420   7.43917503E-001
    144.62293   7.43669131E-001
    144.84166   7.43669802E-001
    145.06039   7.43922610E-001
    145.27912   7.44430517E-001
    145.49785   7.45196345E-001
    145.71659   7.46222776E-001
    145.93532   7.47512347E-001
    146.15405   7.49067446E-001
    146.37278   7.50890311E-001
    146.59151   7.52983025E-001
    146.81024   7.55347513E-001
    147.02897   7.57985538E-001
    147.24770   7.60898697E-001
    147.46643   7.64088421E-001
    147.68516   7.67555966E-001
    147.90389   7.71302414E-001
    148.12262   7.75328666E-001
    148.34135   7.79635441E-001
    148.56008   7.84223273E-001
    148.77881   7.89092506E-001
    148.99755   7.94243290E-001
    149.21628   7.99675581E-001
    149.43501   8.05389135E-001
    149.65374   8.11383508E-001
    149.87247   8.17658050E-001
    150.09120   8.24211906E-001
    150.30993   8.31044012E-001
    150.52866   8.38153094E-001
    150.74739   8.45537663E-001
    150.96612   8.53196019E-001
    151.18485   8.61126246E-001
    151.40358   8.69326211E-001
    151.62231   8.77793566E-001
    151.84104   8.86525744E-001
    152.05977   8.95519965E-001
    152.27850   9.04773227E-001
    152.49724   9.14282319E-001
    152.71597   9.24043809E-001
    152.93470   9.34054057E-001
    153.15343   9.44309209E-001
    153.37216   9.54805202E-001
    153.59089   9.65537768E-001
    153.80962   9.76502434E-001
    154.02835   9.87694529E-001
    154.24708   9.99109183E-001
    154.46581   1.01074133E+000
    154.68454   1.02258574E+000
    154.90327   1.03463695E+000
    155.12200   1.04688938E+000
    155.34073   1.05933723E+000
    155.55946   1.07197456E+000
    155.77819   1.08479525E+000
    155.99693   1.09779306E+000
    156.21566   1.11096156E+000
    156.43439   1.12429421E+000
    156.65312   1.13778433E+000
    156.87185   1.15142511E+000
    157.09058   1.16520964E+000
    157.30931   1.17913089E+000
    157.52804   1.19318173E+000
    157.74677   1.20735494E+000
    157.96550   1.22164322E+000
    158.18423   1.23603920E+000
    158.40296   1.25053545E+000
    158.62169   1.26512448E+000
    158.84042   1.27979876E+000
    159.05915   1.29455072E+000
    159.27788   1.30937276E+000
    159.49662   1.32425730E+000
    159.71535   1.33919670E+000
    159.93408   1.35418338E+000
    160.15281   1.36920975E+000
    160.37154   1.38426823E+000
    160.59027   1.39935131E+000
    160.80900   1.41445151E+000
    161.02773   1.42956140E+000
    161.24646   1.44467361E+000
    161.46519   1.45978088E+000
    161.68392   1.47487600E+000
    161.90265   1.48995186E+000
    162.12138   1.50500147E+000
    162.34011   1.52001794E+000
    162.55884   1.53499451E+000
    162.77758   1.54992454E+000
    162.99631   1.56480155E+000
    163.21504   1.57961920E+000
    163.43377   1.59437129E+000
    163.65250   1.60905182E+000
    163.87123   1.62365492E+000
    164.08996   1.63817494E+000
    164.30869   1.65260639E+000
    164.52742   1.66694399E+000
    164.74615   1.68118266E+000
    164.96488   1.69531751E+000
    165.18361   1.70934389E+000
    165.40234   1.72325734E+000
    165.62107   1.73705364E+000
    165.83980   1.75072881E+000
    166.05853   1.76427907E+000
    166.27727   1.77770091E+000
    166.49600   1.79099103E+000
    166.71473   1.80414641E+000
    166.93346   1.81716424E+000
    167.15219   1.83004199E+000
    167.37092   1.84277736E+000
    167.58965   1.85536831E+000
    167.80838   1.86781305E+000
    168.02711   1.88011007E+000
    168.24584   1.89225807E+000
    168.46457   1.90425606E+000
    168.68330   1.91610325E+000
    168.90203   1.92779914E+000
    169.12076   1.93934349E+000
    169.33949   1.95073628E+000
    169.55822   1.96197776E+000
    169.77696   1.97306842E+000
    169.99569   1.98400902E+000
    170.21442   1.99480051E+000
    170.43315   2.00544414E+000
    170.65188   2.01594134E+000
    170.87061   2.02629381E+000
    171.08934   2.03650346E+000
    171.30807   2.04657241E+000
    171.52680   2.05650301E+000
    171.74553   2.06629783E+000
    171.96426   2.07595961E+000
    172.18299   2.08549133E+000
    172.40172   2.09489613E+000
    172.62045   2.10417736E+000
    172.83918   2.11333852E+000
    173.05791   2.12238331E+000
    173.27665   2.13131557E+000
    173.49538   2.14013931E+000
    173.71411   2.14885870E+000
    173.93284   2.15747802E+000
    174.15157   2.16600171E+000
    174.37030   2.17443432E+000
    174.58903   2.18278052E+000
    174.80776   2.19104508E+000
    175.02649   2.19923288E+000
    175.24522   2.20734888E+000
    175.46395   2.21539813E+000
    175.68268   2.22338575E+000
    175.90141   2.23131691E+000
    176.12014   2.23919685E+000
    176.33887   2.24703084E+000
    176.55761   2.25482421E+000
    176.77634   2.26258229E+000
    176.99507   2.27031044E+000
    177.21380   2.27801403E+000
    177.43253   2.28569842E+000
    177.65126   2.29336897E+000
    177.86999   2.30103103E+000
    178.08872   2.30868990E+000
    178.30745   2.31635087E+000
    178.52618   2.32401918E+000
    178.74491   2.33169999E+000
    178.96364   2.33939845E+000
    179.18237   2.34711959E+000
    179.40110   2.35486842E+000
    179.61983   2.36264981E+000
    179.83856   2.37046858E+000
    180.05730   2.37832943E+000
    180.27603   2.38623697E+000
    180.49476   2.39419568E+000
    180.71349   2.40220994E+000
    180.93222   2.41028399E+000
    181.15095   2.41842196E+000
    181.36968   2.42662781E+000
    181.58841   2.43490538E+000
    181.80714   2.44325836E+000
    182.02587   2.45169029E+000
    182.24460   2.46020455E+000
    182.46333   2.46880434E+000
    182.68206   2.47749271E+000
    182.90079   2.48627255E+000
    183.11952   2.49514656E+000
    183.33825   2.50411726E+000
    183.55699   2.51318699E+000
    183.77572   2.52235792E+000
    183.99445   2.53163203E+000
    184.21318   2.54101110E+000
    184.43191   2.55049673E+000
    184.65064   2.56009032E+000
    184.86937   2.56979309E+000
    185.08810   2.57960605E+000
    185.30683   2.58953003E+000
    185.52556   2.59956566E+000
    185.74429   2.60971337E+000
    185.96302   2.61997339E+000
    186.18175   2.63034577E+000
    186.40048   2.64083036E+000
    186.61921   2.65142680E+000
    186.83794   2.66213457E+000
    187.05668   2.67295293E+000
    187.27541   2.68388097E+000
    187.49414   2.69491757E+000
    187.71287   2.70606145E+000
    187.93160   2.71731113E+000
    188.15033   2.72866495E+000
    188.36906   2.74012109E+000
    188.58779   2.75167753E+000
    188.80652   2.76333210E+000
    189.02525   2.77508246E+000
    189.24398   2.78692608E+000
    189.46271   2.79886030E+000
    189.68144   2.81088228E+000
    189.90017   2.82298905E+000
    190.11890   2.83517748E+000
    190.33764   2.84744429E+000
    190.55637   2.85978606E+000
    190.77510   2.87219925E+000
    190.99383   2.88468018E+000
    191.21256   2.89722503E+000
    191.43129   2.90982989E+000
    191.65002   2.92249071E+000
    191.86875   2.93520333E+000
    192.08748   2.94796351E+000
    192.30621   2.96076688E+000
    192.52494   2.97360898E+000
    192.74367   2.98648528E+000
    192.96240   2.99939114E+000
    193.18113   3.01232187E+000
    193.39986   3.02527267E+000
    193.61859   3.03823871E+000
    193.83733   3.05121507E+000
    194.05606   3.06419679E+000
    194.27479   3.07717884E+000
    194.49352   3.09015617E+000
    194.71225   3.10312367E+000
    194.93098   3.11607619E+000
    195.14971   3.12900856E+000
    195.36844   3.14191559E+000
    195.58717   3.15479206E+000
    195.80590   3.16763275E+000
    196.02463   3.18043240E+000
    196.24336   3.19318579E+000
    196.46209   3.20588766E+000
    196.68082   3.21853278E+000
    196.89955   3.23111593E+000
    197.11828   3.24363189E+000
    197.33702   3.25607547E+000
    197.55575   3.26844150E+000
    197.77448   3.28072486E+000
    197.99321   3.29292043E+000
    198.21194   3.30502315E+000
    198.43067   3.31702799E+000
    198.64940   3.32892998E+000
    198.86813   3.34072419E+000
    199.08686   3.35240575E+000
    199.30559   3.36396984E+000
    199.52432   3.37541170E+000
    199.74305   3.38672664E+000
    199.96178   3.39791005E+000
    200.18051   3.40895736E+000
    200.39924   3.41986411E+000
    200.61797   3.43062588E+000
    200.83671   3.44123837E+000
    201.05544   3.45169733E+000
    201.27417   3.46199861E+000
    201.49290   3.47213815E+000
    201.71163   3.48211198E+000
    201.93036   3.49191620E+000
    202.14909   3.50154705E+000
    202.36782   3.51100082E+000
    202.58655   3.52027392E+000
    202.80528   3.52936287E+000
    203.02401   3.53826427E+000
    203.24274   3.54697483E+000
    203.46147   3.55549138E+000
    203.68020   3.56381083E+000
    203.89893   3.57193022E+000
    204.11767   3.57984667E+000
    204.33640   3.58755744E+000
    204.55513   3.59505989E+000
    204.77386   3.60235147E+000
    204.99259   3.60942976E+000
    205.21132   3.61629244E+000
    205.43005   3.62293733E+000
    205.64878   3.62936231E+000
    205.86751   3.63556542E+000
    206.08624   3.64154478E+000
    206.30497   3.64729863E+000
    206.52370   3.65282534E+000
    206.74243   3.65812336E+000
    206.96116   3.66319126E+000
    207.17989   3.66802775E+000
    207.39862   3.67263160E+000
    207.61736   3.67700172E+000
    207.83609   3.68113712E+000
    208.05482   3.68503693E+000
    208.27355   3.68870036E+000
    208.49228   3.69212676E+000
    208.71101   3.69531554E+000
    208.92974   3.69826626E+000
    209.14847   3.70097855E+000
    209.36720   3.70345216E+000
    209.58593   3.70568692E+000
    209.80466   3.70768279E+000
    210.02339   3.70943979E+000
    210.24212   3.71095807E+000
    210.46085   3.71223785E+000
    210.67958   3.71327945E+000
    210.89831   3.71408329E+000
    211.11705   3.71464987E+000
    211.33578   3.71497978E+000
    211.55451   3.71507370E+000
    211.77324   3.71493240E+000
    211.99197   3.71455671E+000
    212.21070   3.71394757E+000
    212.42943   3.71310599E+000
    212.64816   3.71203305E+000
    212.86689   3.71072992E+000
    213.08562   3.70919783E+000
    213.30435   3.70743809E+000
    213.52308   3.70545208E+000
    213.74181   3.70324125E+000
    213.96054   3.70080712E+000
    214.17927   3.69815127E+000
    214.39800   3.69527534E+000
    214.61674   3.69218104E+000
    214.83547   3.68887013E+000
    215.05420   3.68534445E+000
    215.27293   3.68160586E+000
    215.49166   3.67765631E+000
    215.71039   3.67349777E+000
    215.92912   3.66913229E+000
    216.14785   3.66456194E+000
    216.36658   3.65978887E+000
    216.58531   3.65481523E+000
    216.80404   3.64964326E+000
    217.02277   3.64427520E+000
    217.24150   3.63871337E+000
    217.46023   3.63296008E+000
    217.67896   3.62701773E+000
    217.89770   3.62088870E+000
    218.11643   3.61457544E+000
    218.33516   3.60808041E+000
    218.55389   3.60140612E+000
    218.77262   3.59455508E+000
    218.99135   3.58752984E+000
    219.21008   3.58033297E+000
    219.42881   3.57296708E+000
    219.64754   3.56543477E+000
    219.86627   3.55773868E+000
    220.08500   3.54988145E+000
    220.30373   3.54186576E+000
    220.52246   3.53369429E+000
    220.74119   3.52536973E+000
    220.95992   3.51689478E+000
    221.17865   3.50827216E+000
    221.39739   3.49950460E+000
    221.61612   3.49059482E+000
    221.83485   3.48154557E+000
    222.05358   3.47235958E+000
    222.27231   3.46303960E+000
    222.49104   3.45358837E+000
    222.70977   3.44400865E+000
    222.92850   3.43430317E+000
    223.14723   3.42447469E+000
    223.36596   3.41452595E+000
    223.58469   3.40445968E+000
    223.80342   3.39427862E+000
    224.02215   3.38398549E+000
    224.24088   3.37358302E+000
    224.45961   3.36307392E+000
    224.67834   3.35246089E+000
    224.89708   3.34174663E+000
    225.11581   3.33093380E+000
    225.33454   3.32002510E+000
    225.55327   3.30902316E+000
    225.77200   3.29793065E+000
    225.99073   3.28675017E+000
    226.20946   3.27548436E+000
    226.42819   3.26413580E+000
    226.64692   3.25270707E+000
    226.86565   3.24120075E+000
    227.08438   3.22961937E+000
    227.30311   3.21796547E+000
    227.52184   3.20624154E+000
    227.74057   3.19445008E+000
    227.95930   3.18259355E+000
    228.17803   3.17067440E+000
    228.39677   3.15869504E+000
    228.61550   3.14665789E+000
    228.83423   3.13456531E+000
    229.05296   3.12241966E+000
    229.27169   3.11022328E+000
    229.49042   3.09797847E+000
    229.70915   3.08568751E+000
    229.92788   3.07335266E+000
    230.14661   3.06097614E+000
    230.36534   3.04856018E+000
    230.58407   3.03610694E+000
    230.80280   3.02361858E+000
    231.02153   3.01109722E+000
    231.24026   2.99854497E+000
    231.45899   2.98596391E+000
    231.67773   2.97335606E+000
    231.89646   2.96072346E+000
    232.11519   2.94806810E+000
    232.33392   2.93539193E+000
    232.55265   2.92269689E+000
    232.77138   2.90998489E+000
    232.99011   2.89725780E+000
    233.20884   2.88451748E+000
    233.42757   2.87176574E+000
    233.64630   2.85900437E+000
    233.86503   2.84623515E+000
    234.08376   2.83345980E+000
    234.30249   2.82068003E+000
    234.52122   2.80789752E+000
    234.73995   2.79511391E+000
    234.95868   2.78233083E+000
    235.17742   2.76954986E+000
    235.39615   2.75677257E+000
    235.61488   2.74400049E+000
    235.83361   2.73123512E+000
    236.05234   2.71847794E+000
    236.27107   2.70573040E+000
    236.48980   2.69299392E+000
    236.70853   2.68026988E+000
    236.92726   2.66755965E+000
    237.14599   2.65486457E+000
    237.36472   2.64218593E+000
    237.58345   2.62952502E+000
    237.80218   2.61688308E+000
    238.02091   2.60426135E+000
    238.23964   2.59166101E+000
    238.45837   2.57908324E+000
    238.67711   2.56652916E+000
    238.89584   2.55399991E+000
    239.11457   2.54149657E+000
    239.33330   2.52902019E+000
    239.55203   2.51657181E+000
    239.77076   2.50415245E+000
    239.98949   2.49176308E+000
    240.20822   2.47940466E+000
    240.42695   2.46707812E+000
    240.64568   2.45478437E+000
    240.86441   2.44252429E+000
    241.08314   2.43029873E+000
    241.30187   2.41810854E+000
    241.52060   2.40595452E+000
    241.73933   2.39383744E+000
    241.95806   2.38175808E+000
    242.17680   2.36971717E+000
    242.39553   2.35771542E+000
    242.61426   2.34575353E+000
    242.83299   2.33383216E+000
    243.05172   2.32195196E+000
    243.27045   2.31011355E+000
    243.48918   2.29831754E+000
    243.70791   2.28656450E+000
    243.92664   2.27485500E+000
    244.14537   2.26318957E+000
    244.36410   2.25156874E+000
    244.58283   2.23999299E+000
    244.80156   2.22846282E+000
    245.02029   2.21697866E+000
    245.23902   2.20554097E+000
    245.45776   2.19415016E+000
    245.67649   2.18280664E+000
    245.89522   2.17151078E+000
    246.11395   2.16026294E+000
    246.33268   2.14906348E+000
    246.55141   2.13791272E+000
    246.77014   2.12681097E+000
    246.98887   2.11575853E+000
    247.20760   2.10475566E+000
    247.42633   2.09380264E+000
    247.64506   2.08289970E+000
    247.86379   2.07204707E+000
    248.08252   2.06124496E+000
    248.30125   2.05049358E+000
    248.51998   2.03979310E+000
    248.73871   2.02914368E+000
    248.95745   2.01854549E+000
    249.17618   2.00799866E+000
    249.39491   1.99750332E+000
    249.61364   1.98705957E+000
    249.83237   1.97666752E+000
    250.05110   1.96632724E+000
    250.26983   1.95603882E+000
    250.48856   1.94580231E+000
    250.70729   1.93561775E+000
    250.92602   1.92548519E+000
    251.14475   1.91540465E+000
    251.36348   1.90537613E+000
    251.58221   1.89539965E+000
    251.80094   1.88547518E+000
    252.01967   1.87560272E+000
    252.23840   1.86578224E+000
    252.45714   1.85601368E+000
    252.67587   1.84629701E+000
    252.89460   1.83663216E+000
    253.11333   1.82701906E+000
    253.33206   1.81745764E+000
    253.55079   1.80794781E+000
    253.76952   1.79848947E+000
    253.98825   1.78908253E+000
    254.20698   1.77972687E+000
    254.42571   1.77042237E+000
    254.64444   1.76116890E+000
    254.86317   1.75196634E+000
    255.08190   1.74281454E+000
    255.30063   1.73371336E+000
    255.51936   1.72466263E+000
    255.73810   1.71566220E+000
    255.95683   1.70671191E+000
    256.17556   1.69781158E+000
    256.39429   1.68896102E+000
    256.61302   1.68016007E+000
    256.83175   1.67140852E+000
    257.05048   1.66270618E+000
    257.26921   1.65405286E+000
    257.48794   1.64544835E+000
    257.70667   1.63689244E+000
    257.92540   1.62838491E+000
    258.14413   1.61992556E+000
    258.36286   1.61151416E+000
    258.58159   1.60315048E+000
    258.80032   1.59483429E+000
    259.01905   1.58656537E+000
    259.23779   1.57834348E+000
    259.45652   1.57016838E+000
    259.67525   1.56203982E+000
    259.89398   1.55395757E+000
    260.11271   1.54592138E+000
    260.33144   1.53793099E+000
    260.55017   1.52998616E+000
    260.76890   1.52208663E+000
    260.98763   1.51423215E+000
    261.20636   1.50642246E+000
    261.42509   1.49865729E+000
    261.64382   1.49093639E+000
    261.86255   1.48325950E+000
    262.08128   1.47562636E+000
    262.30001   1.46803668E+000
    262.51874   1.46049022E+000
    262.73748   1.45298670E+000
    262.95621   1.44552586E+000
    263.17494   1.43810743E+000
    263.39367   1.43073113E+000
    263.61240   1.42339671E+000
    263.83113   1.41610388E+000
    264.04986   1.40885238E+000
    264.26859   1.40164194E+000
    264.48732   1.39447228E+000
    264.70605   1.38734314E+000
    264.92478   1.38025425E+000
    265.14351   1.37320534E+000
    265.36224   1.36619613E+000
    265.58097   1.35922636E+000
    265.79970   1.35229576E+000
    266.01843   1.34540405E+000
    266.23717   1.33855098E+000
    266.45590   1.33173628E+000
    266.67463   1.32495967E+000
    266.89336   1.31822090E+000
    267.11209   1.31151970E+000
    267.33082   1.30485580E+000
    267.54955   1.29822895E+000
    267.76828   1.29163888E+000
    267.98701   1.28508534E+000
    268.20574   1.27856805E+000
    268.42447   1.27208678E+000
    268.64320   1.26564125E+000
    268.86193   1.25923123E+000
    269.08066   1.25285644E+000
    269.29939   1.24651665E+000
    269.51813   1.24021159E+000
    269.73686   1.23394103E+000
    269.95559   1.22770472E+000
    270.17432   1.22150241E+000
    270.39305   1.21533385E+000
    270.61178   1.20919881E+000
    270.83051   1.20309705E+000
    271.04924   1.19702833E+000
    271.26797   1.19099241E+000
    271.48670   1.18498905E+000
    271.70543   1.17901804E+000
    271.92416   1.17307913E+000
    272.14289   1.16717209E+000
    272.36162   1.16129671E+000
    272.58035   1.15545275E+000
    272.79908   1.14964000E+000
    273.01782   1.14385823E+000
    273.23655   1.13810722E+000
    273.45528   1.13238677E+000
    273.67401   1.12669665E+000
    273.89274   1.12103665E+000
    274.11147   1.11540657E+000
    274.33020   1.10980619E+000
    274.54893   1.10423532E+000
    274.76766   1.09869374E+000
    274.98639   1.09318125E+000
    275.20512   1.08769766E+000
    275.42385   1.08224278E+000
    275.64258   1.07681639E+000
    275.86131   1.07141832E+000
    276.08004   1.06604837E+000
    276.29877   1.06070636E+000
    276.51751   1.05539209E+000
    276.73624   1.05010538E+000
    276.95497   1.04484606E+000
    277.17370   1.03961394E+000
    277.39243   1.03440884E+000
    277.61116   1.02923059E+000
    277.82989   1.02407901E+000
    278.04862   1.01895394E+000
    278.26735   1.01385520E+000
    278.48608   1.00878264E+000
    278.70481   1.00373607E+000
    278.92354   9.98715348E-001
    279.14227   9.93720304E-001
    279.36100   9.88750780E-001
    279.57973   9.83806621E-001
    279.79846   9.78887671E-001
    280.01720   9.73993779E-001
    280.23593   9.69124793E-001
    280.45466   9.64280565E-001
    280.67339   9.59460948E-001
    280.89212   9.54665798E-001
    281.11085   9.49894971E-001
    281.32958   9.45148328E-001
    281.54831   9.40425728E-001
    281.76704   9.35727036E-001
    281.98577   9.31052115E-001
    282.20450   9.26400833E-001
    282.42323   9.21773058E-001
    282.64196   9.17168660E-001
    282.86069   9.12587511E-001
    283.07942   9.08029485E-001
    283.29816   9.03494457E-001
    283.51689   8.98982306E-001
    283.73562   8.94492910E-001
    283.95435   8.90026149E-001
    284.17308   8.85581906E-001
    284.39181   8.81160065E-001
    284.61054   8.76760511E-001
    284.82927   8.72383133E-001
    285.04800   8.68027817E-001
    285.26673   8.63694455E-001
    285.48546   8.59382939E-001
    285.70419   8.55093162E-001
    285.92292   8.50825019E-001
    286.14165   8.46578405E-001
    286.36038   8.42353219E-001
    286.57911   8.38149360E-001
    286.79785   8.33966729E-001
    287.01658   8.29805226E-001
    287.23531   8.25664756E-001
    287.45404   8.21545223E-001
    287.67277   8.17446533E-001
    287.89150   8.13368593E-001
    288.11023   8.09311312E-001
    288.32896   8.05274598E-001
    288.54769   8.01258363E-001
    288.76642   7.97262519E-001
    288.98515   7.93286979E-001
    289.20388   7.89331657E-001
    289.42261   7.85396469E-001
    289.64134   7.81481331E-001
    289.86007   7.77586160E-001
    290.07880   7.73710877E-001
    290.29754   7.69855399E-001
    290.51627   7.66019648E-001
    290.73500   7.62203546E-001
    290.95373   7.58407015E-001
    291.17246   7.54629978E-001
    291.39119   7.50872360E-001
    291.60992   7.47134087E-001
    291.82865   7.43415085E-001
    292.04738   7.39715281E-001
    292.26611   7.36034602E-001
    292.48484   7.32372978E-001
    292.70357   7.28730339E-001
    292.92230   7.25106614E-001
    293.14103   7.21501734E-001
    293.35976   7.17915632E-001
    293.57849   7.14348240E-001
    293.79723   7.10799492E-001
    294.01596   7.07269321E-001
    294.23469   7.03757661E-001
    294.45342   7.00264449E-001
    294.67215   6.96789619E-001
    294.89088   6.93333109E-001
    295.10961   6.89894855E-001
    295.32834   6.86474796E-001
    295.54707   6.83072868E-001
    295.76580   6.79689012E-001
    295.98453   6.76323165E-001
    296.20326   6.72975268E-001
    296.42199   6.69645262E-001
    296.64072   6.66333086E-001
    296.85945   6.63038682E-001
    297.07819   6.59761991E-001
    297.29692   6.56502956E-001
    297.51565   6.53261518E-001
    297.73438   6.50037621E-001
    297.95311   6.46831208E-001
    298.17184   6.43642221E-001
    298.39057   6.40470606E-001
    298.60930   6.37316306E-001
    298.82803   6.34179265E-001
    299.04676   6.31059429E-001
    299.26549   6.27956743E-001
    299.48422   6.24871151E-001
    299.70295   6.21802600E-001
    299.92168   6.18751035E-001
    300.14041   6.15716403E-001
    300.35914   6.12698650E-001
    300.57788   6.09697722E-001
    300.79661   6.06713567E-001
    301.01534   6.03746130E-001
    301.23407   6.00795360E-001
    301.45280   5.97861204E-001
    301.67153   5.94943609E-001
    301.89026   5.92042522E-001
    302.10899   5.89157893E-001
    302.32772   5.86289667E-001
    302.54645   5.83437794E-001
    302.76518   5.80602221E-001
    302.98391   5.77782897E-001
    303.20264   5.74979771E-001
    303.42137   5.72192790E-001
    303.64010   5.69421902E-001
    303.85883   5.66667057E-001
    304.07757   5.63928204E-001
    304.29630   5.61205290E-001
    304.51503   5.58498264E-001
    304.73376   5.55807076E-001
    304.95249   5.53131673E-001
    305.17122   5.50472005E-001
    305.38995   5.47828021E-001
    305.60868   5.45199669E-001
    305.82741   5.42586898E-001
    306.04614   5.39989657E-001
    306.26487   5.37407894E-001
    306.48360   5.34841559E-001
    306.70233   5.32290600E-001
    306.92106   5.29754966E-001
    307.13979   5.27234605E-001
    307.35852   5.24729467E-001
    307.57726   5.22239499E-001
    307.79599   5.19764651E-001
    308.01472   5.17304870E-001
    308.23345   5.14860106E-001
    308.45218   5.12430307E-001
    308.67091   5.10015420E-001
    308.88964   5.07615395E-001
    309.10837   5.05230179E-001
    309.32710   5.02859721E-001
    309.54583   5.00503968E-001
    309.76456   4.98162869E-001
    309.98329   4.95836371E-001
    310.20202   4.93524423E-001
    310.42075   4.91226971E-001
    310.63948   4.88943964E-001
    310.85822   4.86675349E-001
    311.07695   4.84421073E-001
    311.29568   4.82181084E-001
    311.51441   4.79955328E-001
    311.73314   4.77743754E-001
    311.95187   4.75546308E-001
    312.17060   4.73362937E-001
    312.38933   4.71193587E-001
    312.60806   4.69038206E-001
    312.82679   4.66896740E-001
    313.04552   4.64769135E-001
    313.26425   4.62655339E-001
    313.48298   4.60555296E-001
    313.70171   4.58468954E-001
    313.92044   4.56396258E-001
    314.13917   4.54337154E-001
    314.35791   4.52291588E-001
    314.57664   4.50259506E-001
    314.79537   4.48240853E-001
    315.01410   4.46235575E-001
    315.23283   4.44243617E-001
    315.45156   4.42264925E-001
    315.67029   4.40299443E-001
    315.88902   4.38347116E-001
    316.10775   4.36407891E-001
    316.32648   4.34481710E-001
    316.54521   4.32568520E-001
    316.76394   4.30668264E-001
    316.98267   4.28780888E-001
    317.20140   4.26906335E-001
    317.42013   4.25044550E-001
    317.63886   4.23195477E-001
    317.85760   4.21359060E-001
    318.07633   4.19535243E-001
    318.29506   4.17723970E-001
    318.51379   4.15925185E-001
    318.73252   4.14138831E-001
    318.95125   4.12364853E-001
    319.16998   4.10603193E-001
    319.38871   4.08853795E-001
    319.60744   4.07116602E-001
    319.82617   4.05391558E-001
    320.04490   4.03678606E-001
    320.26363   4.01977688E-001
    320.48236   4.00288749E-001
    320.70109   3.98611730E-001
    320.91982   3.96946575E-001
    321.13855   3.95293226E-001
    321.35729   3.93651626E-001
    321.57602   3.92021718E-001
    321.79475   3.90403444E-001
    322.01348   3.88796747E-001
    322.23221   3.87201570E-001
    322.45094   3.85617853E-001
    322.66967   3.84045541E-001
    322.88840   3.82484575E-001
    323.10713   3.80934897E-001
    323.32586   3.79396450E-001
    323.54459   3.77869175E-001
    323.76332   3.76353015E-001
    323.98205   3.74847912E-001
    324.20078   3.73353808E-001
    324.41951   3.71870644E-001
    324.63825   3.70398363E-001
    324.85698   3.68936906E-001
    325.07571   3.67486216E-001
    325.29444   3.66046234E-001
    325.51317   3.64616902E-001
    325.73190   3.63198162E-001
    325.95063   3.61789955E-001
    326.16936   3.60392224E-001
    326.38809   3.59004910E-001
    326.60682   3.57627954E-001
    326.82555   3.56261300E-001
    327.04428   3.54904887E-001
    327.26301   3.53558659E-001
    327.48174   3.52222556E-001
    327.70047   3.50896521E-001
    327.91920   3.49580495E-001
    328.13794   3.48274420E-001
    328.35667   3.46978238E-001
    328.57540   3.45691891E-001
    328.79413   3.44415320E-001
    329.01286   3.43148468E-001
    329.23159   3.41891275E-001
    329.45032   3.40643685E-001
    329.66905   3.39405638E-001
    329.88778   3.38177078E-001
    330.10651   3.36957945E-001
    330.32524   3.35748183E-001
    330.54397   3.34547733E-001
    330.76270   3.33356536E-001
    330.98143   3.32174537E-001
    331.20016   3.31001676E-001
    331.41889   3.29837895E-001
    331.63763   3.28683139E-001
    331.85636   3.27537347E-001
    332.07509   3.26400465E-001
    332.29382   3.25272432E-001
    332.51255   3.24153194E-001
    332.73128   3.23042691E-001
    332.95001   3.21940867E-001
    333.16874   3.20847665E-001
    333.38747   3.19763027E-001
    333.60620   3.18686897E-001
    333.82493   3.17619218E-001
    334.04366   3.16559932E-001
    334.26239   3.15508984E-001
    334.48112   3.14466316E-001
    334.69985   3.13431872E-001
    334.91858   3.12405595E-001
    335.13732   3.11387430E-001
    335.35605   3.10377320E-001
    335.57478   3.09375208E-001
    335.79351   3.08381040E-001
    336.01224   3.07394758E-001
    336.23097   3.06416307E-001
    336.44970   3.05445632E-001
    336.66843   3.04482677E-001
    336.88716   3.03527386E-001
    337.10589   3.02579705E-001
    337.32462   3.01639577E-001
    337.54335   3.00706949E-001
    337.76208   2.99781764E-001
    337.98081   2.98863969E-001
    338.19954   2.97953508E-001
    338.41828   2.97050328E-001
    338.63701   2.96154373E-001
    338.85574   2.95265590E-001
    339.07447   2.94383924E-001
    339.29320   2.93509322E-001
    339.51193   2.92641730E-001
    339.73066   2.91781093E-001
    339.94939   2.90927360E-001
    340.16812   2.90080476E-001
    340.38685   2.89240388E-001
    340.60558   2.88407043E-001
    340.82431   2.87580388E-001
    341.04304   2.86760371E-001
    341.26177   2.85946939E-001
    341.48050   2.85140041E-001
    341.69923   2.84339622E-001
    341.91797   2.83545633E-001
    342.13670   2.82758020E-001
    342.35543   2.81976732E-001
    342.57416   2.81201718E-001
    342.79289   2.80432927E-001
    343.01162   2.79670307E-001
    343.23035   2.78913807E-001
    343.44908   2.78163377E-001
    343.66781   2.77418965E-001
    343.88654   2.76680523E-001
    344.10527   2.75947999E-001
    344.32400   2.75221343E-001
    344.54273   2.74500507E-001
    344.76146   2.73785439E-001
    344.98019   2.73076091E-001
    345.19892   2.72372413E-001
    345.41766   2.71674356E-001
    345.63639   2.70981873E-001
    345.85512   2.70294913E-001
    346.07385   2.69613429E-001
    346.29258   2.68937372E-001
    346.51131   2.68266694E-001
    346.73004   2.67601348E-001
    346.94877   2.66941285E-001
    347.16750   2.66286459E-001
    347.38623   2.65636823E-001
    347.60496   2.64992328E-001
    347.82369   2.64352929E-001
    348.04242   2.63718579E-001
    348.26115   2.63089232E-001
    348.47988   2.62464841E-001
    348.69861   2.61845361E-001
    348.91735   2.61230746E-001
    349.13608   2.60620950E-001
    349.35481   2.60015929E-001
    349.57354   2.59415636E-001
    349.79227   2.58820028E-001
    350.01100   2.58229059E-001
    350.22973   2.57642686E-001
    350.44846   2.57060864E-001
    350.66719   2.56483550E-001
    350.88592   2.55910698E-001
    351.10465   2.55342267E-001
    351.32338   2.54778213E-001
    351.54211   2.54218492E-001
    351.76084   2.53663063E-001
    351.97957   2.53111881E-001
    352.19831   2.52564906E-001
    352.41704   2.52022095E-001
    352.63577   2.51483406E-001
    352.85450   2.50948797E-001
    353.07323   2.50418227E-001
    353.29196   2.49891655E-001
    353.51069   2.49369040E-001
    353.72942   2.48850341E-001
    353.94815   2.48335517E-001
    354.16688   2.47824529E-001
    354.38561   2.47317336E-001
    354.60434   2.46813898E-001
    354.82307   2.46314177E-001
    355.04180   2.45818132E-001
    355.26053   2.45325724E-001
    355.47926   2.44836915E-001
    355.69800   2.44351666E-001
    355.91673   2.43869938E-001
    356.13546   2.43391694E-001
    356.35419   2.42916896E-001
    356.57292   2.42445505E-001
    356.79165   2.41977485E-001
    357.01038   2.41512797E-001
    357.22911   2.41051406E-001
    357.44784   2.40593275E-001
    357.66657   2.40138366E-001
    357.88530   2.39686644E-001
    358.10403   2.39238073E-001
    358.32276   2.38792616E-001
    358.54149   2.38350238E-001
    358.76022   2.37910905E-001
    358.97895   2.37474580E-001
    359.19769   2.37041230E-001
    359.41642   2.36610818E-001
    359.63515   2.36183312E-001
    359.85388   2.35758677E-001
    360.07261   2.35336878E-001
    360.29134   2.34917883E-001
    360.51007   2.34501658E-001
    360.72880   2.34088169E-001
    360.94753   2.33677384E-001
    361.16626   2.33269269E-001
    361.38499   2.32863794E-001
    361.60372   2.32460924E-001
    361.82245   2.32060628E-001
    362.04118   2.31662875E-001
    362.25991   2.31267632E-001
    362.47864   2.30874869E-001
    362.69738   2.30484555E-001
    362.91611   2.30096657E-001
    363.13484   2.29711147E-001
    363.35357   2.29327993E-001
    363.57230   2.28947165E-001
    363.79103   2.28568633E-001
    364.00976   2.28192369E-001
    364.22849   2.27818341E-001
    364.44722   2.27446521E-001
    364.66595   2.27076880E-001
    364.88468   2.26709389E-001
    365.10341   2.26344019E-001
    365.32214   2.25980743E-001
    365.54087   2.25619531E-001
    365.75960   2.25260357E-001
    365.97834   2.24903192E-001
    366.19707   2.24548010E-001
    366.41580   2.24194782E-001
    366.63453   2.23843482E-001
    366.85326   2.23494083E-001
    367.07199   2.23146559E-001
    367.29072   2.22800883E-001
    367.50945   2.22457029E-001
    367.72818   2.22114971E-001
    367.94691   2.21774684E-001
    368.16564   2.21436142E-001
    368.38437   2.21099320E-001
    368.60310   2.20764193E-001
    368.82183   2.20430737E-001
    369.04056   2.20098926E-001
    369.25929   2.19768736E-001
    369.47803   2.19440144E-001
    369.69676   2.19113124E-001
    369.91549   2.18787655E-001
    370.13422   2.18463711E-001
    370.35295   2.18141270E-001
    370.57168   2.17820309E-001
    370.79041   2.17500805E-001
    371.00914   2.17182735E-001
    371.22787   2.16866077E-001
    371.44660   2.16550809E-001
    371.66533   2.16236908E-001
    371.88406   2.15924353E-001
    372.10279   2.15613122E-001
    372.32152   2.15303194E-001
    372.54025   2.14994548E-001
    372.75898   2.14687162E-001
    372.97772   2.14381016E-001
    373.19645   2.14076090E-001
    373.41518   2.13772362E-001
    373.63391   2.13469813E-001
    373.85264   2.13168423E-001
    374.07137   2.12868172E-001
    374.29010   2.12569040E-001
    374.50883   2.12271008E-001
    374.72756   2.11974057E-001
    374.94629   2.11678167E-001
    375.16502   2.11383321E-001
    375.38375   2.11089499E-001
    375.60248   2.10796684E-001
    375.82121   2.10504856E-001
    376.03994   2.10213997E-001
    376.25867   2.09924091E-001
    376.47741   2.09635119E-001
    376.69614   2.09347064E-001
    376.91487   2.09059908E-001
    377.13360   2.08773635E-001
    377.35233   2.08488227E-001
    377.57106   2.08203668E-001
    377.78979   2.07919941E-001
    378.00852   2.07637031E-001
    378.22725   2.07354920E-001
    378.44598   2.07073593E-001
    378.66471   2.06793033E-001
    378.88344   2.06513226E-001
    379.10217   2.06234156E-001
    379.32090   2.05955808E-001
    379.53963   2.05678165E-001
    379.75837   2.05401215E-001
    379.97710   2.05124941E-001
    380.19583   2.04849329E-001
    380.41456   2.04574365E-001
    380.63329   2.04300035E-001
    380.85202   2.04026324E-001
    381.07075   2.03753219E-001
    381.28948   2.03480705E-001
    381.50821   2.03208769E-001
    381.72694   2.02937399E-001
    381.94567   2.02666580E-001
    382.16440   2.02396299E-001
    382.38313   2.02126544E-001
    382.60186   2.01857302E-001
    382.82059   2.01588560E-001
    383.03932   2.01320306E-001
    383.25806   2.01052527E-001
    383.47679   2.00785211E-001
    383.69552   2.00518347E-001
    383.91425   2.00251923E-001
    384.13298   1.99985927E-001
    384.35171   1.99720347E-001
    384.57044   1.99455172E-001
    384.78917   1.99190391E-001
    385.00790   1.98925993E-001
    385.22663   1.98661967E-001
    385.44536   1.98398302E-001
    385.66409   1.98134987E-001
    385.88282   1.97872013E-001
    386.10155   1.97609369E-001
    386.32028   1.97347044E-001
    386.53901   1.97085029E-001
    386.75775   1.96823314E-001
    386.97648   1.96561889E-001
    387.19521   1.96300744E-001
    387.41394   1.96039870E-001
    387.63267   1.95779258E-001
    387.85140   1.95518898E-001
    388.07013   1.95258782E-001
    388.28886   1.94998900E-001
    388.50759   1.94739244E-001
    388.72632   1.94479805E-001
    388.94505   1.94220575E-001
    389.16378   1.93961544E-001
    389.38251   1.93702706E-001
    389.60124   1.93444052E-001
    389.81997   1.93185573E-001
    390.03870   1.92927262E-001
    390.25744   1.92669112E-001
    390.47617   1.92411114E-001
    390.69490   1.92153261E-001
    390.91363   1.91895546E-001
    391.13236   1.91637962E-001
    391.35109   1.91380501E-001
    391.56982   1.91123156E-001
    391.78855   1.90865920E-001
    392.00728   1.90608788E-001
    392.22601   1.90351751E-001
    392.44474   1.90094804E-001
    392.66347   1.89837941E-001
    392.88220   1.89581154E-001
    393.10093   1.89324437E-001
    393.31966   1.89067786E-001
    393.53840   1.88811192E-001
    393.75713   1.88554652E-001
    393.97586   1.88298159E-001
    394.19459   1.88041707E-001
    394.41332   1.87785290E-001
    394.63205   1.87528905E-001
    394.85078   1.87272544E-001
    395.06951   1.87016203E-001
    395.28824   1.86759878E-001
    395.50697   1.86503562E-001
    395.72570   1.86247250E-001
    395.94443   1.85990940E-001
    396.16316   1.85734624E-001
    396.38189   1.85478299E-001
    396.60062   1.85221961E-001
    396.81935   1.84965605E-001
    397.03809   1.84709226E-001
    397.25682   1.84452821E-001
    397.47555   1.84196385E-001
    397.69428   1.83939914E-001
    397.91301   1.83683405E-001
    398.13174   1.83426853E-001
    398.35047   1.83170255E-001
    398.56920   1.82913608E-001
    398.78793   1.82656907E-001
    399.00666   1.82400149E-001
    399.22539   1.82143331E-001
    399.44412   1.81886449E-001
    399.66285   1.81629501E-001
    399.88158   1.81372483E-001
    400.10031   1.81115392E-001
    400.31904   1.80858225E-001
    400.53778   1.80600980E-001
    400.75651   1.80343653E-001
    400.97524   1.80086241E-001
    401.19397   1.79828743E-001
    401.41270   1.79571156E-001
    401.63143   1.79313477E-001
    401.85016   1.79055704E-001
    402.06889   1.78797834E-001
    402.28762   1.78539865E-001
    402.50635   1.78281796E-001
    402.72508   1.78023623E-001
    402.94381   1.77765345E-001
    403.16254   1.77506961E-001
    403.38127   1.77248468E-001
    403.60000   1.76989864E-001
    403.81873   1.76731147E-001
    404.03747   1.76472317E-001
    404.25620   1.76213371E-001
    404.47493   1.75954309E-001
    404.69366   1.75695127E-001
    404.91239   1.75435826E-001
    405.13112   1.75176404E-001
    405.34985   1.74916859E-001
    405.56858   1.74657190E-001
    405.78731   1.74397397E-001
    406.00604   1.74137477E-001
    406.22477   1.73877431E-001
    406.44350   1.73617258E-001
    406.66223   1.73356955E-001
    406.88096   1.73096524E-001
    407.09969   1.72835962E-001
    407.31843   1.72575269E-001
    407.53716   1.72314444E-001
    407.75589   1.72053488E-001
    407.97462   1.71792399E-001
    408.19335   1.71531177E-001
    408.41208   1.71269821E-001
    408.63081   1.71008332E-001
    408.84954   1.70746708E-001
    409.06827   1.70484950E-001
    409.28700   1.70223058E-001
    409.50573   1.69961031E-001
    409.72446   1.69698869E-001
    409.94319   1.69436572E-001
    410.16192   1.69174140E-001
    410.38065   1.68911574E-001
    410.59938   1.68648873E-001
    410.81812   1.68386037E-001
    411.03685   1.68123067E-001
    411.25558   1.67859963E-001
    411.47431   1.67596725E-001
    411.69304   1.67333354E-001
    411.91177   1.67069850E-001
    412.13050   1.66806213E-001
    412.34923   1.66542444E-001
    412.56796   1.66278543E-001
    412.78669   1.66014511E-001
    413.00542   1.65750349E-001
    413.22415   1.65486057E-001
    413.44288   1.65221636E-001
    413.66161   1.64957087E-001
    413.88034   1.64692409E-001
    414.09907   1.64427605E-001
    414.31781   1.64162675E-001
    414.53654   1.63897620E-001
    414.75527   1.63632441E-001
    414.97400   1.63367138E-001
    415.19273   1.63101713E-001
    415.41146   1.62836166E-001
    415.63019   1.62570500E-001
    415.84892   1.62304714E-001
    416.06765   1.62038811E-001
    416.28638   1.61772790E-001
    416.50511   1.61506654E-001
    416.72384   1.61240403E-001
    416.94257   1.60974040E-001
    417.16130   1.60707564E-001
    417.38003   1.60440978E-001
    417.59876   1.60174282E-001
    417.81750   1.59907479E-001
    418.03623   1.59640569E-001
    418.25496   1.59373554E-001
    418.47369   1.59106435E-001
    418.69242   1.58839215E-001
    418.91115   1.58571894E-001
    419.12988   1.58304473E-001
    419.34861   1.58036956E-001
    419.56734   1.57769342E-001
    419.78607   1.57501634E-001
    420.00480   1.57233834E-001
    420.22353   1.56965943E-001
    420.44226   1.56697962E-001
    420.66099   1.56429894E-001
    420.87972   1.56161740E-001
    421.09846   1.55893502E-001
    421.31719   1.55625181E-001
    421.53592   1.55356780E-001
    421.75465   1.55088301E-001
    421.97338   1.54819745E-001
    422.19211   1.54551113E-001
    422.41084   1.54282409E-001
    422.62957   1.54013634E-001
    422.84830   1.53744789E-001
    423.06703   1.53475877E-001
    423.28576   1.53206899E-001
    423.50449   1.52937859E-001
    423.72322   1.52668757E-001
    423.94195   1.52399595E-001
    424.16068   1.52130376E-001
    424.37941   1.51861102E-001
    424.59815   1.51591775E-001
    424.81688   1.51322396E-001
    425.03561   1.51052968E-001
    425.25434   1.50783494E-001
    425.47307   1.50513974E-001
    425.69180   1.50244412E-001
    425.91053   1.49974809E-001
    426.12926   1.49705168E-001
    426.34799   1.49435490E-001
    426.56672   1.49165778E-001
    426.78545   1.48896034E-001
    427.00418   1.48626261E-001
    427.22291   1.48356460E-001
    427.44164   1.48086634E-001
    427.66037   1.47816785E-001
    427.87910   1.47546915E-001
    428.09784   1.47277027E-001
    428.31657   1.47007122E-001
    428.53530   1.46737203E-001
    428.75403   1.46467273E-001
    428.97276   1.46197333E-001
    429.19149   1.45927386E-001
    429.41022   1.45657434E-001
    429.62895   1.45387480E-001
    429.84768   1.45117526E-001
    430.06641   1.44847574E-001
    430.28514   1.44577626E-001
    430.50387   1.44307685E-001
    430.72260   1.44037753E-001
    430.94133   1.43767833E-001
    431.16006   1.43497927E-001
    431.37879   1.43228037E-001
    431.59753   1.42958166E-001
    431.81626   1.42688316E-001
    432.03499   1.42418489E-001
    432.25372   1.42148688E-001
    432.47245   1.41878916E-001
    432.69118   1.41609174E-001
    432.90991   1.41339464E-001
    433.12864   1.41069791E-001
    433.34737   1.40800155E-001
    433.56610   1.40530559E-001
    433.78483   1.40261006E-001
    434.00356   1.39991497E-001
    434.22229   1.39722036E-001
    434.44102   1.39452625E-001
    434.65975   1.39183267E-001
    434.87849   1.38913963E-001
    435.09722   1.38644716E-001
    435.31595   1.38375528E-001
    435.53468   1.38106402E-001
    435.75341   1.37837341E-001
    435.97214   1.37568347E-001
    436.19087   1.37299421E-001
    436.40960   1.37030567E-001
    436.62833   1.36761787E-001
    436.84706   1.36493084E-001
    437.06579   1.36224459E-001
    437.28452   1.35955916E-001
    437.50325   1.35687456E-001
    437.72198   1.35419083E-001
    437.94071   1.35150797E-001
    438.15944   1.34882603E-001
    438.37818   1.34614502E-001
    438.59691   1.34346496E-001
    438.81564   1.34078589E-001
    439.03437   1.33810782E-001
    439.25310   1.33543078E-001
    439.47183   1.33275479E-001
    439.69056   1.33007988E-001
    439.90929   1.32740607E-001
    440.12802   1.32473338E-001
    440.34675   1.32206184E-001
    440.56548   1.31939148E-001
    440.78421   1.31672230E-001
    441.00294   1.31405435E-001
    441.22167   1.31138764E-001
    441.44040   1.30872219E-001
    441.65913   1.30605803E-001
    441.87787   1.30339519E-001
    442.09660   1.30073368E-001
    442.31533   1.29807353E-001
    442.53406   1.29541477E-001
    442.75279   1.29275741E-001
    442.97152   1.29010148E-001
    443.19025   1.28744700E-001
    443.40898   1.28479400E-001
    443.62771   1.28214250E-001
    443.84644   1.27949251E-001
    444.06517   1.27684407E-001
    444.28390   1.27419720E-001
    444.50263   1.27155192E-001
    444.72136   1.26890825E-001
    444.94009   1.26626621E-001
    445.15882   1.26362584E-001
    445.37756   1.26098714E-001
    445.59629   1.25835014E-001
    445.81502   1.25571487E-001
    446.03375   1.25308135E-001
    446.25248   1.25044959E-001
    446.47121   1.24781963E-001
    446.68994   1.24519148E-001
    446.90867   1.24256516E-001
    447.12740   1.23994070E-001
    447.34613   1.23731812E-001
    447.56486   1.23469744E-001
    447.78359   1.23207868E-001
    448.00232   1.22946186E-001
    448.22105   1.22684701E-001
    448.43978   1.22423415E-001
    448.65852   1.22162329E-001
    448.87725   1.21901446E-001
    449.09598   1.21640768E-001
    449.31471   1.21380297E-001
    449.53344   1.21120036E-001
    449.75217   1.20859985E-001
    449.97090   1.20600148E-001
    450.18963   1.20340526E-001
    450.40836   1.20081122E-001
    450.62709   1.19821937E-001
    450.84582   1.19562973E-001
    451.06455   1.19304233E-001
    451.28328   1.19045719E-001
    451.50201   1.18787432E-001
    451.72074   1.18529374E-001
    451.93947   1.18271549E-001
    452.15821   1.18013956E-001
    452.37694   1.17756599E-001
    452.59567   1.17499480E-001
    452.81440   1.17242600E-001
    453.03313   1.16985961E-001
    453.25186   1.16729565E-001
    453.47059   1.16473414E-001
    453.68932   1.16217511E-001
    453.90805   1.15961856E-001
    454.12678   1.15706453E-001
    454.34551   1.15451302E-001
    454.56424   1.15196405E-001
    454.78297   1.14941765E-001
    455.00170   1.14687383E-001
    455.22043   1.14433261E-001
    455.43916   1.14179401E-001
    455.65790   1.13925805E-001
    455.87663   1.13672475E-001
    456.09536   1.13419411E-001
    456.31409   1.13166617E-001
    456.53282   1.12914093E-001
    456.75155   1.12661842E-001
    456.97028   1.12409866E-001
    457.18901   1.12158165E-001
    457.40774   1.11906743E-001
    457.62647   1.11655599E-001
    457.84520   1.11404737E-001
    458.06393   1.11154158E-001
    458.28266   1.10903864E-001
    458.50139   1.10653855E-001
    458.72012   1.10404135E-001
    458.93885   1.10154704E-001
    459.15759   1.09905564E-001
    459.37632   1.09656717E-001
    459.59505   1.09408164E-001
    459.81378   1.09159908E-001
    460.03251   1.08911949E-001
    460.25124   1.08664289E-001
    460.46997   1.08416930E-001
    460.68870   1.08169873E-001
    460.90743   1.07923120E-001
    461.12616   1.07676673E-001
    461.34489   1.07430532E-001
    461.56362   1.07184699E-001
    461.78235   1.06939177E-001
    462.00108   1.06693966E-001
    462.21981   1.06449067E-001
    462.43855   1.06204483E-001
    462.65728   1.05960215E-001
    462.87601   1.05716264E-001
    463.09474   1.05472632E-001
    463.31347   1.05229319E-001
    463.53220   1.04986328E-001
    463.75093   1.04743660E-001
    463.96966   1.04501316E-001
    464.18839   1.04259298E-001
    464.40712   1.04017607E-001
    464.62585   1.03776243E-001
    464.84458   1.03535210E-001
    465.06331   1.03294508E-001
    465.28204   1.03054137E-001
    465.50077   1.02814101E-001
    465.71950   1.02574399E-001
    465.93824   1.02335033E-001
    466.15697   1.02096005E-001
    466.37570   1.01857315E-001
    466.59443   1.01618966E-001
    466.81316   1.01380957E-001
    467.03189   1.01143291E-001
    467.25062   1.00905968E-001
    467.46935   1.00668991E-001
    467.68808   1.00432359E-001
    467.90681   1.00196074E-001
    468.12554   9.99601376E-002
    468.34427   9.97245507E-002
    468.56300   9.94893143E-002
    468.78173   9.92544296E-002
    469.00046   9.90198979E-002
    469.21919   9.87857200E-002
    469.43793   9.85518972E-002
    469.65666   9.83184306E-002
    469.87539   9.80853211E-002
    470.09412   9.78525700E-002
    470.31285   9.76201781E-002
    470.53158   9.73881467E-002
    470.75031   9.71564766E-002
    470.96904   9.69251689E-002
    471.18777   9.66942247E-002
    471.40650   9.64636449E-002
    471.62523   9.62334305E-002
    471.84396   9.60035824E-002
    472.06269   9.57741017E-002
    472.28142   9.55449893E-002
    472.50015   9.53162462E-002
    472.71888   9.50878732E-002
    472.93762   9.48598713E-002
    473.15635   9.46322413E-002
    473.37508   9.44049843E-002
    473.59381   9.41781010E-002
    473.81254   9.39515924E-002
    474.03127   9.37254593E-002
    474.25000   9.34997026E-002
    474.46873   9.32743231E-002
    474.68746   9.30493216E-002
    474.90619   9.28246990E-002
    475.12492   9.26004561E-002
    475.34365   9.23765937E-002
    475.56238   9.21531125E-002
    475.78111   9.19300134E-002
    475.99984   9.17072970E-002
    476.21858   9.14849643E-002
    476.43731   9.12630159E-002
    476.65604   9.10414526E-002
    476.87477   9.08202750E-002
    477.09350   9.05994839E-002
    477.31223   9.03790801E-002
    477.53096   9.01590641E-002
    477.74969   8.99394368E-002
    477.96842   8.97201987E-002
    478.18715   8.95013505E-002
    478.40588   8.92828930E-002
    478.62461   8.90648266E-002
    478.84334   8.88471522E-002
    479.06207   8.86298702E-002
    479.28080   8.84129813E-002
    479.49953   8.81964861E-002
    479.71827   8.79803853E-002
    479.93700   8.77646793E-002
    480.15573   8.75493688E-002
    480.37446   8.73344543E-002
    480.59319   8.71199364E-002
    480.81192   8.69058156E-002
    481.03065   8.66920925E-002
    481.24938   8.64787675E-002
    481.46811   8.62658413E-002
    481.68684   8.60533143E-002
    481.90557   8.58411870E-002
    482.12430   8.56294599E-002
    482.34303   8.54181334E-002
    482.56176   8.52072081E-002
    482.78049   8.49966844E-002
    482.99922   8.47865628E-002
    483.21796   8.45768436E-002
    483.43669   8.43675273E-002
    483.65542   8.41586144E-002
    483.87415   8.39501052E-002
    484.09288   8.37420002E-002
    484.31161   8.35342998E-002
    484.53034   8.33270042E-002
    484.74907   8.31201140E-002
    484.96780   8.29136295E-002
    485.18653   8.27075509E-002
    485.40526   8.25018788E-002
    485.62399   8.22966134E-002
    485.84272   8.20917550E-002
    486.06145   8.18873040E-002
    486.28018   8.16832606E-002
    486.49891   8.14796253E-002
    486.71765   8.12763982E-002
    486.93638   8.10735798E-002
    487.15511   8.08711701E-002
    487.37384   8.06691696E-002
    487.59257   8.04675785E-002
    487.81130   8.02663969E-002
    488.03003   8.00656253E-002
    488.24876   7.98652638E-002
    488.46749   7.96653126E-002
    488.68622   7.94657719E-002
    488.90495   7.92666421E-002
    489.12368   7.90679231E-002
    489.34241   7.88696154E-002
    489.56114   7.86717190E-002
    489.77987   7.84742341E-002
    489.99861   7.82771609E-002
    490.21734   7.80804996E-002
    490.43607   7.78842503E-002
    490.65480   7.76884131E-002
    490.87353   7.74929883E-002
    491.09226   7.72979758E-002
    491.31099   7.71033759E-002
    491.52972   7.69091887E-002
    491.74845   7.67154142E-002
    491.96718   7.65220526E-002
    492.18591   7.63291040E-002
    492.40464   7.61365683E-002
    492.62337   7.59444458E-002
    492.84210   7.57527365E-002
    493.06083   7.55614404E-002
    493.27956   7.53705577E-002
    493.49830   7.51800882E-002
    493.71703   7.49900322E-002
    493.93576   7.48003895E-002
    494.15449   7.46111603E-002
    494.37322   7.44223446E-002
    494.59195   7.42339423E-002
    494.81068   7.40459534E-002
    495.02941   7.38583781E-002
    495.24814   7.36712162E-002
    495.46687   7.34844677E-002
    495.68560   7.32981326E-002
    495.90433   7.31122109E-002
    496.12306   7.29267025E-002
    496.34179   7.27416074E-002
    496.56052   7.25569256E-002
    496.77925   7.23726569E-002
    496.99799   7.21888013E-002
    497.21672   7.20053588E-002
    497.43545   7.18223292E-002
    497.65418   7.16397125E-002
    497.87291   7.14575086E-002
    498.09164   7.12757173E-002
    498.31037   7.10943386E-002
    498.52910   7.09133724E-002
    498.74783   7.07328185E-002
    498.96656   7.05526768E-002
    499.18529   7.03729472E-002
    499.40402   7.01936296E-002
    499.62275   7.00147237E-002
    499.84148   6.98362295E-002
    500.06021   6.96581468E-002
    500.27894   6.94804755E-002
    500.49768   6.93032153E-002
    500.71641   6.91263661E-002
    500.93514   6.89499276E-002
    501.15387   6.87738999E-002
    501.37260   6.85982825E-002
    501.59133   6.84230754E-002
    501.81006   6.82482783E-002
    502.02879   6.80738911E-002
    502.24752   6.78999134E-002
    502.46625   6.77263452E-002
    502.68498   6.75531861E-002
    502.90371   6.73804359E-002
    503.12244   6.72080944E-002
    503.34117   6.70361614E-002
    503.55990   6.68646366E-002
    503.77864   6.66935197E-002
    503.99737   6.65228105E-002
    504.21610   6.63525088E-002
    504.43483   6.61826142E-002
    504.65356   6.60131264E-002
    504.87229   6.58440453E-002
    505.09102   6.56753705E-002
    505.30975   6.55071017E-002
    505.52848   6.53392386E-002
    505.74721   6.51717810E-002
    505.96594   6.50047285E-002
    506.18467   6.48380808E-002
    506.40340   6.46718375E-002
    506.62213   6.45059985E-002
    506.84086   6.43405633E-002
    507.05959   6.41755317E-002
    507.27833   6.40109032E-002
    507.49706   6.38466775E-002
    507.71579   6.36828544E-002
    507.93452   6.35194334E-002
    508.15325   6.33564142E-002
    508.37198   6.31937965E-002
    508.59071   6.30315798E-002
    508.80944   6.28697639E-002
    509.02817   6.27083483E-002
    509.24690   6.25473326E-002
    509.46563   6.23867165E-002
    509.68436   6.22264997E-002
    509.90309   6.20666816E-002
    510.12182   6.19072619E-002
    510.34055   6.17482403E-002
    510.55928   6.15896163E-002
    510.77802   6.14313894E-002
    510.99675   6.12735594E-002
    511.21548   6.11161258E-002
    511.43421   6.09590881E-002
    511.65294   6.08024460E-002
    511.87167   6.06461990E-002
    512.09040   6.04903466E-002
    512.30913   6.03348886E-002
    512.52786   6.01798243E-002
    512.74659   6.00251534E-002
    512.96532   5.98708754E-002
    513.18405   5.97169899E-002
    513.40278   5.95634965E-002
    513.62151   5.94103946E-002
    513.84024   5.92576837E-002
    514.05897   5.91053636E-002
    514.27771   5.89534336E-002
    514.49644   5.88018933E-002
    514.71517   5.86507422E-002
    514.93390   5.84999799E-002
    515.15263   5.83496058E-002
    515.37136   5.81996195E-002
    515.59009   5.80500205E-002
    515.80882   5.79008083E-002
    516.02755   5.77519824E-002
    516.24628   5.76035423E-002
    516.46501   5.74554875E-002
    516.68374   5.73078175E-002
    516.90247   5.71605318E-002
    517.12120   5.70136298E-002
    517.33993   5.68671111E-002
    517.55867   5.67209752E-002
    517.77740   5.65752215E-002
    517.99613   5.64298494E-002
    518.21486   5.62848586E-002
    518.43359   5.61402483E-002
    518.65232   5.59960182E-002
    518.87105   5.58521677E-002
    519.08978   5.57086961E-002
    519.30851   5.55656031E-002
    519.52724   5.54228880E-002
    519.74597   5.52805503E-002
    519.96470   5.51385895E-002
    520.18343   5.49970049E-002
    520.40216   5.48557961E-002
    520.62089   5.47149624E-002
    520.83962   5.45745034E-002
    521.05836   5.44344185E-002
    521.27709   5.42947070E-002
    521.49582   5.41553685E-002
    521.71455   5.40164023E-002
    521.93328   5.38778078E-002
    522.15201   5.37395846E-002
    522.37074   5.36017320E-002
    522.58947   5.34642495E-002
    522.80820   5.33271364E-002
    523.02693   5.31903922E-002
    523.24566   5.30540163E-002
    523.46439   5.29180080E-002
    523.68312   5.27823669E-002
    523.90185   5.26470923E-002
    524.12058   5.25121836E-002
    524.33931   5.23776402E-002
    524.55805   5.22434616E-002
    524.77678   5.21096470E-002
    524.99551   5.19761960E-002
    525.21424   5.18431078E-002
    525.43297   5.17103820E-002
    525.65170   5.15780178E-002
    525.87043   5.14460147E-002
    526.08916   5.13143720E-002
    526.30789   5.11830892E-002
    526.52662   5.10521656E-002
    526.74535   5.09216006E-002
    526.96408   5.07913935E-002
    527.18281   5.06615438E-002
    527.40154   5.05320509E-002
    527.62027   5.04029140E-002
    527.83900   5.02741326E-002
    528.05774   5.01457060E-002
    528.27647   5.00176336E-002
    528.49520   4.98899148E-002
    528.71393   4.97625489E-002
    528.93266   4.96355354E-002
    529.15139   4.95088734E-002
    529.37012   4.93825625E-002
    529.58885   4.92566020E-002
    529.80758   4.91309911E-002
    530.02631   4.90057294E-002
    530.24504   4.88808161E-002
    530.46377   4.87562505E-002
    530.68250   4.86320321E-002
    530.90123   4.85081602E-002
    531.11996   4.83846341E-002
    531.33870   4.82614532E-002
    531.55743   4.81386169E-002
    531.77616   4.80161243E-002
    531.99489   4.78939750E-002
    532.21362   4.77721683E-002
    532.43235   4.76507034E-002
    532.65108   4.75295798E-002
    532.86981   4.74087967E-002
    533.08854   4.72883535E-002
    533.30727   4.71682496E-002
    533.52600   4.70484842E-002
    533.74473   4.69290567E-002
    533.96346   4.68099665E-002
    534.18219   4.66912128E-002
    534.40092   4.65727951E-002
    534.61965   4.64547125E-002
    534.83839   4.63369645E-002
    535.05712   4.62195504E-002
    535.27585   4.61024695E-002
    535.49458   4.59857211E-002
    535.71331   4.58693046E-002
    535.93204   4.57532193E-002
    536.15077   4.56374644E-002
    536.36950   4.55220394E-002
    536.58823   4.54069435E-002
    536.80696   4.52921761E-002
    537.02569   4.51777364E-002
    537.24442   4.50636239E-002
    537.46315   4.49498378E-002
    537.68188   4.48363774E-002
    537.90061   4.47232420E-002
    538.11934   4.46104311E-002
    538.33808   4.44979438E-002
    538.55681   4.43857795E-002
    538.77554   4.42739375E-002
    538.99427   4.41624171E-002
    539.21300   4.40512177E-002
    539.43173   4.39403385E-002
    539.65046   4.38297789E-002
    539.86919   4.37195381E-002
    540.08792   4.36096156E-002
    540.30665   4.35000105E-002
    540.52538   4.33907222E-002
    540.74411   4.32817500E-002
    540.96284   4.31730932E-002
    541.18157   4.30647512E-002
    541.40030   4.29567232E-002
    541.61903   4.28490085E-002
    541.83777   4.27416065E-002
    542.05650   4.26345164E-002
    542.27523   4.25277376E-002
    542.49396   4.24212693E-002
    542.71269   4.23151109E-002
    542.93142   4.22092617E-002
    543.15015   4.21037210E-002
    543.36888   4.19984880E-002
    543.58761   4.18935622E-002
    543.80634   4.17889427E-002
    544.02507   4.16846289E-002
    544.24380   4.15806202E-002
    544.46253   4.14769157E-002
    544.68126   4.13735148E-002
    544.89999   4.12704169E-002
    545.11873   4.11676212E-002
    545.33746   4.10651270E-002
    545.55619   4.09629336E-002
    545.77492   4.08610403E-002
    545.99365   4.07594465E-002
    546.21238   4.06581514E-002
    546.43111   4.05571543E-002
    546.64984   4.04564546E-002
    546.86857   4.03560515E-002
    547.08730   4.02559443E-002
    547.30603   4.01561324E-002
    547.52476   4.00566151E-002
    547.74349   3.99573916E-002
    547.96222   3.98584612E-002
    548.18095   3.97598233E-002
    548.39968   3.96614772E-002
    548.61842   3.95634221E-002
    548.83715   3.94656574E-002
    549.05588   3.93681823E-002
    549.27461   3.92709963E-002
    549.49334   3.91740985E-002
    549.71207   3.90774883E-002
    549.93080   3.89811649E-002
    550.14953   3.88851278E-002
    550.36826   3.87893762E-002
    550.58699   3.86939093E-002
    550.80572   3.85987266E-002
    551.02445   3.85038273E-002
    551.24318   3.84092106E-002
    551.46191   3.83148761E-002
    551.68064   3.82208228E-002
    551.89937   3.81270502E-002
    552.11811   3.80335575E-002
    552.33684   3.79403440E-002
    552.55557   3.78474091E-002
    552.77430   3.77547521E-002
    552.99303   3.76623722E-002
    553.21176   3.75702688E-002
    553.43049   3.74784412E-002
    553.64922   3.73868887E-002
    553.86795   3.72956106E-002
    554.08668   3.72046063E-002
    554.30541   3.71138749E-002
    554.52414   3.70234159E-002
    554.74287   3.69332285E-002
    554.96160   3.68433121E-002
    555.18033   3.67536660E-002
    555.39906   3.66642894E-002
    555.61780   3.65751817E-002
    555.83653   3.64863423E-002
    556.05526   3.63977703E-002
    556.27399   3.63094653E-002
    556.49272   3.62214263E-002
    556.71145   3.61336529E-002
    556.93018   3.60461442E-002
    557.14891   3.59588996E-002
    557.36764   3.58719184E-002
    557.58637   3.57852000E-002
    557.80510   3.56987436E-002
    558.02383   3.56125486E-002
    558.24256   3.55266143E-002
    558.46129   3.54409401E-002
    558.68002   3.53555251E-002
    558.89876   3.52703688E-002
    559.11749   3.51854705E-002
    559.33622   3.51008295E-002
    559.55495   3.50164451E-002
    559.77368   3.49323167E-002
    559.99241   3.48484435E-002
    560.21114   3.47648249E-002
    560.42987   3.46814603E-002
    560.64860   3.45983489E-002
    560.86733   3.45154901E-002
    561.08606   3.44328832E-002
    561.30479   3.43505275E-002
    561.52352   3.42684224E-002
    561.74225   3.41865672E-002
    561.96098   3.41049612E-002
    562.17971   3.40236038E-002
    562.39845   3.39424942E-002
    562.61718   3.38616319E-002
    562.83591   3.37810162E-002
    563.05464   3.37006463E-002
    563.27337   3.36205217E-002
    563.49210   3.35406416E-002
    563.71083   3.34610054E-002
    563.92956   3.33816125E-002
    564.14829   3.33024622E-002
    564.36702   3.32235538E-002
    564.58575   3.31448866E-002
    564.80448   3.30664600E-002
    565.02321   3.29882734E-002
    565.24194   3.29103261E-002
    565.46067   3.28326174E-002
    565.67940   3.27551467E-002
    565.89814   3.26779132E-002
    566.11687   3.26009165E-002
    566.33560   3.25241558E-002
    566.55433   3.24476304E-002
    566.77306   3.23713398E-002
    566.99179   3.22952832E-002
    567.21052   3.22194600E-002
    567.42925   3.21438696E-002
    567.64798   3.20685113E-002
    567.86671   3.19933845E-002
    568.08544   3.19184885E-002
    568.30417   3.18438226E-002
    568.52290   3.17693864E-002
    568.74163   3.16951790E-002
    568.96036   3.16211998E-002
    569.17909   3.15474483E-002
    569.39783   3.14739238E-002
    569.61656   3.14006255E-002
    569.83529   3.13275530E-002
    570.05402   3.12547056E-002
    570.27275   3.11820825E-002
    570.49148   3.11096833E-002
    570.71021   3.10375072E-002
    570.92894   3.09655536E-002
    571.14767   3.08938219E-002
    571.36640   3.08223115E-002
    571.58513   3.07510217E-002
    571.80386   3.06799519E-002
    572.02259   3.06091015E-002
    572.24132   3.05384699E-002
    572.46005   3.04680563E-002
    572.67879   3.03978603E-002
    572.89752   3.03278811E-002
    573.11625   3.02581181E-002
    573.33498   3.01885708E-002
    573.55371   3.01192385E-002
    573.77244   3.00501206E-002
    573.99117   2.99812165E-002
    574.20990   2.99125255E-002
    574.42863   2.98440470E-002
    574.64736   2.97757805E-002
    574.86609   2.97077253E-002
    575.08482   2.96398807E-002
    575.30355   2.95722463E-002
    575.52228   2.95048213E-002
    575.74101   2.94376052E-002
    575.95974   2.93705973E-002
    576.17848   2.93037971E-002
    576.39721   2.92372039E-002
    576.61594   2.91708171E-002
    576.83467   2.91046362E-002
    577.05340   2.90386605E-002
    577.27213   2.89728894E-002
    577.49086   2.89073223E-002
    577.70959   2.88419587E-002
    577.92832   2.87767978E-002
    578.14705   2.87118392E-002
    578.36578   2.86470823E-002
    578.58451   2.85825263E-002
    578.80324   2.85181708E-002
    579.02197   2.84540151E-002
    579.24070   2.83900587E-002
    579.45943   2.83263010E-002
    579.67817   2.82627413E-002
    579.89690   2.81993791E-002
    580.11563   2.81362138E-002
    580.33436   2.80732448E-002
    580.55309   2.80104716E-002
    580.77182   2.79478934E-002
    580.99055   2.78855099E-002
    581.20928   2.78233203E-002
    581.42801   2.77613241E-002
    581.64674   2.76995207E-002
    581.86547   2.76379096E-002
    582.08420   2.75764901E-002
    582.30293   2.75152617E-002
    582.52166   2.74542238E-002
    582.74039   2.73933759E-002
    582.95912   2.73327173E-002
    583.17786   2.72722475E-002
    583.39659   2.72119659E-002
    583.61532   2.71518720E-002
    583.83405   2.70919652E-002
    584.05278   2.70322448E-002
    584.27151   2.69727105E-002
    584.49024   2.69133615E-002
    584.70897   2.68541974E-002
    584.92770   2.67952175E-002
    585.14643   2.67364213E-002
    585.36516   2.66778083E-002
    585.58389   2.66193779E-002
    585.80262   2.65611295E-002
    586.02135   2.65030625E-002
    586.24008   2.64451765E-002
    586.45882   2.63874709E-002
    586.67755   2.63299451E-002
    586.89628   2.62725985E-002
    587.11501   2.62154307E-002
    587.33374   2.61584410E-002
    587.55247   2.61016289E-002
    587.77120   2.60449939E-002
    587.98993   2.59885355E-002
    588.20866   2.59322530E-002
    588.42739   2.58761460E-002
    588.64612   2.58202138E-002
    588.86485   2.57644561E-002
    589.08358   2.57088721E-002
    589.30231   2.56534614E-002
    589.52104   2.55982235E-002
    589.73977   2.55431578E-002
    589.95851   2.54882638E-002
    590.17724   2.54335409E-002
    590.39597   2.53789886E-002
    590.61470   2.53246064E-002
    590.83343   2.52703938E-002
    591.05216   2.52163502E-002
    591.27089   2.51624751E-002
    591.48962   2.51087680E-002
    591.70835   2.50552283E-002
    591.92708   2.50018555E-002
    592.14581   2.49486492E-002
    592.36454   2.48956087E-002
    592.58327   2.48427336E-002
    592.80200   2.47900234E-002
    593.02073   2.47374775E-002
    593.23946   2.46850954E-002
    593.45820   2.46328766E-002
    593.67693   2.45808206E-002
    593.89566   2.45289268E-002
    594.11439   2.44771949E-002
    594.33312   2.44256241E-002
    594.55185   2.43742142E-002
    594.77058   2.43229645E-002
    594.98931   2.42718745E-002
    595.20804   2.42209437E-002
    595.42677   2.41701717E-002
    595.64550   2.41195579E-002
    595.86423   2.40691018E-002
    596.08296   2.40188029E-002
    596.30169   2.39686608E-002
    596.52042   2.39186748E-002
    596.73915   2.38688447E-002
    596.95789   2.38191697E-002
    597.17662   2.37696495E-002
    597.39535   2.37202836E-002
    597.61408   2.36710714E-002
    597.83281   2.36220125E-002
    598.05154   2.35731063E-002
    598.27027   2.35243525E-002
    598.48900   2.34757505E-002
    598.70773   2.34272998E-002
    598.92646   2.33789999E-002
    599.14519   2.33308504E-002
    599.36392   2.32828507E-002
    599.58265   2.32350005E-002
    599.80138   2.31872991E-002
    600.02011   2.31397462E-002
    600.23885   2.30923413E-002
    600.45758   2.30450839E-002
    600.67631   2.29979734E-002
    600.89504   2.29510095E-002
    601.11377   2.29041917E-002
    601.33250   2.28575195E-002
    601.55123   2.28109924E-002
    601.76996   2.27646099E-002
    601.98869   2.27183717E-002
    602.20742   2.26722772E-002
    602.42615   2.26263259E-002
    602.64488   2.25805175E-002
    602.86361   2.25348513E-002
    603.08234   2.24893271E-002
    603.30107   2.24439443E-002
    603.51980   2.23987024E-002
    603.73854   2.23536011E-002
    603.95727   2.23086397E-002
    604.17600   2.22638180E-002
    604.39473   2.22191354E-002
    604.61346   2.21745915E-002
    604.83219   2.21301859E-002
    605.05092   2.20859180E-002
    605.26965   2.20417875E-002
    605.48838   2.19977938E-002
    605.70711   2.19539366E-002
    605.92584   2.19102154E-002
    606.14457   2.18666297E-002
    606.36330   2.18231792E-002
    606.58203   2.17798633E-002
    606.80076   2.17366817E-002
    607.01949   2.16936338E-002
    607.23823   2.16507193E-002
    607.45696   2.16079378E-002
    607.67569   2.15652886E-002
    607.89442   2.15227716E-002
    608.11315   2.14803861E-002
    608.33188   2.14381319E-002
    608.55061   2.13960084E-002
    608.76934   2.13540152E-002
    608.98807   2.13121519E-002
    609.20680   2.12704180E-002
    609.42553   2.12288132E-002
    609.64426   2.11873370E-002
    609.86299   2.11459890E-002
    610.08172   2.11047688E-002
    610.30045   2.10636759E-002
    610.51919   2.10227100E-002
    610.73792   2.09818705E-002
    610.95665   2.09411571E-002
    611.17538   2.09005694E-002
    611.39411   2.08601070E-002
    611.61284   2.08197694E-002
    611.83157   2.07795562E-002
    612.05030   2.07394671E-002
    612.26903   2.06995015E-002
    612.48776   2.06596592E-002
    612.70649   2.06199396E-002
    612.92522   2.05803424E-002
    613.14395   2.05408672E-002
    613.36268   2.05015136E-002
    613.58141   2.04622811E-002
    613.80014   2.04231694E-002
    614.01888   2.03841780E-002
    614.23761   2.03453066E-002
    614.45634   2.03065548E-002
    614.67507   2.02679221E-002
    614.89380   2.02294082E-002
    615.11253   2.01910127E-002
    615.33126   2.01527351E-002
    615.54999   2.01145751E-002
    615.76872   2.00765323E-002
    615.98745   2.00386063E-002
    616.20618   2.00007967E-002
    616.42491   1.99631031E-002
    616.64364   1.99255251E-002
    616.86237   1.98880624E-002
    617.08110   1.98507145E-002
    617.29983   1.98134811E-002
    617.51857   1.97763618E-002
    617.73730   1.97393562E-002
    617.95603   1.97024639E-002
    618.17476   1.96656845E-002
    618.39349   1.96290178E-002
    618.61222   1.95924632E-002
    618.83095   1.95560204E-002
    619.04968   1.95196890E-002
    619.26841   1.94834687E-002
    619.48714   1.94473591E-002
    619.70587   1.94113598E-002
    619.92460   1.93754704E-002
    620.14333   1.93396906E-002
    620.36206   1.93040200E-002
    620.58079   1.92684583E-002
    620.79952   1.92330050E-002
    621.01826   1.91976598E-002
    621.23699   1.91624223E-002
    621.45572   1.91272922E-002
    621.67445   1.90922691E-002
    621.89318   1.90573527E-002
    622.11191   1.90225425E-002
    622.33064   1.89878383E-002
    622.54937   1.89532396E-002
    622.76810   1.89187462E-002
    622.98683   1.88843576E-002
    623.20556   1.88500735E-002
    623.42429   1.88158935E-002
    623.64302   1.87818173E-002
    623.86175   1.87478446E-002
    624.08048   1.87139750E-002
    624.29922   1.86802081E-002
    624.51795   1.86465436E-002
    624.73668   1.86129811E-002
    624.95541   1.85795203E-002
    625.17414   1.85461609E-002
    625.39287   1.85129025E-002
    625.61160   1.84797447E-002
    625.83033   1.84466873E-002
    626.04906   1.84137298E-002
    626.26779   1.83808720E-002
    626.48652   1.83481135E-002
    626.70525   1.83154539E-002
    626.92398   1.82828930E-002
    627.14271   1.82504304E-002
    627.36144   1.82180656E-002
    627.58017   1.81857986E-002
    627.79891   1.81536288E-002
    628.01764   1.81215559E-002
    628.23637   1.80895797E-002
    628.45510   1.80576997E-002
    628.67383   1.80259158E-002
    628.89256   1.79942274E-002
    629.11129   1.79626344E-002
    629.33002   1.79311363E-002
    629.54875   1.78997329E-002
    629.76748   1.78684238E-002
    629.98621   1.78372087E-002
    630.20494   1.78060874E-002
    630.42367   1.77750593E-002
    630.64240   1.77441244E-002
    630.86113   1.77132821E-002
    631.07986   1.76825323E-002
    631.29860   1.76518745E-002
    631.51733   1.76213085E-002
    631.73606   1.75908340E-002
    631.95479   1.75604507E-002
    632.17352   1.75301581E-002
    632.39225   1.74999561E-002
    632.61098   1.74698443E-002
    632.82971   1.74398224E-002
    633.04844   1.74098900E-002
    633.26717   1.73800470E-002
    633.48590   1.73502929E-002
    633.70463   1.73206275E-002
    633.92336   1.72910505E-002
    634.14209   1.72615615E-002
    634.36082   1.72321603E-002
    634.57955   1.72028465E-002
    634.79829   1.71736199E-002
    635.01702   1.71444801E-002
    635.23575   1.71154269E-002
    635.45448   1.70864599E-002
    635.67321   1.70575789E-002
    635.89194   1.70287836E-002
    636.11067   1.70000736E-002
    636.32940   1.69714487E-002
    636.54813   1.69429085E-002
    636.76686   1.69144528E-002
    636.98559   1.68860814E-002
    637.20432   1.68577938E-002
    637.42305   1.68295898E-002
    637.64178   1.68014692E-002
    637.86051   1.67734315E-002
    638.07925   1.67454766E-002
    638.29798   1.67176042E-002
    638.51671   1.66898140E-002
    638.73544   1.66621056E-002
    638.95417   1.66344788E-002
    639.17290   1.66069334E-002
    639.39163   1.65794690E-002
    639.61036   1.65520853E-002
    639.82909   1.65247822E-002
    640.04782   1.64975592E-002
    640.26655   1.64704162E-002
    640.48528   1.64433527E-002
    640.70401   1.64163687E-002
    640.92274   1.63894638E-002
    641.14147   1.63626376E-002
    641.36020   1.63358900E-002
    641.57894   1.63092207E-002
    641.79767   1.62826294E-002
    642.01640   1.62561158E-002
    642.23513   1.62296797E-002
    642.45386   1.62033207E-002
    642.67259   1.61770387E-002
    642.89132   1.61508333E-002
    643.11005   1.61247043E-002
    643.32878   1.60986514E-002
    643.54751   1.60726744E-002
    643.76624   1.60467730E-002
    643.98497   1.60209469E-002
    644.20370   1.59951959E-002
    644.42243   1.59695196E-002
    644.64116   1.59439180E-002
    644.85989   1.59183906E-002
    645.07863   1.58929372E-002
    645.29736   1.58675576E-002
    645.51609   1.58422515E-002
    645.73482   1.58170186E-002
    645.95355   1.57918588E-002
    646.17228   1.57667717E-002
    646.39101   1.57417570E-002
    646.60974   1.57168147E-002
    646.82847   1.56919443E-002
    647.04720   1.56671456E-002
    647.26593   1.56424184E-002
    647.48466   1.56177625E-002
    647.70339   1.55931775E-002
    647.92212   1.55686633E-002
    648.14085   1.55442195E-002
    648.35958   1.55198461E-002
    648.57832   1.54955426E-002
    648.79705   1.54713088E-002
    649.01578   1.54471446E-002
    649.23451   1.54230496E-002
    649.45324   1.53990237E-002
    649.67197   1.53750665E-002
    649.89070   1.53511779E-002
    650.10943   1.53273576E-002
    650.32816   1.53036053E-002
    650.54689   1.52799209E-002
    650.76562   1.52563041E-002
    650.98435   1.52327546E-002
    651.20308   1.52092722E-002
    651.42181   1.51858567E-002
    651.64054   1.51625079E-002
    651.85928   1.51392255E-002
    652.07801   1.51160092E-002
    652.29674   1.50928589E-002
    652.51547   1.50697743E-002
    652.73420   1.50467552E-002
    652.95293   1.50238014E-002
    653.17166   1.50009126E-002
    653.39039   1.49780886E-002
    653.60912   1.49553291E-002
    653.82785   1.49326341E-002
    654.04658   1.49100031E-002
    654.26531   1.48874360E-002
    654.48404   1.48649326E-002
    654.70277   1.48424927E-002
    654.92150   1.48201160E-002
    655.14023   1.47978023E-002
    655.35897   1.47755513E-002
    655.57770   1.47533630E-002
    655.79643   1.47312369E-002
    656.01516   1.47091731E-002
    656.23389   1.46871711E-002
    656.45262   1.46652308E-002
    656.67135   1.46433520E-002
    656.89008   1.46215344E-002
    657.10881   1.45997779E-002
    657.32754   1.45780822E-002
    657.54627   1.45564471E-002
    657.76500   1.45348724E-002
    657.98373   1.45133579E-002
    658.20246   1.44919034E-002
    658.42119   1.44705087E-002
    658.63992   1.44491735E-002
    658.85866   1.44278976E-002
    659.07739   1.44066809E-002
    659.29612   1.43855232E-002
    659.51485   1.43644241E-002
    659.73358   1.43433836E-002
    659.95231   1.43224014E-002
    660.17104   1.43014773E-002
    660.38977   1.42806111E-002
    660.60850   1.42598026E-002
    660.82723   1.42390516E-002
    661.04596   1.42183578E-002
    661.26469   1.41977212E-002
    661.48342   1.41771415E-002
    661.70215   1.41566185E-002
    661.92088   1.41361519E-002
    662.13961   1.41157417E-002
    662.35835   1.40953875E-002
    662.57708   1.40750892E-002
    662.79581   1.40548467E-002
    663.01454   1.40346596E-002
    663.23327   1.40145279E-002
    663.45200   1.39944513E-002
    663.67073   1.39744296E-002
    663.88946   1.39544626E-002
    664.10819   1.39345501E-002
    664.32692   1.39146920E-002
    664.54565   1.38948881E-002
    664.76438   1.38751381E-002
    664.98311   1.38554419E-002
    665.20184   1.38357993E-002
    665.42057   1.38162100E-002
    665.63931   1.37966740E-002
    665.85804   1.37771910E-002
    666.07677   1.37577608E-002
    666.29550   1.37383833E-002
    666.51423   1.37190582E-002
    666.73296   1.36997854E-002
    666.95169   1.36805647E-002
    667.17042   1.36613959E-002
    667.38915   1.36422789E-002
    667.60788   1.36232134E-002
    667.82661   1.36041992E-002
    668.04534   1.35852362E-002
    668.26407   1.35663242E-002
    668.48280   1.35474631E-002
    668.70153   1.35286526E-002
    668.92026   1.35098925E-002
    669.13900   1.34911828E-002
    669.35773   1.34725231E-002
    669.57646   1.34539134E-002
    669.79519   1.34353534E-002
    670.01392   1.34168430E-002
    670.23265   1.33983821E-002
    670.45138   1.33799703E-002
    670.67011   1.33616077E-002
    670.88884   1.33432939E-002
    671.10757   1.33250288E-002
    671.32630   1.33068123E-002
    671.54503   1.32886441E-002
    671.76376   1.32705242E-002
    671.98249   1.32524522E-002
    672.20122   1.32344282E-002
    672.41995   1.32164518E-002
    672.63869   1.31985230E-002
    672.85742   1.31806415E-002
    673.07615   1.31628072E-002
    673.29488   1.31450200E-002
    673.51361   1.31272796E-002
    673.73234   1.31095859E-002
    673.95107   1.30919387E-002
    674.16980   1.30743379E-002
    674.38853   1.30567833E-002
    674.60726   1.30392748E-002
    674.82599   1.30218121E-002
    675.04472   1.30043952E-002
    675.26345   1.29870238E-002
    675.48218   1.29696978E-002
    675.70091   1.29524170E-002
    675.91964   1.29351814E-002
    676.13838   1.29179906E-002
    676.35711   1.29008446E-002
    676.57584   1.28837432E-002
    676.79457   1.28666863E-002
    677.01330   1.28496736E-002
    677.23203   1.28327051E-002
    677.45076   1.28157806E-002
    677.66949   1.27988999E-002
    677.88822   1.27820629E-002
    678.10695   1.27652693E-002
    678.32568   1.27485192E-002
    678.54441   1.27318123E-002
    678.76314   1.27151484E-002
    678.98187   1.26985274E-002
    679.20060   1.26819492E-002
    679.41934   1.26654136E-002
    679.63807   1.26489205E-002
    679.85680   1.26324696E-002
    680.07553   1.26160610E-002
    680.29426   1.25996943E-002
    680.51299   1.25833695E-002
    680.73172   1.25670864E-002
    680.95045   1.25508449E-002
    681.16918   1.25346448E-002
    681.38791   1.25184860E-002
    681.60664   1.25023684E-002
    681.82537   1.24862917E-002
    682.04410   1.24702559E-002
    682.26283   1.24542607E-002
    682.48156   1.24383062E-002
    682.70029   1.24223920E-002
    682.91903   1.24065181E-002
    683.13776   1.23906844E-002
    683.35649   1.23748906E-002
    683.57522   1.23591367E-002
    683.79395   1.23434226E-002
    684.01268   1.23277480E-002
    684.23141   1.23121128E-002
    684.45014   1.22965169E-002
    684.66887   1.22809602E-002
    684.88760   1.22654425E-002
    685.10633   1.22499637E-002
    685.32506   1.22345236E-002
    685.54379   1.22191221E-002
    685.76252   1.22037592E-002
    685.98125   1.21884345E-002
    686.19998   1.21731481E-002
    686.41872   1.21578997E-002
    686.63745   1.21426893E-002
    686.85618   1.21275167E-002
    687.07491   1.21123818E-002
    687.29364   1.20972844E-002
    687.51237   1.20822244E-002
    687.73110   1.20672017E-002
    687.94983   1.20522162E-002
    688.16856   1.20372677E-002
    688.38729   1.20223560E-002
    688.60602   1.20074812E-002
    688.82475   1.19926429E-002
    689.04348   1.19778412E-002
    689.26221   1.19630758E-002
    689.48094   1.19483467E-002
    689.69967   1.19336537E-002
    689.91841   1.19189967E-002
    690.13714   1.19043756E-002
    690.35587   1.18897902E-002
    690.57460   1.18752405E-002
    690.79333   1.18607262E-002
    691.01206   1.18462473E-002
    691.23079   1.18318037E-002
    691.44952   1.18173952E-002
    691.66825   1.18030217E-002
    691.88698   1.17886831E-002
    692.10571   1.17743792E-002
    692.32444   1.17601100E-002
    692.54317   1.17458753E-002
    692.76190   1.17316749E-002
    692.98063   1.17175089E-002
    693.19937   1.17033770E-002
    693.41810   1.16892792E-002
    693.63683   1.16752152E-002
    693.85556   1.16611851E-002
    694.07429   1.16471887E-002
    694.29302   1.16332258E-002
    694.51175   1.16192964E-002
    694.73048   1.16054003E-002
    694.94921   1.15915374E-002
    695.16794   1.15777076E-002
    695.38667   1.15639108E-002
    695.60540   1.15501469E-002
    695.82413   1.15364157E-002
    696.04286   1.15227172E-002
    696.26159   1.15090512E-002
    696.48032   1.14954176E-002
    696.69906   1.14818163E-002
    696.91779   1.14682472E-002
    697.13652   1.14547102E-002
    697.35525   1.14412052E-002
    697.57398   1.14277320E-002
    697.79271   1.14142905E-002
    698.01144   1.14008807E-002
    698.23017   1.13875024E-002
    698.44890   1.13741556E-002
    698.66763   1.13608400E-002
    698.88636   1.13475556E-002
    699.10509   1.13343024E-002
    699.32382   1.13210801E-002
    699.54255   1.13078887E-002
    699.76128   1.12947280E-002
    699.98001   1.12815980E-002
    700.19875   1.12684986E-002
    700.41748   1.12554296E-002
    700.63621   1.12423910E-002
    700.85494   1.12293826E-002
    701.07367   1.12164043E-002
    701.29240   1.12034561E-002
    701.51113   1.11905378E-002
    701.72986   1.11776493E-002
    701.94859   1.11647905E-002
    702.16732   1.11519614E-002
    702.38605   1.11391617E-002
    702.60478   1.11263915E-002
    702.82351   1.11136506E-002
    703.04224   1.11009389E-002
    703.26097   1.10882563E-002
    703.47970   1.10756027E-002
    703.69844   1.10629780E-002
    703.91717   1.10503822E-002
    704.13590   1.10378150E-002
    704.35463   1.10252765E-002
    704.57336   1.10127664E-002
    704.79209   1.10002848E-002
    705.01082   1.09878315E-002
    705.22955   1.09754064E-002
    705.44828   1.09630094E-002
    705.66701   1.09506405E-002
    705.88574   1.09382994E-002
    706.10447   1.09259862E-002
    706.32320   1.09137008E-002
    706.54193   1.09014430E-002
    706.76066   1.08892127E-002
    706.97940   1.08770099E-002
    707.19813   1.08648344E-002
    707.41686   1.08526862E-002
    707.63559   1.08405652E-002
    707.85432   1.08284712E-002
    708.07305   1.08164042E-002
    708.29178   1.08043641E-002
    708.51051   1.07923509E-002
    708.72924   1.07803643E-002
    708.94797   1.07684043E-002
    709.16670   1.07564709E-002
    709.38543   1.07445638E-002
    709.60416   1.07326832E-002
    709.82289   1.07208287E-002
    710.04162   1.07090005E-002
    710.26035   1.06971983E-002
    710.47909   1.06854221E-002
    710.69782   1.06736718E-002
    710.91655   1.06619473E-002
    711.13528   1.06502485E-002
    711.35401   1.06385753E-002
    711.57274   1.06269277E-002
    711.79147   1.06153056E-002
    712.01020   1.06037088E-002
    712.22893   1.05921373E-002
    712.44766   1.05805910E-002
    712.66639   1.05690697E-002
    712.88512   1.05575736E-002
    713.10385   1.05461023E-002
    713.32258   1.05346559E-002
    713.54131   1.05232343E-002
    713.76004   1.05118374E-002
    713.97878   1.05004651E-002
    714.19751   1.04891172E-002
    714.41624   1.04777939E-002
    714.63497   1.04664948E-002
    714.85370   1.04552201E-002
    715.07243   1.04439695E-002
    715.29116   1.04327430E-002
    715.50989   1.04215406E-002
    715.72862   1.04103621E-002
    715.94735   1.03992074E-002
    716.16608   1.03880766E-002
    716.38481   1.03769694E-002
    716.60354   1.03658858E-002
    716.82227   1.03548258E-002
    717.04100   1.03437893E-002
    717.25973   1.03327761E-002
    717.47847   1.03217862E-002
    717.69720   1.03108196E-002
    717.91593   1.02998760E-002
    718.13466   1.02889556E-002
    718.35339   1.02780581E-002
    718.57212   1.02671836E-002
    718.79085   1.02563318E-002
    719.00958   1.02455029E-002
    719.22831   1.02346966E-002
    719.44704   1.02239129E-002
    719.66577   1.02131517E-002
    719.88450   1.02024130E-002
    720.10323   1.01916967E-002
    720.32196   1.01810026E-002
    720.54069   1.01703308E-002
